20030408 000000,1.781900,1.781900,1.781600,1.781900,0
20030408 000100,1.781800,1.782100,1.781800,1.782100,0
20030408 000200,1.782200,1.782300,1.782200,1.782300,0
20030408 000300,1.782400,1.782600,1.782400,1.782500,0
20030408 000400,1.782400,1.782600,1.782200,1.782600,0
20030408 000500,1.782700,1.782800,1.782400,1.782600,0
20030408 000600,1.782500,1.782500,1.782100,1.782200,0
20030408 000700,1.782100,1.782600,1.782100,1.782600,0
20030408 000800,1.782500,1.782500,1.782300,1.782300,0
20030408 000900,1.782400,1.782500,1.782300,1.782500,0
20030408 001000,1.782600,1.782800,1.782600,1.782800,0
20030408 001100,1.782900,1.783300,1.782900,1.783200,0
20030408 001200,1.783100,1.783600,1.783000,1.783200,0
20030408 001300,1.783100,1.783100,1.782400,1.782500,0
20030408 001400,1.782600,1.782700,1.782600,1.782700,0
20030408 001700,1.782800,1.782900,1.782800,1.782900,0
20030408 001800,1.783000,1.783200,1.783000,1.783100,0
20030408 001900,1.783000,1.783100,1.782900,1.783100,0
20030408 002000,1.783000,1.783000,1.782700,1.782900,0
20030408 002100,1.782800,1.782800,1.782700,1.782800,0
20030408 002200,1.782900,1.783100,1.782900,1.783100,0
20030408 002400,1.783000,1.783100,1.782900,1.783000,0
20030408 002500,1.783100,1.783200,1.783100,1.783200,0
20030408 002800,1.783000,1.783000,1.782900,1.782900,0
20030408 003000,1.783000,1.783300,1.782900,1.783200,0
20030408 003100,1.783300,1.783400,1.783100,1.783200,0
20030408 003200,1.783100,1.783300,1.782900,1.783200,0
20030408 003300,1.783100,1.783300,1.783100,1.783200,0
20030408 003700,1.783300,1.783300,1.783200,1.783200,0
20030408 003800,1.783100,1.783200,1.783100,1.783100,0
20030408 003900,1.783200,1.783200,1.783100,1.783100,0
20030408 004000,1.783200,1.783200,1.783200,1.783200,0
20030408 004100,1.783300,1.784100,1.783200,1.783800,0
20030408 004200,1.783700,1.784100,1.783500,1.783600,0
20030408 004300,1.783700,1.783800,1.783500,1.783500,0
20030408 004400,1.783400,1.783500,1.783100,1.783100,0
20030408 004500,1.783000,1.783200,1.783000,1.783200,0
20030408 004600,1.783100,1.783100,1.783100,1.783100,0
20030408 004700,1.783300,1.783300,1.783200,1.783200,0
20030408 004800,1.783300,1.783300,1.783300,1.783300,0
20030408 005000,1.783400,1.783400,1.783300,1.783300,0
20030408 005100,1.783200,1.783300,1.783200,1.783300,0
20030408 005200,1.783200,1.783600,1.783200,1.783500,0
20030408 005300,1.783400,1.783800,1.783400,1.783700,0
20030408 005400,1.783600,1.783900,1.783600,1.783800,0
20030408 005600,1.783900,1.784100,1.783800,1.783900,0
20030408 005700,1.784000,1.784000,1.783900,1.783900,0
20030408 005800,1.784000,1.784000,1.783900,1.783900,0
20030408 005900,1.783800,1.783900,1.783800,1.783900,0
20030408 010000,1.783800,1.784000,1.783800,1.784000,0
20030408 010100,1.783900,1.784000,1.783900,1.784000,0
20030408 010300,1.784100,1.784100,1.783900,1.784000,0
20030408 010400,1.784100,1.784200,1.784100,1.784200,0
20030408 010500,1.784300,1.784700,1.784300,1.784500,0
20030408 010700,1.784600,1.784900,1.784500,1.784900,0
20030408 010800,1.785000,1.785300,1.784600,1.784900,0
20030408 010900,1.785000,1.785800,1.785000,1.785300,0
20030408 011000,1.785200,1.785300,1.784600,1.784600,0
20030408 011100,1.784700,1.784900,1.784500,1.784900,0
20030408 011200,1.785000,1.785500,1.785000,1.785200,0
20030408 011300,1.785300,1.785400,1.785000,1.785000,0
20030408 011400,1.785100,1.785200,1.784600,1.784700,0
20030408 011500,1.784800,1.784900,1.784700,1.784800,0
20030408 011600,1.784900,1.785200,1.784800,1.784900,0
20030408 011700,1.784800,1.784900,1.784700,1.784900,0
20030408 011800,1.785000,1.785100,1.784800,1.785100,0
20030408 011900,1.785000,1.785200,1.784800,1.784800,0
20030408 012000,1.785000,1.785600,1.784900,1.785300,0
20030408 012100,1.785200,1.785800,1.785100,1.785500,0
20030408 012200,1.785400,1.786100,1.785300,1.785700,0
20030408 012300,1.785800,1.786600,1.785700,1.786000,0
20030408 012400,1.786200,1.786200,1.785700,1.786000,0
20030408 012500,1.786100,1.786200,1.785300,1.785300,0
20030408 012600,1.785500,1.785600,1.785200,1.785300,0
20030408 012700,1.785200,1.785500,1.785000,1.785500,0
20030408 012800,1.785600,1.785900,1.785400,1.785900,0
20030408 012900,1.785800,1.785900,1.785600,1.785800,0
20030408 013000,1.785600,1.785800,1.785600,1.785800,0
20030408 013200,1.785700,1.785700,1.785500,1.785700,0
20030408 013300,1.785400,1.785600,1.785300,1.785600,0
20030408 013400,1.785500,1.785600,1.785400,1.785600,0
20030408 013500,1.785500,1.785600,1.785400,1.785500,0
20030408 013600,1.785400,1.785700,1.785400,1.785600,0
20030408 013700,1.785700,1.786300,1.785700,1.786000,0
20030408 013800,1.785800,1.786300,1.785700,1.786000,0
20030408 013900,1.785900,1.787100,1.785900,1.787000,0
20030408 014000,1.787200,1.787700,1.787000,1.787300,0
20030408 014100,1.787400,1.787900,1.787300,1.787500,0
20030408 014200,1.787600,1.789200,1.787200,1.789200,0
20030408 014300,1.789100,1.789100,1.788000,1.788000,0
20030408 014400,1.787900,1.788400,1.787800,1.788300,0
20030408 014500,1.788200,1.788200,1.787500,1.787500,0
20030408 014600,1.787600,1.787700,1.787300,1.787600,0
20030408 014700,1.787500,1.787600,1.787000,1.787300,0
20030408 014800,1.787200,1.787700,1.787100,1.787400,0
20030408 014900,1.787500,1.787700,1.786700,1.786700,0
20030408 015000,1.786600,1.786700,1.786300,1.786400,0
20030408 015100,1.786600,1.786700,1.786300,1.786600,0
20030408 015200,1.786500,1.787100,1.786500,1.787100,0
20030408 015300,1.787000,1.787200,1.786800,1.787200,0
20030408 015400,1.787000,1.787400,1.787000,1.787400,0
20030408 015500,1.787300,1.787600,1.787100,1.787200,0
20030408 015600,1.787300,1.787300,1.786500,1.786500,0
20030408 015700,1.786600,1.787000,1.786100,1.786200,0
20030408 015800,1.786400,1.786400,1.785300,1.785600,0
20030408 015900,1.785500,1.785900,1.785500,1.785600,0
20030408 020000,1.785500,1.786000,1.785200,1.786000,0
20030408 020100,1.786100,1.786700,1.786100,1.786700,0
20030408 020200,1.786600,1.787000,1.786500,1.786500,0
20030408 020300,1.786400,1.786500,1.785900,1.786000,0
20030408 020400,1.785900,1.786100,1.785800,1.786000,0
20030408 020500,1.785900,1.786900,1.785700,1.786700,0
20030408 020600,1.786600,1.786700,1.786400,1.786700,0
20030408 020700,1.786600,1.786700,1.786100,1.786100,0
20030408 020800,1.786200,1.786500,1.786100,1.786200,0
20030408 020900,1.786300,1.786400,1.786000,1.786200,0
20030408 021000,1.786100,1.786100,1.785700,1.785900,0
20030408 021100,1.786000,1.786200,1.785800,1.785800,0
20030408 021200,1.785900,1.786100,1.785800,1.785900,0
20030408 021300,1.785800,1.785900,1.785300,1.785300,0
20030408 021400,1.785400,1.785800,1.785300,1.785800,0
20030408 021500,1.785700,1.786000,1.785700,1.785800,0
20030408 021600,1.785700,1.786000,1.785700,1.786000,0
20030408 021700,1.785900,1.786100,1.785900,1.786000,0
20030408 021800,1.785900,1.786200,1.785900,1.786000,0
20030408 021900,1.786200,1.786300,1.785900,1.786200,0
20030408 022000,1.786100,1.786300,1.785900,1.786000,0
20030408 022100,1.785900,1.786100,1.785300,1.785300,0
20030408 022200,1.785200,1.785400,1.785100,1.785300,0
20030408 022300,1.785400,1.786000,1.785400,1.785900,0
20030408 022400,1.785800,1.786100,1.785600,1.785900,0
20030408 022500,1.786000,1.786200,1.785900,1.786200,0
20030408 022600,1.786300,1.786300,1.786000,1.786100,0
20030408 022700,1.786000,1.786100,1.785500,1.785600,0
20030408 022800,1.785700,1.786600,1.785500,1.786100,0
20030408 022900,1.786200,1.786400,1.785700,1.785700,0
20030408 023000,1.785800,1.786100,1.785700,1.786100,0
20030408 023100,1.786000,1.786000,1.785500,1.785600,0
20030408 023200,1.785500,1.785600,1.784900,1.785600,0
20030408 023300,1.785400,1.785700,1.784800,1.785400,0
20030408 023400,1.785500,1.785600,1.785100,1.785200,0
20030408 023500,1.785100,1.785200,1.784800,1.785100,0
20030408 023600,1.785000,1.785000,1.784300,1.784300,0
20030408 023700,1.784400,1.784900,1.784300,1.784900,0
20030408 023800,1.785000,1.785000,1.784400,1.784700,0
20030408 023900,1.784900,1.785000,1.784500,1.784900,0
20030408 024000,1.785000,1.785200,1.784900,1.785200,0
20030408 024100,1.785300,1.785300,1.785100,1.785200,0
20030408 024200,1.785300,1.786100,1.785300,1.785700,0
20030408 024300,1.785800,1.786200,1.785800,1.786200,0
20030408 024400,1.786100,1.786100,1.785700,1.785800,0
20030408 024500,1.785900,1.786800,1.785900,1.786800,0
20030408 024600,1.786700,1.786700,1.786100,1.786100,0
20030408 024700,1.786200,1.786400,1.785900,1.786100,0
20030408 024800,1.786200,1.786600,1.786100,1.786400,0
20030408 024900,1.786500,1.786600,1.785300,1.785300,0
20030408 025000,1.785400,1.785900,1.785400,1.785800,0
20030408 025100,1.785700,1.786400,1.785600,1.785800,0
20030408 025200,1.785900,1.785900,1.785000,1.785000,0
20030408 025300,1.784900,1.785600,1.784900,1.785600,0
20030408 025400,1.785700,1.786200,1.785600,1.786100,0
20030408 025500,1.786000,1.786200,1.785700,1.785700,0
20030408 025600,1.785800,1.785800,1.785600,1.785700,0
20030408 025700,1.785800,1.786000,1.785700,1.785900,0
20030408 025800,1.785800,1.787000,1.785800,1.787000,0
20030408 025900,1.787100,1.787700,1.787100,1.787400,0
20030408 030000,1.787500,1.787500,1.786800,1.786800,0
20030408 030100,1.786900,1.787000,1.786700,1.786800,0
20030408 030200,1.786900,1.786900,1.786100,1.786400,0
20030408 030300,1.786300,1.786800,1.786000,1.786800,0
20030408 030400,1.786600,1.786800,1.786600,1.786700,0
20030408 030500,1.786600,1.787200,1.786600,1.787100,0
20030408 030600,1.787000,1.787100,1.786900,1.786900,0
20030408 030700,1.786800,1.786800,1.786200,1.786600,0
20030408 030800,1.786700,1.787300,1.786600,1.787000,0
20030408 030900,1.786900,1.787600,1.786800,1.787600,0
20030408 031000,1.787700,1.787800,1.787300,1.787300,0
20030408 031100,1.787200,1.787200,1.787100,1.787200,0
20030408 031200,1.787300,1.787300,1.787200,1.787300,0
20030408 031300,1.787400,1.787400,1.786400,1.786400,0
20030408 031400,1.786300,1.786300,1.785500,1.785800,0
20030408 031500,1.785900,1.786000,1.785600,1.785700,0
20030408 031600,1.785800,1.786000,1.785700,1.785700,0
20030408 031700,1.785600,1.785900,1.785300,1.785800,0
20030408 031800,1.785700,1.785700,1.785300,1.785600,0
20030408 031900,1.785500,1.785600,1.785200,1.785400,0
20030408 032000,1.785500,1.785700,1.785500,1.785700,0
20030408 032100,1.785600,1.785700,1.785600,1.785700,0
20030408 032200,1.785800,1.785900,1.785800,1.785800,0
20030408 032300,1.785900,1.785900,1.785400,1.785500,0
20030408 032400,1.785400,1.785600,1.785400,1.785500,0
20030408 032500,1.785400,1.786000,1.785200,1.785900,0
20030408 032600,1.785800,1.786400,1.785700,1.786400,0
20030408 032700,1.786500,1.786700,1.786200,1.786500,0
20030408 032800,1.786400,1.786600,1.786200,1.786400,0
20030408 032900,1.786300,1.786300,1.786200,1.786200,0
20030408 033000,1.786300,1.786400,1.786200,1.786400,0
20030408 033100,1.786300,1.786300,1.786100,1.786100,0
20030408 033200,1.786200,1.786200,1.785700,1.785800,0
20030408 033300,1.785700,1.785800,1.785300,1.785300,0
20030408 033400,1.785200,1.785700,1.784900,1.785000,0
20030408 033500,1.784900,1.785300,1.784900,1.785200,0
20030408 033600,1.785100,1.785100,1.784900,1.785000,0
20030408 033700,1.785100,1.785300,1.785000,1.785300,0
20030408 033800,1.785400,1.785400,1.785200,1.785200,0
20030408 033900,1.785100,1.785200,1.784800,1.785100,0
20030408 034000,1.785200,1.785200,1.784900,1.785000,0
20030408 034100,1.785100,1.785200,1.785000,1.785100,0
20030408 034200,1.785200,1.785200,1.785100,1.785100,0
20030408 034300,1.785200,1.785500,1.785200,1.785400,0
20030408 034400,1.785300,1.785700,1.785300,1.785300,0
20030408 034500,1.785200,1.785400,1.785200,1.785300,0
20030408 034600,1.785400,1.785800,1.785400,1.785600,0
20030408 034700,1.785800,1.786000,1.785700,1.786000,0
20030408 034900,1.785900,1.785900,1.785800,1.785800,0
20030408 035000,1.785700,1.785900,1.785700,1.785800,0
20030408 035100,1.785700,1.785800,1.785700,1.785800,0
20030408 035200,1.785700,1.786100,1.785700,1.785900,0
20030408 035300,1.786100,1.786300,1.785900,1.786300,0
20030408 035400,1.786400,1.786400,1.785600,1.785700,0
20030408 035500,1.785600,1.785700,1.785300,1.785600,0
20030408 035600,1.785700,1.785800,1.785300,1.785400,0
20030408 035700,1.785300,1.785900,1.785200,1.785600,0
20030408 035800,1.785500,1.785600,1.785300,1.785300,0
20030408 035900,1.785200,1.785200,1.784200,1.784200,0
20030408 040000,1.784300,1.784700,1.784200,1.784600,0
20030408 040100,1.784700,1.784700,1.784500,1.784700,0
20030408 040200,1.784800,1.784900,1.784700,1.784700,0
20030408 040300,1.784800,1.785200,1.784700,1.784900,0
20030408 040400,1.785000,1.785100,1.784900,1.785100,0
20030408 040500,1.785000,1.785500,1.785000,1.785200,0
20030408 040600,1.785300,1.785500,1.785000,1.785000,0
20030408 040700,1.784900,1.785000,1.784500,1.784700,0
20030408 040800,1.784800,1.784900,1.784600,1.784600,0
20030408 040900,1.784700,1.784900,1.784500,1.784700,0
20030408 041000,1.784600,1.785000,1.784600,1.785000,0
20030408 041100,1.784800,1.785000,1.784700,1.784700,0
20030408 041200,1.784900,1.785300,1.784900,1.785200,0
20030408 041300,1.785300,1.785700,1.785300,1.785500,0
20030408 041400,1.785400,1.785500,1.785100,1.785200,0
20030408 041500,1.785100,1.785200,1.784900,1.784900,0
20030408 041600,1.785000,1.785400,1.784900,1.785300,0
20030408 041700,1.785200,1.785400,1.785000,1.785300,0
20030408 041800,1.785400,1.785500,1.785300,1.785400,0
20030408 041900,1.785300,1.785700,1.785300,1.785600,0
20030408 042000,1.785700,1.786100,1.785600,1.786000,0
20030408 042100,1.785900,1.786200,1.785700,1.786100,0
20030408 042200,1.786000,1.786400,1.785900,1.786300,0
20030408 042300,1.786400,1.786700,1.786400,1.786700,0
20030408 042400,1.786600,1.787100,1.786500,1.786900,0
20030408 042500,1.786800,1.786900,1.786400,1.786400,0
20030408 042600,1.786600,1.786600,1.786200,1.786500,0
20030408 042700,1.786400,1.786700,1.786300,1.786500,0
20030408 042800,1.786400,1.786500,1.786400,1.786400,0
20030408 042900,1.786500,1.786700,1.786500,1.786600,0
20030408 043000,1.786500,1.786900,1.786400,1.786900,0
20030408 043100,1.787000,1.787400,1.787000,1.787400,0
20030408 043200,1.787600,1.787600,1.787400,1.787500,0
20030408 043300,1.787600,1.787700,1.787200,1.787200,0
20030408 043400,1.787400,1.787400,1.787000,1.787200,0
20030408 043500,1.787100,1.787500,1.787000,1.787500,0
20030408 043600,1.787400,1.788200,1.787400,1.788200,0
20030408 043700,1.788300,1.788300,1.787900,1.788200,0
20030408 043800,1.788300,1.788300,1.788000,1.788000,0
20030408 043900,1.788100,1.788700,1.788100,1.788700,0
20030408 044000,1.788600,1.789000,1.788500,1.789000,0
20030408 044100,1.789100,1.789400,1.788900,1.789300,0
20030408 044200,1.789400,1.789400,1.788900,1.789000,0
20030408 044300,1.789100,1.789200,1.788800,1.789000,0
20030408 044400,1.789100,1.789500,1.788800,1.789500,0
20030408 044500,1.789600,1.789700,1.789300,1.789300,0
20030408 044600,1.789400,1.789500,1.789000,1.789500,0
20030408 044700,1.789600,1.790700,1.789300,1.790700,0
20030408 044800,1.790600,1.790600,1.789700,1.789900,0
20030408 044900,1.790000,1.790400,1.789600,1.789700,0
20030408 045000,1.789800,1.790400,1.789700,1.790300,0
20030408 045100,1.790200,1.790800,1.789900,1.789900,0
20030408 045200,1.790000,1.790500,1.789900,1.790300,0
20030408 045300,1.790200,1.790900,1.790000,1.790100,0
20030408 045400,1.790200,1.790400,1.790000,1.790000,0
20030408 045500,1.789900,1.789900,1.789300,1.789400,0
20030408 045600,1.789300,1.789400,1.789000,1.789000,0
20030408 045700,1.788900,1.789000,1.788700,1.788700,0
20030408 045800,1.788800,1.788800,1.788300,1.788500,0
20030408 045900,1.788600,1.788800,1.788100,1.788700,0
20030408 050100,1.788600,1.788600,1.788500,1.788600,0
20030408 050200,1.788700,1.788900,1.788100,1.788100,0
20030408 050300,1.788200,1.788200,1.788000,1.788100,0
20030408 050400,1.788300,1.788300,1.788200,1.788200,0
20030408 050500,1.788100,1.788100,1.787900,1.788000,0
20030408 050600,1.787800,1.788000,1.787800,1.788000,0
20030408 050700,1.788100,1.788100,1.788100,1.788100,0
20030408 050800,1.787800,1.787900,1.787600,1.787800,0
20030408 050900,1.787700,1.787800,1.787500,1.787700,0
20030408 051000,1.787800,1.787900,1.787600,1.787700,0
20030408 051100,1.787800,1.787800,1.787500,1.787700,0
20030408 051200,1.787800,1.787800,1.787400,1.787400,0
20030408 051300,1.787300,1.787400,1.787200,1.787200,0
20030408 051400,1.787100,1.787400,1.786900,1.786900,0
20030408 051600,1.786800,1.786900,1.786700,1.786900,0
20030408 051700,1.786800,1.786900,1.786700,1.786700,0
20030408 051800,1.786800,1.786900,1.786700,1.786900,0
20030408 052000,1.786800,1.786800,1.786700,1.786700,0
20030408 052100,1.786600,1.786700,1.786600,1.786700,0
20030408 052200,1.786600,1.786800,1.786600,1.786700,0
20030408 052300,1.786600,1.787100,1.786400,1.786500,0
20030408 052400,1.786400,1.786400,1.786100,1.786200,0
20030408 052500,1.786100,1.786300,1.786000,1.786300,0
20030408 052600,1.786200,1.786300,1.786100,1.786300,0
20030408 052700,1.786400,1.786500,1.786400,1.786400,0
20030408 052800,1.786300,1.786600,1.786300,1.786500,0
20030408 052900,1.786400,1.786400,1.786100,1.786100,0
20030408 053000,1.786200,1.786300,1.786100,1.786300,0
20030408 053100,1.786400,1.786600,1.786300,1.786400,0
20030408 053200,1.786500,1.786700,1.786500,1.786700,0
20030408 053300,1.786600,1.786700,1.786600,1.786600,0
20030408 053400,1.786700,1.786900,1.786700,1.786800,0
20030408 053500,1.786900,1.787100,1.786800,1.786900,0
20030408 053600,1.786800,1.787300,1.786800,1.787100,0
20030408 053700,1.787000,1.787100,1.786800,1.787100,0
20030408 053800,1.787000,1.787200,1.786900,1.787200,0
20030408 053900,1.787100,1.787100,1.787100,1.787100,0
20030408 054000,1.787000,1.787100,1.786600,1.786700,0
20030408 054100,1.786600,1.786700,1.785900,1.785900,0
20030408 054200,1.786100,1.786100,1.785800,1.786000,0
20030408 054300,1.785800,1.786100,1.785700,1.786000,0
20030408 054400,1.785900,1.785900,1.785300,1.785400,0
20030408 054500,1.785300,1.785400,1.785200,1.785200,0
20030408 054600,1.785100,1.785400,1.785100,1.785400,0
20030408 054700,1.785500,1.785700,1.785500,1.785600,0
20030408 054800,1.785500,1.785600,1.785500,1.785600,0
20030408 054900,1.785500,1.785600,1.785400,1.785400,0
20030408 055000,1.785500,1.785500,1.785100,1.785200,0
20030408 055100,1.785300,1.785300,1.785000,1.785200,0
20030408 055200,1.785100,1.785200,1.784900,1.785100,0
20030408 055300,1.785000,1.785100,1.784400,1.784600,0
20030408 055400,1.784700,1.784900,1.784400,1.784400,0
20030408 055500,1.784500,1.784700,1.784500,1.784600,0
20030408 055600,1.784500,1.784600,1.784100,1.784500,0
20030408 055700,1.784400,1.784500,1.783500,1.783700,0
20030408 055800,1.783800,1.784200,1.783500,1.784100,0
20030408 055900,1.784200,1.784300,1.784000,1.784300,0
20030408 060000,1.784500,1.784600,1.784400,1.784500,0
20030408 060100,1.784400,1.784600,1.784300,1.784500,0
20030408 060200,1.784400,1.784400,1.784200,1.784200,0
20030408 060300,1.784100,1.784200,1.783800,1.783900,0
20030408 060400,1.784000,1.784100,1.784000,1.784100,0
20030408 060500,1.784200,1.784600,1.783400,1.783400,0
20030408 060600,1.783500,1.783900,1.783500,1.783900,0
20030408 060700,1.783800,1.784000,1.783800,1.783800,0
20030408 060800,1.783900,1.784000,1.783800,1.784000,0
20030408 060900,1.784100,1.784100,1.783600,1.783700,0
20030408 061000,1.783600,1.784200,1.783600,1.784100,0
20030408 061100,1.784000,1.784100,1.783900,1.783900,0
20030408 061200,1.784000,1.784100,1.783700,1.783700,0
20030408 061300,1.783800,1.783800,1.783600,1.783600,0
20030408 061400,1.783500,1.783700,1.782900,1.783500,0
20030408 061500,1.783400,1.783600,1.783200,1.783400,0
20030408 061600,1.783500,1.783500,1.783400,1.783400,0
20030408 061700,1.783300,1.783700,1.783300,1.783700,0
20030408 061800,1.783600,1.784400,1.783600,1.784300,0
20030408 061900,1.784200,1.784200,1.783700,1.783700,0
20030408 062000,1.783600,1.783800,1.783600,1.783800,0
20030408 062100,1.783900,1.783900,1.783900,1.783900,0
20030408 062200,1.784000,1.784100,1.784000,1.784100,0
20030408 062300,1.784000,1.784200,1.784000,1.784200,0
20030408 062400,1.784400,1.784500,1.784200,1.784400,0
20030408 062500,1.784500,1.784700,1.784400,1.784600,0
20030408 062600,1.784500,1.784600,1.784400,1.784600,0
20030408 062700,1.784500,1.784500,1.784200,1.784200,0
20030408 062800,1.784100,1.784700,1.784100,1.784600,0
20030408 062900,1.784500,1.784500,1.783800,1.783800,0
20030408 063000,1.784000,1.784100,1.783700,1.783700,0
20030408 063100,1.783600,1.783600,1.783200,1.783500,0
20030408 063200,1.783600,1.783800,1.783500,1.783700,0
20030408 063300,1.783500,1.783600,1.783500,1.783600,0
20030408 063400,1.783500,1.784000,1.783500,1.784000,0
20030408 063500,1.784100,1.784100,1.784000,1.784100,0
20030408 063600,1.784000,1.784000,1.783600,1.783600,0
20030408 063700,1.783500,1.783500,1.783400,1.783400,0
20030408 063900,1.783500,1.783500,1.783500,1.783500,0
20030408 064000,1.783400,1.783400,1.783300,1.783400,0
20030408 064100,1.783500,1.783900,1.783500,1.783900,0
20030408 064200,1.783800,1.783900,1.783800,1.783900,0
20030408 064300,1.783800,1.784200,1.783600,1.783600,0
20030408 064400,1.783700,1.783700,1.783100,1.783200,0
20030408 064500,1.783100,1.783100,1.782100,1.782500,0
20030408 064600,1.782400,1.782500,1.781500,1.781500,0
20030408 064700,1.781600,1.782000,1.781400,1.781800,0
20030408 064800,1.781900,1.782200,1.781000,1.781600,0
20030408 064900,1.781500,1.781600,1.781000,1.781000,0
20030408 065000,1.781100,1.781100,1.780100,1.780200,0
20030408 065100,1.780100,1.780200,1.779300,1.779300,0
20030408 065200,1.779100,1.779100,1.777200,1.778500,0
20030408 065300,1.778300,1.778700,1.778100,1.778100,0
20030408 065400,1.778300,1.778400,1.778000,1.778200,0
20030408 065500,1.778300,1.779500,1.778300,1.779500,0
20030408 065600,1.779400,1.781000,1.779400,1.780100,0
20030408 065700,1.780000,1.780000,1.778900,1.779000,0
20030408 065800,1.779100,1.779400,1.778800,1.778800,0
20030408 065900,1.779000,1.779000,1.778500,1.778800,0
20030408 070000,1.778900,1.779200,1.778700,1.778900,0
20030408 070100,1.779000,1.779300,1.778700,1.778800,0
20030408 070200,1.778700,1.778800,1.778700,1.778700,0
20030408 070300,1.778600,1.778900,1.778600,1.778900,0
20030408 070400,1.779000,1.779200,1.779000,1.779000,0
20030408 070500,1.779100,1.779200,1.778900,1.779000,0
20030408 070600,1.778900,1.779200,1.778900,1.779200,0
20030408 070700,1.779100,1.779200,1.778800,1.778900,0
20030408 070800,1.779000,1.779000,1.778700,1.778800,0
20030408 070900,1.778700,1.778800,1.778000,1.778300,0
20030408 071000,1.778400,1.778700,1.778400,1.778600,0
20030408 071100,1.778700,1.778800,1.778500,1.778500,0
20030408 071200,1.778600,1.779400,1.778600,1.779000,0
20030408 071300,1.778900,1.778900,1.778900,1.778900,0
20030408 071400,1.778800,1.779200,1.778800,1.779200,0
20030408 071500,1.779100,1.779100,1.778700,1.778800,0
20030408 071600,1.778900,1.779300,1.778900,1.779200,0
20030408 071700,1.779300,1.779500,1.779200,1.779500,0
20030408 071800,1.779300,1.779300,1.778600,1.778700,0
20030408 071900,1.778800,1.778800,1.778600,1.778600,0
20030408 072000,1.778500,1.778700,1.777900,1.777900,0
20030408 072100,1.778000,1.778500,1.778000,1.778400,0
20030408 072200,1.778500,1.778800,1.778500,1.778700,0
20030408 072300,1.778800,1.778800,1.778500,1.778700,0
20030408 072400,1.778500,1.778700,1.778400,1.778500,0
20030408 072500,1.778600,1.778600,1.778500,1.778500,0
20030408 072600,1.778600,1.778800,1.778600,1.778800,0
20030408 072700,1.778700,1.778800,1.778700,1.778700,0
20030408 072800,1.778800,1.778800,1.778500,1.778500,0
20030408 072900,1.778400,1.778400,1.778100,1.778400,0
20030408 073000,1.778300,1.778400,1.778000,1.778000,0
20030408 073100,1.778100,1.778300,1.778100,1.778100,0
20030408 073200,1.778200,1.778200,1.778100,1.778100,0
20030408 073300,1.778300,1.778300,1.778200,1.778300,0
20030408 073400,1.778200,1.778400,1.778000,1.778100,0
20030408 073500,1.778200,1.778500,1.778000,1.778000,0
20030408 073600,1.778100,1.778400,1.778000,1.778400,0
20030408 073700,1.778600,1.778600,1.777900,1.778000,0
20030408 073800,1.778100,1.778400,1.778000,1.778300,0
20030408 073900,1.778400,1.778900,1.778400,1.778900,0
20030408 074000,1.778800,1.779000,1.778800,1.778800,0
20030408 074100,1.778700,1.779000,1.778500,1.778700,0
20030408 074200,1.778800,1.778800,1.778700,1.778800,0
20030408 074300,1.778700,1.778700,1.778600,1.778600,0
20030408 074400,1.778800,1.778800,1.778800,1.778800,0
20030408 074500,1.778700,1.778800,1.778600,1.778700,0
20030408 074600,1.778600,1.778700,1.778400,1.778600,0
20030408 074700,1.778800,1.778800,1.778400,1.778700,0
20030408 074800,1.778800,1.778800,1.778700,1.778700,0
20030408 074900,1.778600,1.778800,1.778600,1.778800,0
20030408 075000,1.778700,1.778800,1.778700,1.778800,0
20030408 075100,1.778700,1.779000,1.778700,1.778900,0
20030408 075200,1.778800,1.778800,1.778200,1.778200,0
20030408 075300,1.778100,1.778200,1.777500,1.778000,0
20030408 075400,1.777900,1.778100,1.777600,1.777600,0
20030408 075500,1.777700,1.777900,1.777600,1.777600,0
20030408 075600,1.777500,1.777800,1.777300,1.777600,0
20030408 075700,1.777500,1.778100,1.777400,1.777900,0
20030408 075800,1.778000,1.778400,1.777900,1.778400,0
20030408 075900,1.778200,1.778400,1.777500,1.778100,0
20030408 080000,1.778000,1.778500,1.778000,1.778300,0
20030408 080100,1.778400,1.778900,1.777900,1.778100,0
20030408 080200,1.778000,1.778300,1.777600,1.778300,0
20030408 080300,1.778200,1.778500,1.778100,1.778200,0
20030408 080400,1.778300,1.778800,1.778300,1.778700,0
20030408 080500,1.778700,1.778900,1.778400,1.778800,0
20030408 080600,1.778700,1.778900,1.778700,1.778800,0
20030408 080700,1.778900,1.779000,1.778800,1.779000,0
20030408 080800,1.779100,1.779100,1.778200,1.778200,0
20030408 080900,1.778300,1.778600,1.778100,1.778300,0
20030408 081000,1.778400,1.778600,1.778400,1.778600,0
20030408 081100,1.778500,1.778500,1.777700,1.777700,0
20030408 081200,1.777800,1.778300,1.777800,1.778100,0
20030408 081300,1.778000,1.778000,1.777600,1.777800,0
20030408 081400,1.778000,1.778000,1.777600,1.777800,0
20030408 081500,1.777900,1.778500,1.777900,1.778500,0
20030408 081600,1.778400,1.778700,1.778300,1.778300,0
20030408 081700,1.778400,1.778400,1.777800,1.777900,0
20030408 081800,1.777900,1.778000,1.777500,1.777500,0
20030408 081900,1.777400,1.777500,1.777000,1.777100,0
20030408 082000,1.777200,1.778000,1.777100,1.777900,0
20030408 082100,1.777800,1.778100,1.777800,1.778000,0
20030408 082200,1.777900,1.778100,1.777900,1.778100,0
20030408 082300,1.778200,1.778400,1.777900,1.777900,0
20030408 082400,1.777800,1.777900,1.777200,1.777500,0
20030408 082500,1.777600,1.778000,1.777400,1.777700,0
20030408 082600,1.777600,1.778000,1.777600,1.777800,0
20030408 082700,1.777700,1.777700,1.777100,1.777500,0
20030408 082800,1.777600,1.777900,1.777300,1.777600,0
20030408 082900,1.777500,1.777600,1.777400,1.777400,0
20030408 083000,1.777500,1.777600,1.777200,1.777500,0
20030408 083100,1.777600,1.777800,1.777100,1.777400,0
20030408 083200,1.777600,1.778200,1.777600,1.778100,0
20030408 083300,1.778200,1.778200,1.777900,1.777900,0
20030408 083400,1.778000,1.778100,1.777900,1.778100,0
20030408 083500,1.778200,1.778700,1.778200,1.778600,0
20030408 083600,1.778700,1.779400,1.778700,1.779300,0
20030408 083700,1.779400,1.779500,1.778800,1.779100,0
20030408 083800,1.779300,1.779700,1.779100,1.779700,0
20030408 083900,1.779800,1.780000,1.779400,1.780000,0
20030408 084000,1.779900,1.780100,1.779700,1.779800,0
20030408 084100,1.779900,1.780300,1.779700,1.780300,0
20030408 084200,1.780200,1.780400,1.780100,1.780400,0
20030408 084300,1.780300,1.780300,1.780000,1.780100,0
20030408 084400,1.780300,1.780300,1.780100,1.780100,0
20030408 084500,1.780200,1.780400,1.779800,1.779800,0
20030408 084600,1.779700,1.779900,1.779400,1.779800,0
20030408 084700,1.779700,1.779800,1.779600,1.779600,0
20030408 084800,1.779500,1.779800,1.779400,1.779600,0
20030408 084900,1.779700,1.780200,1.779700,1.780000,0
20030408 085000,1.779900,1.779900,1.779100,1.779200,0
20030408 085100,1.779000,1.779200,1.779000,1.779200,0
20030408 085200,1.779300,1.779400,1.779000,1.779000,0
20030408 085300,1.778900,1.779100,1.778600,1.779000,0
20030408 085400,1.779100,1.779200,1.778700,1.778700,0
20030408 085500,1.778600,1.778700,1.778200,1.778400,0
20030408 085600,1.778500,1.778700,1.778500,1.778700,0
20030408 085700,1.778800,1.779000,1.778600,1.778900,0
20030408 085800,1.778800,1.779100,1.778800,1.779000,0
20030408 085900,1.779100,1.779500,1.778700,1.779500,0
20030408 090000,1.779400,1.779600,1.779400,1.779600,0
20030408 090100,1.779700,1.780400,1.779700,1.780300,0
20030408 090200,1.780400,1.780500,1.780100,1.780200,0
20030408 090300,1.780300,1.781000,1.780300,1.781000,0
20030408 090400,1.781100,1.781200,1.780400,1.780900,0
20030408 090500,1.780800,1.781400,1.780700,1.781000,0
20030408 090600,1.780900,1.781000,1.780600,1.780700,0
20030408 090700,1.780600,1.781100,1.780500,1.781100,0
20030408 090800,1.781300,1.781500,1.781000,1.781400,0
20030408 090900,1.781500,1.781500,1.780800,1.780900,0
20030408 091000,1.781000,1.781500,1.780900,1.780900,0
20030408 091100,1.781000,1.781200,1.780800,1.780900,0
20030408 091200,1.781000,1.781000,1.780600,1.780700,0
20030408 091300,1.780800,1.780800,1.780400,1.780400,0
20030408 091400,1.780300,1.780300,1.779900,1.779900,0
20030408 091500,1.780100,1.780100,1.779900,1.779900,0
20030408 091600,1.780000,1.780000,1.779900,1.779900,0
20030408 091700,1.779700,1.780000,1.779300,1.779400,0
20030408 091800,1.779300,1.779800,1.779300,1.779800,0
20030408 091900,1.779700,1.780300,1.779600,1.780300,0
20030408 092000,1.780400,1.780400,1.780200,1.780200,0
20030408 092100,1.780300,1.780300,1.780100,1.780300,0
20030408 092200,1.780200,1.780300,1.780200,1.780200,0
20030408 092300,1.780300,1.780300,1.779900,1.780000,0
20030408 092400,1.779900,1.780100,1.779800,1.780000,0
20030408 092500,1.780100,1.781300,1.780000,1.780800,0
20030408 092600,1.780700,1.780800,1.780100,1.780300,0
20030408 092700,1.780400,1.780400,1.780300,1.780400,0
20030408 092800,1.780300,1.780900,1.780200,1.780800,0
20030408 092900,1.780700,1.782300,1.780600,1.782100,0
20030408 093000,1.782200,1.782700,1.782100,1.782400,0
20030408 093100,1.782500,1.783100,1.782200,1.782700,0
20030408 093200,1.782600,1.782600,1.782200,1.782400,0
20030408 093300,1.782300,1.782600,1.782100,1.782400,0
20030408 093400,1.782500,1.783300,1.782500,1.782900,0
20030408 093500,1.783000,1.783100,1.782600,1.782600,0
20030408 093600,1.782500,1.782500,1.782100,1.782100,0
20030408 093700,1.782200,1.782300,1.781700,1.781900,0
20030408 093800,1.781800,1.781900,1.780900,1.781100,0
20030408 093900,1.781200,1.781600,1.781200,1.781500,0
20030408 094000,1.781400,1.782100,1.781100,1.782100,0
20030408 094100,1.782200,1.782400,1.781600,1.781700,0
20030408 094200,1.781800,1.781800,1.781400,1.781600,0
20030408 094300,1.781500,1.782100,1.781300,1.782100,0
20030408 094400,1.782000,1.782000,1.781700,1.781700,0
20030408 094500,1.781600,1.781900,1.781300,1.781700,0
20030408 094600,1.781800,1.782300,1.781500,1.782300,0
20030408 094700,1.782200,1.782500,1.782000,1.782400,0
20030408 094800,1.782500,1.783200,1.782500,1.782900,0
20030408 094900,1.782800,1.783100,1.782700,1.782800,0
20030408 095000,1.782600,1.782800,1.782200,1.782300,0
20030408 095100,1.782400,1.782900,1.782400,1.782800,0
20030408 095200,1.782900,1.783300,1.782700,1.782800,0
20030408 095300,1.782700,1.784200,1.782700,1.784200,0
20030408 095400,1.784300,1.784400,1.783200,1.783200,0
20030408 095500,1.783100,1.784600,1.783100,1.784500,0
20030408 095600,1.784400,1.784600,1.783700,1.783700,0
20030408 095700,1.783900,1.784400,1.783900,1.784100,0
20030408 095800,1.784000,1.784400,1.783800,1.784000,0
20030408 095900,1.784100,1.784200,1.783400,1.783400,0
20030408 100000,1.783500,1.784400,1.783500,1.784400,0
20030408 100100,1.784300,1.784300,1.782900,1.783200,0
20030408 100200,1.783400,1.783500,1.783100,1.783100,0
20030408 100300,1.783000,1.783100,1.782400,1.782600,0
20030408 100400,1.782400,1.782600,1.782300,1.782500,0
20030408 100500,1.782300,1.782800,1.782300,1.782700,0
20030408 100600,1.782800,1.783200,1.782200,1.782300,0
20030408 100700,1.782200,1.782600,1.781700,1.782500,0
20030408 100800,1.782600,1.782700,1.782200,1.782400,0
20030408 100900,1.782100,1.782100,1.781700,1.781800,0
20030408 101000,1.781900,1.782600,1.781900,1.782600,0
20030408 101100,1.782500,1.782500,1.781700,1.781700,0
20030408 101200,1.781800,1.782000,1.781500,1.781500,0
20030408 101300,1.781400,1.781800,1.781300,1.781500,0
20030408 101400,1.781800,1.782200,1.781400,1.781700,0
20030408 101500,1.781600,1.781800,1.781600,1.781800,0
20030408 101600,1.781900,1.782100,1.781900,1.782100,0
20030408 101700,1.782000,1.782000,1.781100,1.781100,0
20030408 101800,1.781000,1.781100,1.780800,1.781000,0
20030408 101900,1.781100,1.781800,1.781100,1.781800,0
20030408 102000,1.781900,1.782500,1.781900,1.782000,0
20030408 102100,1.781900,1.782000,1.781300,1.781400,0
20030408 102200,1.781300,1.781300,1.780800,1.781000,0
20030408 102300,1.781100,1.781100,1.780500,1.780900,0
20030408 102400,1.781000,1.781700,1.780900,1.781600,0
20030408 102500,1.781700,1.781800,1.780800,1.780900,0
20030408 102600,1.781000,1.781200,1.780700,1.780700,0
20030408 102700,1.780800,1.781300,1.780600,1.781300,0
20030408 102800,1.781400,1.782100,1.781400,1.782100,0
20030408 102900,1.782000,1.782800,1.781900,1.782400,0
20030408 103000,1.782500,1.782900,1.782300,1.782900,0
20030408 103100,1.782800,1.783300,1.782700,1.782700,0
20030408 103200,1.782800,1.782800,1.782100,1.782400,0
20030408 103300,1.782500,1.782600,1.781700,1.781700,0
20030408 103400,1.781600,1.782200,1.781500,1.781800,0
20030408 103500,1.781700,1.781700,1.781000,1.781200,0
20030408 103600,1.781100,1.781800,1.781100,1.781800,0
20030408 103700,1.781900,1.782400,1.781900,1.782100,0
20030408 103800,1.781900,1.782200,1.781300,1.781800,0
20030408 103900,1.781700,1.782400,1.781700,1.781900,0
20030408 104000,1.781800,1.782200,1.781400,1.781400,0
20030408 104100,1.781500,1.781500,1.781100,1.781200,0
20030408 104200,1.781300,1.781700,1.781200,1.781500,0
20030408 104300,1.781600,1.782100,1.781400,1.781600,0
20030408 104400,1.781500,1.781500,1.780900,1.781200,0
20030408 104500,1.781300,1.781700,1.781200,1.781600,0
20030408 104600,1.781700,1.781700,1.780600,1.781100,0
20030408 104700,1.781200,1.781700,1.780900,1.781200,0
20030408 104800,1.781100,1.781800,1.780900,1.781700,0
20030408 104900,1.781600,1.781800,1.781300,1.781500,0
20030408 105000,1.781400,1.781500,1.780300,1.780400,0
20030408 105100,1.780500,1.780500,1.779600,1.780200,0
20030408 105200,1.780300,1.780800,1.780300,1.780600,0
20030408 105300,1.780400,1.781000,1.779500,1.781000,0
20030408 105400,1.780900,1.781000,1.779400,1.780600,0
20030408 105500,1.780500,1.780700,1.779600,1.780000,0
20030408 105600,1.780100,1.780300,1.779300,1.780000,0
20030408 105700,1.779900,1.780400,1.779200,1.780200,0
20030408 105800,1.780100,1.780500,1.779700,1.779900,0
20030408 105900,1.780000,1.780500,1.779700,1.780000,0
20030408 110000,1.779800,1.780500,1.779600,1.780400,0
20030408 110100,1.780300,1.780700,1.780200,1.780200,0
20030408 110200,1.780100,1.780700,1.779900,1.780700,0
20030408 110300,1.780600,1.781100,1.780600,1.780700,0
20030408 110400,1.780600,1.780800,1.780500,1.780700,0
20030408 110500,1.780800,1.780900,1.780600,1.780800,0
20030408 110600,1.780900,1.780900,1.780500,1.780700,0
20030408 110700,1.780800,1.781300,1.780600,1.781000,0
20030408 110800,1.780900,1.781000,1.780600,1.780900,0
20030408 110900,1.780800,1.780800,1.780200,1.780700,0
20030408 111000,1.780600,1.780700,1.780400,1.780700,0
20030408 111100,1.780800,1.781000,1.780800,1.781000,0
20030408 111200,1.781200,1.781400,1.781100,1.781400,0
20030408 111300,1.781300,1.781500,1.781100,1.781500,0
20030408 111400,1.781600,1.782500,1.781600,1.782500,0
20030408 111500,1.782400,1.782700,1.782200,1.782200,0
20030408 111600,1.782300,1.782600,1.782200,1.782600,0
20030408 111700,1.782500,1.783000,1.782200,1.782200,0
20030408 111800,1.782300,1.783200,1.782300,1.782800,0
20030408 111900,1.782600,1.783000,1.782400,1.783000,0
20030408 112000,1.782900,1.782900,1.782200,1.782200,0
20030408 112100,1.782500,1.782600,1.781900,1.782000,0
20030408 112200,1.782100,1.782100,1.781100,1.781200,0
20030408 112300,1.781100,1.781400,1.780900,1.781200,0
20030408 112400,1.781300,1.782600,1.781300,1.782300,0
20030408 112500,1.782200,1.782400,1.781600,1.781600,0
20030408 112600,1.781500,1.782000,1.781400,1.781500,0
20030408 112700,1.781400,1.781400,1.780500,1.780500,0
20030408 112800,1.780600,1.781500,1.780600,1.781200,0
20030408 112900,1.781300,1.781600,1.781000,1.781300,0
20030408 113000,1.781400,1.781500,1.780800,1.781200,0
20030408 113100,1.781100,1.781200,1.780800,1.780800,0
20030408 113200,1.780900,1.780900,1.780600,1.780600,0
20030408 113300,1.780500,1.780700,1.780400,1.780700,0
20030408 113400,1.780600,1.780700,1.780300,1.780600,0
20030408 113500,1.780500,1.781000,1.780400,1.780800,0
20030408 113600,1.780700,1.780800,1.780300,1.780600,0
20030408 113700,1.780500,1.780600,1.780400,1.780600,0
20030408 113800,1.780500,1.780500,1.779500,1.779800,0
20030408 113900,1.779700,1.780100,1.779600,1.780000,0
20030408 114000,1.780100,1.780100,1.779800,1.780100,0
20030408 114100,1.780200,1.780300,1.780100,1.780300,0
20030408 114200,1.780200,1.780300,1.779700,1.780200,0
20030408 114300,1.780300,1.781200,1.780300,1.780700,0
20030408 114400,1.780800,1.781000,1.780700,1.780900,0
20030408 114500,1.780800,1.780800,1.780400,1.780600,0
20030408 114600,1.780700,1.780900,1.780200,1.780200,0
20030408 114700,1.780100,1.780200,1.779800,1.780100,0
20030408 114800,1.780000,1.780400,1.779900,1.780400,0
20030408 114900,1.780500,1.780500,1.780400,1.780400,0
20030408 115000,1.780500,1.780700,1.780000,1.780000,0
20030408 115100,1.779900,1.780400,1.779900,1.780100,0
20030408 115200,1.780200,1.780600,1.780200,1.780600,0
20030408 115300,1.780500,1.780700,1.780500,1.780700,0
20030408 115400,1.780600,1.780900,1.780600,1.780700,0
20030408 115500,1.780800,1.780900,1.780500,1.780700,0
20030408 115600,1.780600,1.780700,1.780500,1.780700,0
20030408 115700,1.780600,1.780600,1.780000,1.780000,0
20030408 115800,1.779900,1.780400,1.779900,1.780100,0
20030408 115900,1.780200,1.780200,1.780100,1.780200,0
20030408 120000,1.780100,1.780100,1.779500,1.779500,0
20030408 120100,1.779400,1.779400,1.779100,1.779300,0
20030408 120200,1.779400,1.779400,1.779300,1.779400,0
20030408 120300,1.779300,1.779900,1.779300,1.779800,0
20030408 120400,1.779900,1.779900,1.779500,1.779600,0
20030408 120500,1.779500,1.779700,1.779300,1.779300,0
20030408 120600,1.779400,1.780100,1.779200,1.780100,0
20030408 120700,1.780000,1.780500,1.780000,1.780200,0
20030408 120800,1.780100,1.780200,1.780000,1.780100,0
20030408 120900,1.780000,1.780200,1.780000,1.780200,0
20030408 121000,1.780300,1.780300,1.780100,1.780200,0
20030408 121100,1.780300,1.781000,1.780300,1.781000,0
20030408 121200,1.780900,1.781100,1.780600,1.780900,0
20030408 121300,1.780800,1.780800,1.780600,1.780600,0
20030408 121400,1.780700,1.780700,1.780600,1.780600,0
20030408 121500,1.780700,1.780800,1.780400,1.780500,0
20030408 121600,1.780600,1.780800,1.780500,1.780800,0
20030408 121700,1.780700,1.780800,1.780400,1.780800,0
20030408 121800,1.780700,1.780800,1.780500,1.780800,0
20030408 121900,1.780700,1.780800,1.780500,1.780700,0
20030408 122000,1.780600,1.780600,1.780300,1.780300,0
20030408 122100,1.780200,1.780300,1.780100,1.780200,0
20030408 122200,1.780100,1.780400,1.779900,1.779900,0
20030408 122300,1.780000,1.780400,1.780000,1.780400,0
20030408 122400,1.780500,1.780700,1.780500,1.780700,0
20030408 122500,1.780800,1.780900,1.780700,1.780700,0
20030408 122600,1.780600,1.780600,1.780400,1.780400,0
20030408 122700,1.780300,1.780300,1.780000,1.780000,0
20030408 122800,1.780100,1.780100,1.779900,1.780100,0
20030408 122900,1.780200,1.780200,1.779900,1.779900,0
20030408 123000,1.779800,1.779900,1.779400,1.779400,0
20030408 123100,1.779500,1.779500,1.779300,1.779500,0
20030408 123200,1.779400,1.779600,1.779400,1.779600,0
20030408 123300,1.779700,1.779800,1.779700,1.779800,0
20030408 123400,1.779700,1.779800,1.779600,1.779600,0
20030408 123500,1.779700,1.779700,1.779500,1.779600,0
20030408 123600,1.779700,1.780300,1.779700,1.780300,0
20030408 123700,1.780200,1.780500,1.780200,1.780300,0
20030408 123800,1.780400,1.780500,1.780300,1.780300,0
20030408 123900,1.780200,1.780700,1.780200,1.780700,0
20030408 124000,1.780600,1.780600,1.780400,1.780400,0
20030408 124100,1.780200,1.780300,1.780000,1.780100,0
20030408 124200,1.780000,1.780200,1.779900,1.780100,0
20030408 124400,1.779900,1.779900,1.779700,1.779900,0
20030408 124500,1.779800,1.780200,1.779800,1.780200,0
20030408 124600,1.780300,1.780400,1.780300,1.780400,0
20030408 124700,1.780200,1.780200,1.780000,1.780100,0
20030408 124800,1.780000,1.780100,1.780000,1.780100,0
20030408 124900,1.780000,1.780100,1.779700,1.779700,0
20030408 125000,1.779600,1.779600,1.779100,1.779100,0
20030408 125100,1.779200,1.779800,1.779100,1.779800,0
20030408 125200,1.779700,1.779700,1.779400,1.779500,0
20030408 125300,1.779400,1.779500,1.779400,1.779500,0
20030408 125400,1.779400,1.779400,1.778300,1.778500,0
20030408 125500,1.778600,1.778900,1.778600,1.778700,0
20030408 125600,1.778800,1.779000,1.778800,1.778900,0
20030408 125700,1.779000,1.779200,1.779000,1.779200,0
20030408 125800,1.779100,1.779100,1.779000,1.779000,0
20030408 125900,1.779100,1.779300,1.779000,1.779100,0
20030408 130000,1.779200,1.779400,1.779100,1.779300,0
20030408 130100,1.779200,1.779300,1.779200,1.779200,0
20030408 130200,1.779100,1.779100,1.779100,1.779100,0
20030408 130300,1.779200,1.779200,1.778800,1.778900,0
20030408 130400,1.779000,1.779200,1.778900,1.779100,0
20030408 130500,1.779000,1.779200,1.779000,1.779200,0
20030408 130600,1.779300,1.779800,1.779300,1.779600,0
20030408 130700,1.779500,1.779700,1.779400,1.779700,0
20030408 130800,1.779800,1.779900,1.779600,1.779700,0
20030408 130900,1.779600,1.779800,1.779500,1.779700,0
20030408 131000,1.779600,1.779700,1.779500,1.779700,0
20030408 131100,1.779800,1.779800,1.779800,1.779800,0
20030408 131400,1.779700,1.779800,1.779700,1.779700,0
20030408 131500,1.779600,1.779600,1.779500,1.779600,0
20030408 131600,1.779500,1.779500,1.779400,1.779400,0
20030408 131700,1.779500,1.779500,1.779200,1.779200,0
20030408 131800,1.779100,1.779200,1.779000,1.779000,0
20030408 131900,1.779100,1.779200,1.778900,1.779000,0
20030408 132000,1.778900,1.779200,1.778900,1.779100,0
20030408 132100,1.779200,1.779200,1.779100,1.779100,0
20030408 132200,1.779200,1.779200,1.779100,1.779200,0
20030408 132300,1.779100,1.779200,1.779100,1.779200,0
20030408 132400,1.779100,1.779200,1.778600,1.778600,0
20030408 132500,1.778700,1.778900,1.778400,1.778800,0
20030408 132600,1.778700,1.778700,1.778500,1.778600,0
20030408 132700,1.778700,1.779300,1.778700,1.779300,0
20030408 132800,1.779500,1.780000,1.779500,1.780000,0
20030408 132900,1.780100,1.780600,1.780100,1.780600,0
20030408 133000,1.780500,1.780900,1.780000,1.780900,0
20030408 133100,1.780800,1.780800,1.780100,1.780300,0
20030408 133200,1.780400,1.781000,1.780300,1.780900,0
20030408 133300,1.780800,1.780800,1.780500,1.780700,0
20030408 133400,1.780800,1.781000,1.780500,1.780800,0
20030408 133500,1.780900,1.782100,1.780900,1.782100,0
20030408 133600,1.781900,1.782000,1.781700,1.782000,0
20030408 133700,1.781800,1.781800,1.780800,1.781500,0
20030408 133800,1.781400,1.781400,1.781000,1.781000,0
20030408 133900,1.781100,1.781900,1.781100,1.781900,0
20030408 134000,1.782000,1.782200,1.782000,1.782100,0
20030408 134100,1.782200,1.782500,1.782000,1.782400,0
20030408 134200,1.782300,1.782300,1.781700,1.781800,0
20030408 134300,1.781900,1.781900,1.781500,1.781600,0
20030408 134400,1.781500,1.781900,1.781500,1.781900,0
20030408 134500,1.782000,1.782000,1.781900,1.781900,0
20030408 134600,1.781800,1.782200,1.781700,1.782200,0
20030408 134700,1.782100,1.782200,1.781900,1.782200,0
20030408 134900,1.782300,1.782700,1.782300,1.782500,0
20030408 135000,1.782400,1.782500,1.782200,1.782200,0
20030408 135200,1.782100,1.782100,1.782000,1.782000,0
20030408 135300,1.781900,1.781900,1.781800,1.781800,0
20030408 135400,1.781700,1.781800,1.781700,1.781700,0
20030408 135500,1.781600,1.781700,1.781500,1.781500,0
20030408 135600,1.781600,1.781900,1.781600,1.781700,0
20030408 135700,1.781600,1.781600,1.781400,1.781500,0
20030408 135800,1.781600,1.781600,1.781200,1.781200,0
20030408 135900,1.781100,1.781100,1.780900,1.780900,0
20030408 140000,1.781000,1.781100,1.780800,1.780800,0
20030408 140100,1.780900,1.780900,1.780600,1.780600,0
20030408 140200,1.780700,1.780700,1.780600,1.780600,0
20030408 140300,1.780500,1.780500,1.780100,1.780100,0
20030408 140400,1.780000,1.780000,1.779800,1.779900,0
20030408 140500,1.779800,1.779900,1.779800,1.779900,0
20030408 140600,1.780000,1.780000,1.780000,1.780000,0
20030408 140700,1.779900,1.780100,1.779900,1.780100,0
20030408 140800,1.780300,1.780300,1.779900,1.780300,0
20030408 140900,1.780200,1.780700,1.780200,1.780700,0
20030408 141000,1.780600,1.780900,1.780500,1.780700,0
20030408 141100,1.780600,1.780700,1.780600,1.780700,0
20030408 141200,1.780800,1.780800,1.780600,1.780700,0
20030408 141300,1.780800,1.781300,1.780800,1.781000,0
20030408 141400,1.781100,1.781200,1.781000,1.781000,0
20030408 141500,1.781100,1.781500,1.781000,1.781200,0
20030408 141700,1.781400,1.781400,1.781300,1.781300,0
20030408 141800,1.781200,1.781500,1.781200,1.781300,0
20030408 142000,1.781200,1.781400,1.781200,1.781300,0
20030408 142100,1.781400,1.782300,1.781300,1.782300,0
20030408 142200,1.782200,1.782300,1.781900,1.782000,0
20030408 142300,1.782100,1.782400,1.782100,1.782400,0
20030408 142400,1.782500,1.782600,1.782200,1.782600,0
20030408 142500,1.782500,1.782800,1.782500,1.782500,0
20030408 142600,1.782600,1.782700,1.782400,1.782600,0
20030408 142700,1.782700,1.782800,1.782600,1.782600,0
20030408 143000,1.782500,1.782600,1.782400,1.782600,0
20030408 143100,1.782500,1.782500,1.782400,1.782400,0
20030408 143300,1.782300,1.782400,1.782300,1.782400,0
20030408 143400,1.782300,1.782400,1.782200,1.782400,0
20030408 143500,1.782300,1.782400,1.782300,1.782400,0
20030408 143600,1.782500,1.782700,1.782500,1.782700,0
20030408 143700,1.782600,1.782600,1.782400,1.782400,0
20030408 143800,1.782500,1.782700,1.782500,1.782600,0
20030408 143900,1.782700,1.782700,1.782300,1.782300,0
20030408 144000,1.782200,1.782400,1.782200,1.782300,0
20030408 144100,1.782200,1.782200,1.782100,1.782100,0
20030408 144200,1.782200,1.782700,1.782000,1.782600,0
20030408 144300,1.782500,1.782800,1.782400,1.782500,0
20030408 144400,1.782600,1.782700,1.782400,1.782500,0
20030408 144500,1.782400,1.782500,1.782300,1.782300,0
20030408 144600,1.782200,1.782300,1.782100,1.782300,0
20030408 144700,1.782200,1.782300,1.782000,1.782100,0
20030408 144800,1.782200,1.783200,1.782200,1.783100,0
20030408 144900,1.783000,1.783100,1.782600,1.782700,0
20030408 145000,1.782800,1.782800,1.782300,1.782600,0
20030408 145100,1.782500,1.782600,1.782500,1.782600,0
20030408 145200,1.782500,1.782500,1.782500,1.782500,0
20030408 145300,1.782600,1.783300,1.782600,1.783100,0
20030408 145400,1.783000,1.783300,1.782500,1.782500,0
20030408 145500,1.782600,1.782900,1.782500,1.782600,0
20030408 145600,1.782500,1.782800,1.782400,1.782500,0
20030408 145700,1.782600,1.783600,1.782600,1.783400,0
20030408 145800,1.783500,1.784200,1.783000,1.783400,0
20030408 145900,1.783200,1.783500,1.783200,1.783400,0
20030408 150000,1.783300,1.783400,1.783000,1.783100,0
20030408 150100,1.783200,1.783300,1.783000,1.783200,0
20030408 150200,1.783100,1.783100,1.782900,1.783100,0
20030408 150300,1.783200,1.783300,1.783100,1.783100,0
20030408 150400,1.783000,1.783100,1.782900,1.782900,0
20030408 150500,1.783000,1.783300,1.782400,1.782400,0
20030408 150600,1.782300,1.782500,1.782000,1.782000,0
20030408 150700,1.782100,1.782300,1.781700,1.782300,0
20030408 150800,1.782200,1.782800,1.782200,1.782600,0
20030408 150900,1.782700,1.782800,1.782400,1.782400,0
20030408 151000,1.782500,1.782500,1.782400,1.782400,0
20030408 151100,1.782500,1.782700,1.782200,1.782700,0
20030408 151200,1.782800,1.783300,1.782700,1.783300,0
20030408 151300,1.783400,1.783500,1.782400,1.783400,0
20030408 151400,1.783500,1.783500,1.783500,1.783500,0
20030408 151500,1.783400,1.783500,1.783100,1.783500,0
20030408 151600,1.783600,1.783800,1.783600,1.783800,0
20030408 151700,1.783900,1.783900,1.783800,1.783800,0
20030408 151800,1.783900,1.784100,1.783600,1.783900,0
20030408 151900,1.783800,1.783800,1.783700,1.783800,0
20030408 152000,1.783900,1.784100,1.783900,1.784000,0
20030408 152100,1.784100,1.784100,1.783900,1.784100,0
20030408 152200,1.784200,1.784200,1.784000,1.784100,0
20030408 152300,1.784000,1.784100,1.784000,1.784000,0
20030408 152400,1.783900,1.783900,1.783800,1.783800,0
20030408 152500,1.783700,1.783700,1.783600,1.783700,0
20030408 152600,1.783600,1.783700,1.783500,1.783700,0
20030408 152800,1.783600,1.783600,1.783100,1.783100,0
20030408 152900,1.783200,1.783200,1.782500,1.782600,0
20030408 153000,1.782700,1.783000,1.782600,1.782800,0
20030408 153100,1.782900,1.782900,1.782700,1.782700,0
20030408 153200,1.782800,1.782900,1.782800,1.782900,0
20030408 153300,1.783000,1.783100,1.782900,1.783100,0
20030408 153400,1.783000,1.783400,1.783000,1.783400,0
20030408 153500,1.783300,1.783600,1.783200,1.783200,0
20030408 153600,1.783300,1.785400,1.783300,1.783800,0
20030408 153700,1.783700,1.783700,1.783600,1.783700,0
20030408 153800,1.783800,1.783800,1.783700,1.783800,0
20030408 153900,1.783900,1.784000,1.783800,1.783800,0
20030408 154000,1.783700,1.783700,1.783600,1.783600,0
20030408 154100,1.783700,1.783800,1.783600,1.783800,0
20030408 154200,1.783700,1.783800,1.783600,1.783800,0
20030408 154400,1.783600,1.783700,1.783500,1.783600,0
20030408 154500,1.783700,1.783700,1.783600,1.783700,0
20030408 154600,1.783800,1.783900,1.783800,1.783900,0
20030408 154800,1.783800,1.783900,1.783700,1.783700,0
20030408 154900,1.783800,1.784000,1.783800,1.783800,0
20030408 155000,1.783700,1.783800,1.783700,1.783700,0
20030408 155100,1.783800,1.784100,1.783700,1.783800,0
20030408 155200,1.783900,1.783900,1.783700,1.783800,0
20030408 155300,1.783700,1.783800,1.783700,1.783800,0
20030408 155400,1.783700,1.783800,1.783700,1.783700,0
20030408 155500,1.783800,1.783800,1.783700,1.783700,0
20030408 155600,1.783800,1.783800,1.783800,1.783800,0
20030408 155700,1.783900,1.783900,1.783800,1.783800,0
20030408 155800,1.783700,1.784000,1.783700,1.784000,0
20030408 160100,1.783900,1.783900,1.783600,1.783800,0
20030408 160200,1.783700,1.783700,1.783600,1.783600,0
20030408 160300,1.783700,1.783800,1.783600,1.783800,0
20030408 160400,1.783700,1.783800,1.783700,1.783800,0
20030408 160600,1.784000,1.784200,1.783900,1.784000,0
20030408 160700,1.783900,1.784000,1.783900,1.784000,0
20030408 160800,1.783900,1.784000,1.783900,1.784000,0
20030408 160900,1.784100,1.784100,1.784000,1.784000,0
20030408 161000,1.784100,1.784100,1.784100,1.784100,0
20030408 161100,1.784000,1.784000,1.783800,1.783800,0
20030408 161200,1.783900,1.784000,1.783800,1.784000,0
20030408 161300,1.783900,1.784000,1.783900,1.784000,0
20030408 161400,1.783900,1.784000,1.783800,1.783900,0
20030408 161500,1.783800,1.784000,1.783800,1.783900,0
20030408 161600,1.784000,1.784000,1.783900,1.784000,0
20030408 161800,1.783900,1.783900,1.783800,1.783800,0
20030408 161900,1.783700,1.783700,1.783700,1.783700,0
20030408 162000,1.783600,1.783600,1.783300,1.783300,0
20030408 162100,1.783200,1.783400,1.783200,1.783400,0
20030408 162200,1.783500,1.783500,1.783400,1.783500,0
20030408 162300,1.783400,1.783500,1.783400,1.783500,0
20030408 162400,1.783400,1.783400,1.783300,1.783400,0
20030408 162500,1.783500,1.783500,1.783400,1.783500,0
20030408 162600,1.783400,1.783500,1.783400,1.783400,0
20030408 162700,1.783500,1.783500,1.783400,1.783400,0
20030408 162800,1.783300,1.783300,1.783300,1.783300,0
20030408 162900,1.783400,1.783600,1.783400,1.783400,0
20030408 163000,1.783300,1.783300,1.783300,1.783300,0
20030408 163100,1.783400,1.783400,1.783000,1.783200,0
20030408 163200,1.783300,1.783800,1.783000,1.783100,0
20030408 163300,1.783200,1.783200,1.783000,1.783200,0
20030408 163400,1.783300,1.783300,1.783200,1.783300,0
20030408 163500,1.783200,1.783200,1.782900,1.782900,0
20030408 163600,1.782800,1.782900,1.782500,1.782800,0
20030408 163700,1.782700,1.782800,1.782600,1.782800,0
20030408 163800,1.782700,1.782900,1.782700,1.782900,0
20030408 164000,1.782800,1.782800,1.782800,1.782800,0
20030408 164100,1.782700,1.782800,1.782700,1.782800,0
20030408 164200,1.782700,1.782800,1.782700,1.782800,0
20030408 164400,1.782700,1.782700,1.782600,1.782600,0
20030408 164500,1.782700,1.782700,1.782400,1.782400,0
20030408 164600,1.782500,1.782500,1.782400,1.782400,0
20030408 165000,1.782500,1.782500,1.782400,1.782400,0
20030408 165100,1.782500,1.782600,1.782500,1.782500,0
20030408 165200,1.782600,1.782900,1.782600,1.782900,0
20030408 165300,1.782800,1.782900,1.782800,1.782800,0
20030408 165400,1.782700,1.782800,1.782500,1.782600,0
20030408 165500,1.782500,1.782800,1.782500,1.782800,0
20030408 165600,1.782700,1.782700,1.782700,1.782700,0
20030408 165700,1.782600,1.782600,1.782600,1.782600,0
20030408 165800,1.782700,1.782700,1.782700,1.782700,0
20030408 171300,1.782400,1.782400,1.782400,1.782400,0
20030408 171400,1.782300,1.782300,1.782100,1.782100,0
20030408 171500,1.782200,1.782400,1.782100,1.782100,0
20030408 171700,1.782200,1.782200,1.782000,1.782200,0
20030408 171800,1.782300,1.782400,1.781600,1.781800,0
20030408 171900,1.781700,1.781700,1.781700,1.781700,0
20030408 172000,1.781600,1.781800,1.781500,1.781700,0
20030408 172100,1.781600,1.781700,1.781600,1.781700,0
20030408 172200,1.781600,1.781600,1.781300,1.781400,0
20030408 172300,1.781500,1.781600,1.781300,1.781600,0
20030408 172400,1.781500,1.781500,1.781300,1.781300,0
20030408 172500,1.781100,1.781400,1.781100,1.781300,0
20030408 172900,1.781400,1.781700,1.781400,1.781700,0
20030408 173000,1.781600,1.781600,1.781600,1.781600,0
20030408 173100,1.781500,1.781600,1.781500,1.781500,0
20030408 173200,1.781600,1.781600,1.781300,1.781500,0
20030408 173300,1.781600,1.781600,1.781600,1.781600,0
20030408 173600,1.781700,1.781700,1.781700,1.781700,0
20030408 173700,1.781600,1.781700,1.781600,1.781600,0
20030408 173900,1.781700,1.781900,1.781700,1.781900,0
20030408 174000,1.782000,1.782200,1.782000,1.782000,0
20030408 174100,1.781900,1.782200,1.781800,1.782200,0
20030408 174200,1.782100,1.782100,1.782100,1.782100,0
20030408 174300,1.782000,1.782200,1.782000,1.782100,0
20030408 174400,1.782300,1.782300,1.781800,1.781800,0
20030408 174500,1.781900,1.782200,1.781900,1.782100,0
20030408 174600,1.782000,1.782200,1.782000,1.782200,0
20030408 174800,1.782100,1.782200,1.782100,1.782200,0
20030408 174900,1.782100,1.782100,1.782000,1.782000,0
20030408 175000,1.782100,1.782200,1.782100,1.782200,0
20030408 175100,1.782000,1.782000,1.781900,1.782000,0
20030408 175200,1.782100,1.782400,1.782000,1.782200,0
20030408 175300,1.782100,1.782100,1.782100,1.782100,0
20030408 175400,1.782000,1.782100,1.781800,1.781800,0
20030408 175500,1.781700,1.781900,1.781600,1.781900,0
20030408 175600,1.781800,1.781800,1.781700,1.781700,0
20030408 175700,1.781600,1.781800,1.781500,1.781800,0
20030408 175800,1.781900,1.782700,1.781700,1.782700,0
20030408 175900,1.782600,1.782600,1.781900,1.782100,0
20030408 180000,1.782200,1.782500,1.782000,1.782100,0
20030408 180100,1.782000,1.782000,1.781600,1.781700,0
20030408 180200,1.781600,1.781800,1.781600,1.781800,0
20030408 180400,1.781700,1.782200,1.781400,1.782000,0
20030408 180500,1.781900,1.781900,1.781700,1.781700,0
20030408 180600,1.781400,1.781400,1.780900,1.780900,0
20030408 180700,1.781000,1.781300,1.781000,1.781300,0
20030408 180800,1.781400,1.781400,1.781200,1.781200,0
20030408 180900,1.781300,1.781300,1.781300,1.781300,0
20030408 181000,1.781500,1.781500,1.781000,1.781100,0
20030408 181100,1.781500,1.782000,1.781100,1.781400,0
20030408 181200,1.781500,1.781600,1.781400,1.781500,0
20030408 181300,1.781600,1.781600,1.781400,1.781400,0
20030408 181400,1.781500,1.781800,1.781500,1.781700,0
20030408 181800,1.781800,1.781800,1.781500,1.781500,0
20030408 181900,1.781400,1.781400,1.781400,1.781400,0
20030408 182000,1.781200,1.781500,1.781000,1.781500,0
20030408 182300,1.781400,1.781600,1.781300,1.781600,0
20030408 182400,1.781400,1.781800,1.781300,1.781800,0
20030408 182500,1.781700,1.782200,1.781600,1.781900,0
20030408 182600,1.782000,1.782100,1.781900,1.781900,0
20030408 182700,1.782000,1.782100,1.781900,1.781900,0
20030408 182800,1.781800,1.782000,1.781700,1.781800,0
20030408 183200,1.781900,1.781900,1.781900,1.781900,0
20030408 183400,1.781800,1.781900,1.781800,1.781800,0
20030408 183500,1.781900,1.782100,1.781800,1.782100,0
20030408 183800,1.782200,1.782300,1.782200,1.782300,0
20030408 183900,1.782200,1.782400,1.782100,1.782400,0
20030408 184000,1.782600,1.782900,1.782300,1.782600,0
20030408 184100,1.782500,1.782600,1.782100,1.782100,0
20030408 184300,1.782200,1.782200,1.782200,1.782200,0
20030408 184400,1.782300,1.782500,1.782200,1.782200,0
20030408 184500,1.782300,1.782700,1.782300,1.782700,0
20030408 184600,1.782600,1.783000,1.782500,1.783000,0
20030408 184700,1.782700,1.782700,1.782500,1.782500,0
20030408 184800,1.782600,1.782700,1.782400,1.782400,0
20030408 184900,1.782300,1.782400,1.782100,1.782400,0
20030408 185000,1.782500,1.782600,1.782500,1.782500,0
20030408 185200,1.782400,1.782500,1.782400,1.782500,0
20030408 185300,1.782400,1.782500,1.782400,1.782500,0
20030408 185700,1.782400,1.782400,1.782400,1.782400,0
20030408 185800,1.782500,1.783100,1.782500,1.783000,0
20030408 185900,1.782800,1.783100,1.782700,1.783100,0
20030408 190100,1.782900,1.782900,1.782700,1.782700,0
20030408 190200,1.782800,1.783000,1.782800,1.782800,0
20030408 190300,1.782700,1.782900,1.782700,1.782900,0
20030408 190400,1.782800,1.783100,1.782800,1.782800,0
20030408 190500,1.783000,1.783000,1.782800,1.783000,0
20030408 190600,1.782900,1.782900,1.782800,1.782800,0
20030408 190700,1.782700,1.783000,1.782700,1.782900,0
20030408 190800,1.783000,1.783000,1.782800,1.782900,0
20030408 190900,1.782800,1.783000,1.782700,1.782700,0
20030408 191000,1.782800,1.783100,1.782700,1.782700,0
20030408 191100,1.782800,1.783700,1.782700,1.783300,0
20030408 191200,1.783400,1.783800,1.783300,1.783400,0
20030408 191300,1.783300,1.783700,1.783300,1.783700,0
20030408 191400,1.783600,1.783600,1.783100,1.783200,0
20030408 191500,1.783100,1.783200,1.782900,1.783200,0
20030408 191600,1.783300,1.783500,1.783300,1.783500,0
20030408 191700,1.783400,1.784000,1.783400,1.783700,0
20030408 191800,1.783800,1.784000,1.783300,1.783300,0
20030408 191900,1.783400,1.783700,1.783400,1.783600,0
20030408 192000,1.783700,1.783700,1.783700,1.783700,0
20030408 192100,1.783600,1.783700,1.783600,1.783700,0
20030408 192200,1.783600,1.783600,1.783100,1.783100,0
20030408 192300,1.783000,1.783100,1.782900,1.783100,0
20030408 192400,1.783000,1.783200,1.782800,1.783100,0
20030408 192500,1.783000,1.783200,1.783000,1.783200,0
20030408 192600,1.782900,1.783000,1.782900,1.783000,0
20030408 192700,1.783100,1.783300,1.783000,1.783300,0
20030408 192900,1.783200,1.783400,1.782700,1.782700,0
20030408 193000,1.782500,1.782500,1.782200,1.782500,0
20030408 193100,1.782400,1.782400,1.782300,1.782300,0
20030408 193200,1.782200,1.782400,1.782100,1.782300,0
20030408 193300,1.782200,1.782200,1.781400,1.781600,0
20030408 193400,1.781700,1.782200,1.781700,1.782200,0
20030408 193500,1.782300,1.782600,1.782200,1.782600,0
20030408 193600,1.782700,1.783100,1.782300,1.782300,0
20030408 193700,1.782200,1.782400,1.782200,1.782300,0
20030408 193800,1.782200,1.782300,1.782200,1.782300,0
20030408 193900,1.782200,1.782700,1.782200,1.782700,0
20030408 194000,1.782600,1.782600,1.781800,1.782200,0
20030408 194100,1.782100,1.782300,1.781700,1.781800,0
20030408 194200,1.781900,1.781900,1.781500,1.781600,0
20030408 194300,1.781800,1.782000,1.781500,1.781500,0
20030408 194400,1.781600,1.781800,1.781600,1.781700,0
20030408 194500,1.781600,1.781900,1.781600,1.781800,0
20030408 194600,1.781900,1.781900,1.781300,1.781400,0
20030408 194700,1.781500,1.781700,1.780900,1.780900,0
20030408 194800,1.781100,1.781100,1.780900,1.781100,0
20030408 194900,1.781000,1.781400,1.781000,1.781400,0
20030408 195000,1.781500,1.781600,1.781200,1.781200,0
20030408 195100,1.781300,1.781300,1.781000,1.781000,0
20030408 195200,1.781100,1.781200,1.780900,1.781100,0
20030408 195300,1.781200,1.781300,1.781200,1.781300,0
20030408 195400,1.781200,1.781300,1.781200,1.781300,0
20030408 195500,1.781200,1.781600,1.781200,1.781500,0
20030408 195600,1.781300,1.781300,1.781200,1.781200,0
20030408 195700,1.781300,1.781300,1.781100,1.781300,0
20030408 195800,1.781200,1.781200,1.781000,1.781000,0
20030408 195900,1.780900,1.780900,1.780800,1.780800,0
20030408 200000,1.780700,1.781000,1.780400,1.781000,0
20030408 200100,1.780900,1.781300,1.780600,1.781300,0
20030408 200200,1.781200,1.781200,1.780500,1.780500,0
20030408 200300,1.780400,1.780600,1.780300,1.780600,0
20030408 200400,1.780700,1.780800,1.780700,1.780800,0
20030408 200500,1.780700,1.781200,1.780700,1.781100,0
20030408 200600,1.781200,1.781300,1.781100,1.781300,0
20030408 200700,1.781200,1.781200,1.780800,1.780800,0
20030408 200800,1.780700,1.780800,1.780600,1.780700,0
20030408 200900,1.780600,1.781600,1.780600,1.781500,0
20030408 201000,1.781400,1.781800,1.781300,1.781500,0
20030408 201100,1.781400,1.781600,1.781300,1.781400,0
20030408 201200,1.781300,1.781300,1.781300,1.781300,0
20030408 201300,1.781200,1.781300,1.781100,1.781100,0
20030408 201400,1.781200,1.781200,1.781100,1.781200,0
20030408 201500,1.781100,1.781100,1.781000,1.781100,0
20030408 201600,1.781200,1.782100,1.781200,1.782100,0
20030408 201700,1.782200,1.782400,1.781900,1.782300,0
20030408 201800,1.782400,1.782400,1.782200,1.782200,0
20030408 201900,1.782100,1.782400,1.781800,1.782300,0
20030408 202000,1.782200,1.782700,1.782200,1.782700,0
20030408 202100,1.782800,1.782800,1.782400,1.782400,0
20030408 202200,1.782500,1.783300,1.782400,1.783100,0
20030408 202300,1.783200,1.783300,1.783100,1.783100,0
20030408 202400,1.783200,1.783300,1.782900,1.782900,0
20030408 202500,1.783000,1.783100,1.782800,1.782800,0
20030408 202600,1.782900,1.783300,1.782900,1.783100,0
20030408 202700,1.783000,1.783000,1.782800,1.783000,0
20030408 202800,1.782900,1.783300,1.782800,1.783300,0
20030408 202900,1.783100,1.783400,1.783000,1.783000,0
20030408 203000,1.783100,1.783300,1.782800,1.783300,0
20030408 203100,1.783400,1.783800,1.783400,1.783600,0
20030408 203200,1.783500,1.783700,1.783100,1.783200,0
20030408 203300,1.783100,1.783200,1.782400,1.782700,0
20030408 203400,1.782800,1.782800,1.782700,1.782800,0
20030408 203500,1.782900,1.783200,1.782900,1.783100,0
20030408 203600,1.783000,1.783300,1.783000,1.783100,0
20030408 203700,1.783200,1.783800,1.783200,1.783600,0
20030408 203800,1.783400,1.783500,1.783300,1.783300,0
20030408 203900,1.783200,1.783400,1.783100,1.783200,0
20030408 204000,1.783100,1.783200,1.782900,1.783100,0
20030408 204100,1.783200,1.783600,1.783200,1.783600,0
20030408 204200,1.783500,1.783500,1.783500,1.783500,0
20030408 204300,1.783600,1.783600,1.783500,1.783500,0
20030408 204400,1.783400,1.783500,1.783400,1.783400,0
20030408 204500,1.783500,1.783500,1.783400,1.783400,0
20030408 204700,1.783300,1.783300,1.783300,1.783300,0
20030408 204800,1.783400,1.783800,1.783400,1.783600,0
20030408 204900,1.783700,1.783800,1.783600,1.783600,0
20030408 205200,1.783500,1.783500,1.783300,1.783300,0
20030408 205300,1.783200,1.783300,1.783200,1.783300,0
20030408 205400,1.783200,1.783400,1.783000,1.783200,0
20030408 205500,1.783100,1.783700,1.783000,1.783500,0
20030408 205600,1.783700,1.783700,1.783300,1.783400,0
20030408 205700,1.783500,1.783500,1.783500,1.783500,0
20030408 205800,1.783400,1.783500,1.783100,1.783500,0
20030408 205900,1.783600,1.783700,1.783300,1.783500,0
20030408 210000,1.783600,1.783900,1.783500,1.783600,0
20030408 210100,1.783700,1.784100,1.783700,1.784100,0
20030408 210200,1.784200,1.784300,1.783900,1.784200,0
20030408 210300,1.784100,1.784500,1.784100,1.784400,0
20030408 210400,1.784300,1.784400,1.784200,1.784200,0
20030408 210500,1.784100,1.784100,1.783600,1.784000,0
20030408 210600,1.784100,1.784500,1.784100,1.784500,0
20030408 210700,1.784400,1.784500,1.784300,1.784300,0
20030408 210800,1.784400,1.784400,1.784100,1.784400,0
20030408 210900,1.784500,1.784500,1.784300,1.784400,0
20030408 211000,1.784300,1.784400,1.784300,1.784400,0
20030408 211100,1.784300,1.784400,1.784300,1.784400,0
20030408 211200,1.784300,1.784400,1.784200,1.784300,0
20030408 211300,1.784400,1.784400,1.783900,1.783900,0
20030408 211400,1.784000,1.784200,1.783900,1.783900,0
20030408 211500,1.784000,1.784000,1.783500,1.783500,0
20030408 211600,1.783400,1.783700,1.783400,1.783700,0
20030408 211700,1.783600,1.783800,1.783600,1.783600,0
20030408 211800,1.783500,1.783700,1.783500,1.783700,0
20030408 211900,1.783800,1.784000,1.783800,1.784000,0
20030408 212000,1.783900,1.784000,1.783900,1.783900,0
20030408 212200,1.784000,1.784300,1.784000,1.784200,0
20030408 212300,1.784300,1.784800,1.784200,1.784800,0
20030408 212600,1.784900,1.785000,1.784800,1.784900,0
20030408 212700,1.784700,1.784700,1.784200,1.784300,0
20030408 212800,1.784400,1.784400,1.784000,1.784100,0
20030408 212900,1.784300,1.784500,1.784100,1.784200,0
20030408 213100,1.784100,1.784400,1.784100,1.784300,0
20030408 213200,1.784400,1.784500,1.784400,1.784500,0
20030408 213300,1.784600,1.784600,1.784400,1.784500,0
20030408 213400,1.784400,1.784700,1.784400,1.784700,0
20030408 213500,1.784600,1.784800,1.784600,1.784700,0
20030408 213600,1.784800,1.784800,1.784700,1.784700,0
20030408 213700,1.784800,1.784800,1.784600,1.784600,0
20030408 213800,1.784700,1.784700,1.784500,1.784500,0
20030408 213900,1.784600,1.784600,1.784500,1.784500,0
20030408 214200,1.784600,1.784600,1.784500,1.784500,0
20030408 214300,1.784400,1.784600,1.784300,1.784500,0
20030408 214400,1.784400,1.784500,1.784200,1.784300,0
20030408 214600,1.784400,1.784500,1.784300,1.784300,0
20030408 214700,1.784500,1.784600,1.784300,1.784300,0
20030408 214800,1.784200,1.784300,1.784200,1.784300,0
20030408 214900,1.784200,1.784300,1.784200,1.784300,0
20030408 215000,1.784400,1.784600,1.784400,1.784500,0
20030408 215200,1.784400,1.784800,1.784300,1.784300,0
20030408 215400,1.784200,1.784500,1.784200,1.784500,0
20030408 215500,1.784400,1.784500,1.784300,1.784500,0
20030408 215600,1.784600,1.784700,1.784400,1.784500,0
20030408 215700,1.784600,1.784900,1.784600,1.784800,0
20030408 215800,1.784900,1.784900,1.784400,1.784400,0
20030408 215900,1.784300,1.784400,1.784100,1.784100,0
20030408 220000,1.783900,1.784200,1.783900,1.784000,0
20030408 220100,1.784100,1.784400,1.783900,1.784300,0
20030408 220200,1.784200,1.784300,1.784200,1.784300,0
20030408 220300,1.784400,1.784600,1.784200,1.784300,0
20030408 220400,1.784400,1.784600,1.784100,1.784400,0
20030408 220500,1.784500,1.784500,1.784500,1.784500,0
20030408 220600,1.784400,1.784500,1.784400,1.784500,0
20030408 220700,1.784400,1.784400,1.784300,1.784400,0
20030408 220800,1.784300,1.784300,1.784200,1.784300,0
20030408 220900,1.784400,1.784400,1.783900,1.783900,0
20030408 221000,1.783800,1.784400,1.783800,1.784300,0
20030408 221100,1.784400,1.785300,1.784400,1.784800,0
20030408 221200,1.784700,1.785100,1.784600,1.785000,0
20030408 221300,1.784900,1.785100,1.784800,1.784800,0
20030408 221400,1.784700,1.785000,1.784600,1.784800,0
20030408 221500,1.784700,1.785000,1.784700,1.784800,0
20030408 221600,1.784700,1.784800,1.784700,1.784700,0
20030408 221700,1.784600,1.785000,1.784600,1.784900,0
20030408 221800,1.785000,1.785100,1.784800,1.784900,0
20030408 221900,1.784800,1.784900,1.784400,1.784400,0
20030408 222000,1.784500,1.784500,1.783600,1.783700,0
20030408 222100,1.783800,1.784100,1.783700,1.784100,0
20030408 222200,1.783900,1.784100,1.783900,1.784100,0
20030408 222300,1.783900,1.784200,1.783900,1.784200,0
20030408 222400,1.784300,1.784300,1.784000,1.784000,0
20030408 222500,1.784100,1.784100,1.783600,1.783600,0
20030408 222600,1.783500,1.783700,1.783500,1.783600,0
20030408 222700,1.783500,1.783800,1.783500,1.783800,0
20030408 222900,1.783900,1.785100,1.783900,1.785100,0
20030408 223000,1.785000,1.785000,1.785000,1.785000,0
20030408 223100,1.784900,1.785000,1.784500,1.784600,0
20030408 223200,1.784500,1.784500,1.784300,1.784300,0
20030408 223300,1.784400,1.784600,1.784400,1.784600,0
20030408 223600,1.784700,1.785000,1.784700,1.784800,0
20030408 223700,1.784700,1.784800,1.784500,1.784500,0
20030408 223800,1.784600,1.784600,1.784500,1.784600,0
20030408 223900,1.784800,1.784900,1.784800,1.784800,0
20030408 224000,1.784700,1.784700,1.784700,1.784700,0
20030408 224100,1.784600,1.785300,1.784500,1.785300,0
20030408 224200,1.785400,1.785400,1.785200,1.785200,0
20030408 224300,1.785300,1.785700,1.785200,1.785700,0
20030408 224400,1.785500,1.785700,1.785500,1.785700,0
20030408 224500,1.785800,1.785800,1.785600,1.785600,0
20030408 224600,1.785500,1.785700,1.785500,1.785600,0
20030408 224700,1.785700,1.785700,1.785700,1.785700,0
20030408 224800,1.785600,1.785800,1.785600,1.785800,0
20030408 224900,1.785700,1.785700,1.785700,1.785700,0
20030408 225200,1.785500,1.785500,1.785500,1.785500,0
20030408 225400,1.785600,1.785600,1.785600,1.785600,0
20030408 225500,1.785700,1.785700,1.785700,1.785700,0
20030408 225600,1.785800,1.786000,1.785700,1.786000,0
20030408 225700,1.786100,1.786300,1.786000,1.786100,0
20030408 225900,1.786200,1.786300,1.786000,1.786300,0
20030408 230000,1.786200,1.786200,1.786000,1.786000,0
20030408 230100,1.785900,1.786200,1.785900,1.786200,0
20030408 230200,1.786100,1.786300,1.786100,1.786300,0
20030408 230300,1.786400,1.786600,1.786300,1.786600,0
20030408 230400,1.786500,1.786500,1.786300,1.786300,0
20030408 230500,1.786200,1.786400,1.786000,1.786100,0
20030408 230600,1.786000,1.786500,1.786000,1.786400,0
20030408 230700,1.786500,1.786500,1.786400,1.786500,0
20030408 230800,1.786400,1.786500,1.786400,1.786500,0
20030408 230900,1.786400,1.786500,1.786200,1.786500,0
20030408 231000,1.786600,1.786700,1.786400,1.786700,0
20030408 231100,1.786800,1.786800,1.786600,1.786600,0
20030408 231200,1.786700,1.786700,1.786600,1.786700,0
20030408 231300,1.786600,1.786600,1.786600,1.786600,0
20030408 231400,1.786700,1.786700,1.786600,1.786700,0
20030408 231500,1.786800,1.786800,1.786700,1.786700,0
20030408 231600,1.786800,1.787600,1.786800,1.787200,0
20030408 231700,1.787300,1.787600,1.787000,1.787100,0
20030408 231800,1.787000,1.787100,1.786400,1.786400,0
20030408 231900,1.786600,1.786600,1.786400,1.786400,0
20030408 232000,1.786500,1.786700,1.786400,1.786600,0
20030408 232100,1.786700,1.786700,1.786100,1.786300,0
20030408 232200,1.786400,1.786600,1.786300,1.786400,0
20030408 232300,1.786500,1.786700,1.786500,1.786700,0
20030408 232400,1.786900,1.787000,1.786700,1.786800,0
20030408 232500,1.786900,1.787600,1.786900,1.787600,0
20030408 232600,1.787500,1.787500,1.786900,1.787000,0
20030408 232700,1.787100,1.787100,1.786800,1.787100,0
20030408 232800,1.787200,1.787400,1.787200,1.787200,0
20030408 232900,1.787100,1.787200,1.787000,1.787100,0
20030408 233000,1.787000,1.787100,1.787000,1.787100,0
20030408 233100,1.787200,1.787300,1.787200,1.787200,0
20030408 233200,1.787100,1.787100,1.787100,1.787100,0
20030408 233300,1.787000,1.787000,1.786500,1.787000,0
20030408 233400,1.786900,1.786900,1.786600,1.786900,0
20030408 233500,1.786800,1.786800,1.786400,1.786600,0
20030408 233600,1.786700,1.786800,1.786500,1.786500,0
20030408 233700,1.786400,1.786900,1.786300,1.786900,0
20030408 233800,1.786800,1.786800,1.786400,1.786800,0
20030408 233900,1.786900,1.786900,1.786800,1.786800,0
20030408 234000,1.786900,1.786900,1.786400,1.786500,0
20030408 234100,1.786600,1.786700,1.786200,1.786500,0
20030408 234200,1.786600,1.786700,1.786500,1.786600,0
20030408 234300,1.786400,1.786400,1.786300,1.786300,0
20030408 234500,1.786500,1.786500,1.786200,1.786200,0
20030408 234600,1.786100,1.786500,1.786100,1.786200,0
20030408 234700,1.786400,1.786400,1.786200,1.786200,0
20030408 234800,1.786100,1.786200,1.786100,1.786200,0
20030408 234900,1.786300,1.786500,1.786300,1.786400,0
20030408 235000,1.786300,1.786400,1.786100,1.786100,0
20030408 235100,1.786000,1.786100,1.786000,1.786100,0
20030408 235500,1.786200,1.786300,1.786200,1.786300,0
20030408 235600,1.786400,1.786400,1.786400,1.786400,0
20030408 235700,1.786600,1.786600,1.786400,1.786600,0
20030408 235800,1.786500,1.786500,1.786100,1.786100,0
20030408 235900,1.785900,1.786200,1.785900,1.786100,0
