20061110 000000,1.675200,1.675200,1.674700,1.674900,0
20061110 000100,1.674700,1.674800,1.674600,1.674800,0
20061110 000200,1.674700,1.675000,1.674600,1.674800,0
20061110 000300,1.674900,1.675300,1.674800,1.675300,0
20061110 000400,1.675200,1.675500,1.675100,1.675400,0
20061110 000500,1.675500,1.675600,1.675000,1.675600,0
20061110 000600,1.675700,1.675900,1.675600,1.675600,0
20061110 000700,1.675600,1.675800,1.675500,1.675600,0
20061110 000800,1.675500,1.675700,1.675300,1.675600,0
20061110 000900,1.675500,1.675600,1.675300,1.675300,0
20061110 001000,1.675400,1.675400,1.675400,1.675400,0
20061110 001100,1.675400,1.675800,1.675400,1.675800,0
20061110 001200,1.675900,1.676100,1.675800,1.675800,0
20061110 001300,1.675700,1.675700,1.675300,1.675400,0
20061110 001400,1.675300,1.675500,1.675300,1.675400,0
20061110 001500,1.675400,1.675800,1.675400,1.675500,0
20061110 001600,1.675500,1.675600,1.675500,1.675600,0
20061110 001700,1.675600,1.675800,1.675500,1.675500,0
20061110 001800,1.675600,1.675700,1.675500,1.675600,0
20061110 001900,1.675600,1.675800,1.675600,1.675800,0
20061110 002000,1.675700,1.675800,1.675600,1.675800,0
20061110 002100,1.675700,1.676400,1.675700,1.676400,0
20061110 002200,1.676400,1.677100,1.676300,1.676400,0
20061110 002300,1.676400,1.676400,1.676000,1.676400,0
20061110 002400,1.676400,1.677000,1.676400,1.676800,0
20061110 002500,1.676700,1.678000,1.676700,1.677600,0
20061110 002600,1.677500,1.677600,1.677200,1.677500,0
20061110 002700,1.677600,1.677600,1.677000,1.677100,0
20061110 002800,1.677000,1.677300,1.676800,1.677300,0
20061110 002900,1.677100,1.677100,1.677000,1.677100,0
20061110 003000,1.677100,1.677100,1.676600,1.676800,0
20061110 003100,1.676800,1.677200,1.676600,1.677000,0
20061110 003200,1.677000,1.677400,1.677000,1.677200,0
20061110 003300,1.677100,1.677200,1.677000,1.677100,0
20061110 003400,1.677000,1.677200,1.676800,1.677000,0
20061110 003500,1.677000,1.677300,1.677000,1.677300,0
20061110 003600,1.677200,1.678000,1.677100,1.677800,0
20061110 003700,1.677700,1.678100,1.677500,1.678000,0
20061110 003800,1.677900,1.677900,1.677500,1.677500,0
20061110 003900,1.677600,1.677600,1.677000,1.677400,0
20061110 004000,1.677300,1.677400,1.677000,1.677300,0
20061110 004100,1.677100,1.677100,1.677000,1.677000,0
20061110 004200,1.677000,1.677000,1.676700,1.676700,0
20061110 004300,1.676800,1.676800,1.675900,1.676200,0
20061110 004400,1.676100,1.676200,1.675800,1.676000,0
20061110 004500,1.675900,1.676000,1.675800,1.676000,0
20061110 004600,1.675800,1.676000,1.675600,1.675800,0
20061110 004700,1.676000,1.676400,1.676000,1.676400,0
20061110 004800,1.676400,1.676600,1.676400,1.676600,0
20061110 004900,1.676500,1.676700,1.676400,1.676600,0
20061110 005000,1.676600,1.676700,1.676400,1.676400,0
20061110 005100,1.676400,1.677000,1.676400,1.677000,0
20061110 005200,1.677000,1.677000,1.676800,1.676800,0
20061110 005300,1.676900,1.677100,1.676500,1.676800,0
20061110 005400,1.676700,1.676700,1.676500,1.676500,0
20061110 005500,1.676500,1.676700,1.676500,1.676600,0
20061110 005600,1.676500,1.676700,1.676500,1.676600,0
20061110 005700,1.676700,1.676800,1.676500,1.676700,0
20061110 005800,1.676500,1.676700,1.676300,1.676300,0
20061110 005900,1.676300,1.676800,1.676300,1.676600,0
20061110 010000,1.676500,1.676600,1.676400,1.676400,0
20061110 010100,1.676400,1.676700,1.676300,1.676700,0
20061110 010200,1.676700,1.676900,1.676600,1.676700,0
20061110 010300,1.676700,1.676800,1.676700,1.676700,0
20061110 010400,1.676600,1.676700,1.676500,1.676700,0
20061110 010500,1.676800,1.676800,1.676700,1.676700,0
20061110 010600,1.676700,1.676700,1.676700,1.676700,0
20061110 010700,1.676600,1.676700,1.675600,1.675600,0
20061110 010800,1.675600,1.675700,1.675500,1.675600,0
20061110 010900,1.675600,1.675700,1.675600,1.675700,0
20061110 011000,1.675600,1.675700,1.675600,1.675700,0
20061110 011100,1.675700,1.675700,1.675200,1.675400,0
20061110 011200,1.675500,1.675700,1.675500,1.675500,0
20061110 011300,1.675300,1.675500,1.675200,1.675400,0
20061110 011400,1.675400,1.675600,1.675200,1.675300,0
20061110 011500,1.675400,1.675500,1.675200,1.675500,0
20061110 011600,1.675400,1.675500,1.675300,1.675300,0
20061110 011700,1.675500,1.675500,1.675200,1.675400,0
20061110 011800,1.675300,1.675300,1.674900,1.675000,0
20061110 011900,1.675100,1.675200,1.674900,1.675100,0
20061110 012000,1.675200,1.675200,1.675100,1.675100,0
20061110 012100,1.675200,1.676000,1.675200,1.676000,0
20061110 012200,1.676000,1.676300,1.675400,1.675400,0
20061110 012300,1.675400,1.675500,1.675300,1.675500,0
20061110 012400,1.675400,1.675500,1.675200,1.675400,0
20061110 012500,1.675400,1.675600,1.675400,1.675500,0
20061110 012600,1.675400,1.675900,1.675400,1.675700,0
20061110 012700,1.675800,1.675900,1.675700,1.675700,0
20061110 012800,1.675600,1.675600,1.675500,1.675600,0
20061110 012900,1.675500,1.675700,1.675300,1.675700,0
20061110 013000,1.675800,1.676100,1.675600,1.676100,0
20061110 013100,1.675900,1.676100,1.675900,1.676100,0
20061110 013200,1.675900,1.676000,1.675700,1.675900,0
20061110 013300,1.676000,1.676200,1.675900,1.676100,0
20061110 013400,1.676100,1.676100,1.676100,1.676100,0
20061110 013500,1.676000,1.676200,1.675900,1.676100,0
20061110 013600,1.676200,1.676200,1.676100,1.676100,0
20061110 013700,1.676100,1.676300,1.675800,1.676200,0
20061110 013800,1.676100,1.676300,1.675700,1.675800,0
20061110 013900,1.675800,1.676000,1.675700,1.676000,0
20061110 014000,1.675800,1.676000,1.675800,1.675900,0
20061110 014100,1.676000,1.676000,1.675500,1.675700,0
20061110 014200,1.675700,1.675900,1.675500,1.675700,0
20061110 014300,1.675800,1.675800,1.675700,1.675700,0
20061110 014400,1.675800,1.676300,1.675800,1.676300,0
20061110 014500,1.676200,1.676500,1.676200,1.676400,0
20061110 014600,1.676300,1.676400,1.676300,1.676300,0
20061110 014700,1.676200,1.676200,1.675800,1.675900,0
20061110 014800,1.676000,1.676200,1.676000,1.676000,0
20061110 014900,1.676100,1.676300,1.676000,1.676200,0
20061110 015000,1.676200,1.676500,1.676200,1.676500,0
20061110 015100,1.676400,1.676500,1.676300,1.676500,0
20061110 015200,1.676300,1.676500,1.676300,1.676400,0
20061110 015300,1.676300,1.676700,1.676200,1.676600,0
20061110 015400,1.676500,1.676800,1.676500,1.676700,0
20061110 015500,1.676600,1.676700,1.676600,1.676600,0
20061110 015600,1.676600,1.676600,1.676400,1.676500,0
20061110 015700,1.676500,1.676900,1.676500,1.676600,0
20061110 015800,1.676700,1.677300,1.676700,1.676800,0
20061110 015900,1.676700,1.676800,1.676700,1.676800,0
20061110 020000,1.676700,1.676700,1.676500,1.676700,0
20061110 020100,1.676800,1.676900,1.676400,1.676400,0
20061110 020200,1.676400,1.676900,1.676400,1.676700,0
20061110 020300,1.676900,1.677100,1.676700,1.676800,0
20061110 020400,1.676800,1.676900,1.676500,1.676500,0
20061110 020500,1.676500,1.676900,1.676400,1.676800,0
20061110 020600,1.676900,1.677000,1.676700,1.676800,0
20061110 020700,1.676900,1.677000,1.676300,1.676400,0
20061110 020800,1.676400,1.676400,1.676000,1.676000,0
20061110 020900,1.676200,1.676800,1.676200,1.676500,0
20061110 021000,1.676600,1.677000,1.676400,1.676700,0
20061110 021100,1.676600,1.676900,1.676400,1.676400,0
20061110 021200,1.676500,1.676500,1.676200,1.676500,0
20061110 021300,1.676600,1.676700,1.676400,1.676500,0
20061110 021400,1.676400,1.676500,1.676400,1.676500,0
20061110 021500,1.676400,1.676800,1.676400,1.676800,0
20061110 021600,1.676800,1.676800,1.676200,1.676200,0
20061110 021700,1.676300,1.676900,1.676300,1.676300,0
20061110 021800,1.676300,1.676400,1.675800,1.675900,0
20061110 021900,1.675900,1.676100,1.675600,1.675600,0
20061110 022000,1.675600,1.676100,1.675300,1.675400,0
20061110 022100,1.675300,1.675400,1.674600,1.675000,0
20061110 022200,1.675100,1.675300,1.674400,1.674800,0
20061110 022300,1.674900,1.675400,1.674800,1.674900,0
20061110 022400,1.675000,1.675300,1.674800,1.674900,0
20061110 022500,1.675000,1.675300,1.674800,1.675000,0
20061110 022600,1.674900,1.675500,1.674900,1.675100,0
20061110 022700,1.675100,1.675400,1.675100,1.675400,0
20061110 022800,1.675500,1.675500,1.675200,1.675300,0
20061110 022900,1.675300,1.675600,1.675300,1.675500,0
20061110 023000,1.675500,1.675900,1.675500,1.675800,0
20061110 023100,1.675700,1.676000,1.675400,1.675900,0
20061110 023200,1.676100,1.676100,1.675900,1.675900,0
20061110 023300,1.675800,1.676000,1.675800,1.675900,0
20061110 023400,1.675800,1.675900,1.675600,1.675600,0
20061110 023500,1.675700,1.676100,1.675600,1.675600,0
20061110 023600,1.675600,1.676000,1.675600,1.675900,0
20061110 023700,1.676000,1.676200,1.676000,1.676000,0
20061110 023800,1.676000,1.676300,1.676000,1.676100,0
20061110 023900,1.676000,1.676200,1.675800,1.676000,0
20061110 024000,1.676200,1.676200,1.676000,1.676000,0
20061110 024100,1.676200,1.676200,1.675800,1.675800,0
20061110 024200,1.675900,1.676100,1.674700,1.675700,0
20061110 024300,1.675700,1.676300,1.675600,1.675900,0
20061110 024400,1.675700,1.676200,1.675500,1.676000,0
20061110 024500,1.675800,1.676100,1.675800,1.675900,0
20061110 024600,1.675800,1.675900,1.675300,1.675700,0
20061110 024700,1.675800,1.676400,1.675700,1.676300,0
20061110 024800,1.676400,1.676400,1.676100,1.676200,0
20061110 024900,1.676200,1.676700,1.676200,1.676600,0
20061110 025000,1.676700,1.676700,1.676300,1.676400,0
20061110 025100,1.676500,1.676500,1.676000,1.676500,0
20061110 025200,1.676400,1.677100,1.676400,1.676800,0
20061110 025300,1.676900,1.677200,1.676900,1.677000,0
20061110 025400,1.677000,1.677400,1.676800,1.677100,0
20061110 025500,1.677000,1.677400,1.676700,1.677300,0
20061110 025600,1.677300,1.677800,1.677300,1.677600,0
20061110 025700,1.677500,1.677800,1.677400,1.677600,0
20061110 025800,1.677700,1.678500,1.677600,1.677700,0
20061110 025900,1.677900,1.677900,1.677300,1.677700,0
20061110 030000,1.677600,1.677800,1.677400,1.677400,0
20061110 030100,1.677300,1.677500,1.677100,1.677200,0
20061110 030200,1.677200,1.677600,1.677100,1.677600,0
20061110 030300,1.677500,1.677800,1.677400,1.677600,0
20061110 030400,1.677400,1.677600,1.677400,1.677600,0
20061110 030500,1.677500,1.677600,1.677300,1.677600,0
20061110 030600,1.677500,1.677600,1.677000,1.677000,0
20061110 030700,1.677100,1.677100,1.676700,1.677000,0
20061110 030800,1.676800,1.677100,1.676800,1.677000,0
20061110 030900,1.677100,1.677100,1.676800,1.677000,0
20061110 031000,1.676900,1.677300,1.676700,1.677300,0
20061110 031100,1.677200,1.677500,1.677100,1.677400,0
20061110 031200,1.677500,1.677700,1.677400,1.677500,0
20061110 031300,1.677300,1.677300,1.677100,1.677200,0
20061110 031400,1.677200,1.677300,1.677000,1.677000,0
20061110 031500,1.676900,1.676900,1.676300,1.676400,0
20061110 031600,1.676400,1.676500,1.676300,1.676500,0
20061110 031700,1.676500,1.676500,1.676400,1.676400,0
20061110 031800,1.676200,1.676500,1.675700,1.676000,0
20061110 031900,1.675900,1.676000,1.675800,1.675800,0
20061110 032000,1.675900,1.676000,1.675500,1.675500,0
20061110 032100,1.675500,1.675800,1.675500,1.675700,0
20061110 032200,1.675800,1.676200,1.675700,1.676100,0
20061110 032300,1.676000,1.676000,1.675900,1.676000,0
20061110 032400,1.675900,1.676000,1.675700,1.675900,0
20061110 032500,1.675900,1.676100,1.675800,1.676000,0
20061110 032600,1.676000,1.676500,1.675800,1.676500,0
20061110 032700,1.676300,1.676400,1.676000,1.676300,0
20061110 032800,1.676400,1.676500,1.676100,1.676200,0
20061110 032900,1.676200,1.676500,1.676100,1.676100,0
20061110 033000,1.676100,1.676700,1.676100,1.676400,0
20061110 033100,1.676500,1.676500,1.675800,1.675800,0
20061110 033200,1.675800,1.675800,1.675500,1.675800,0
20061110 033300,1.675700,1.675900,1.675600,1.675700,0
20061110 033400,1.675700,1.676200,1.675700,1.675900,0
20061110 033500,1.675800,1.675900,1.675500,1.675800,0
20061110 033600,1.675800,1.675800,1.675400,1.675800,0
20061110 033700,1.675800,1.675900,1.675600,1.675600,0
20061110 033800,1.675500,1.675800,1.675400,1.675700,0
20061110 033900,1.675700,1.675900,1.675500,1.675800,0
20061110 034000,1.675800,1.676000,1.675800,1.675900,0
20061110 034100,1.675900,1.676100,1.675600,1.675900,0
20061110 034200,1.675900,1.676000,1.675700,1.675700,0
20061110 034300,1.675700,1.676000,1.675700,1.676000,0
20061110 034400,1.676000,1.676300,1.676000,1.676300,0
20061110 034500,1.676400,1.676800,1.676300,1.676500,0
20061110 034600,1.676400,1.676600,1.676400,1.676500,0
20061110 034700,1.676600,1.676600,1.676300,1.676400,0
20061110 034800,1.676500,1.676600,1.676500,1.676500,0
20061110 034900,1.676500,1.676600,1.676400,1.676400,0
20061110 035000,1.676400,1.676500,1.676400,1.676400,0
20061110 035100,1.676300,1.676500,1.676300,1.676300,0
20061110 035200,1.676400,1.676600,1.676100,1.676200,0
20061110 035300,1.676100,1.676400,1.676000,1.676000,0
20061110 035400,1.675900,1.676400,1.675900,1.675900,0
20061110 035500,1.676000,1.676400,1.675800,1.675900,0
20061110 035600,1.676000,1.676200,1.675800,1.676100,0
20061110 035700,1.676000,1.676100,1.675500,1.676100,0
20061110 035800,1.675900,1.676000,1.675500,1.675600,0
20061110 035900,1.675800,1.675900,1.675500,1.675700,0
20061110 040000,1.675700,1.676100,1.675700,1.676000,0
20061110 040100,1.675800,1.676100,1.675500,1.675500,0
20061110 040200,1.675500,1.675900,1.675500,1.675800,0
20061110 040300,1.675700,1.675900,1.675400,1.675600,0
20061110 040400,1.675500,1.675700,1.675500,1.675600,0
20061110 040500,1.675500,1.676400,1.675400,1.675800,0
20061110 040600,1.675600,1.676200,1.675500,1.676100,0
20061110 040700,1.676000,1.676400,1.676000,1.676200,0
20061110 040800,1.676100,1.676500,1.675900,1.676400,0
20061110 040900,1.676300,1.676700,1.676200,1.676400,0
20061110 041000,1.676300,1.676700,1.676200,1.676500,0
20061110 041100,1.676500,1.676900,1.676500,1.676700,0
20061110 041200,1.676500,1.676700,1.676200,1.676300,0
20061110 041300,1.676500,1.676700,1.676200,1.676700,0
20061110 041400,1.676600,1.676700,1.676400,1.676600,0
20061110 041500,1.676700,1.676700,1.676600,1.676700,0
20061110 041600,1.676600,1.676800,1.676300,1.676500,0
20061110 041700,1.676400,1.676500,1.675700,1.675800,0
20061110 041800,1.676000,1.676200,1.675500,1.676200,0
20061110 041900,1.676400,1.677000,1.676200,1.676900,0
20061110 042000,1.676800,1.677200,1.676600,1.677000,0
20061110 042100,1.677000,1.677100,1.676800,1.676800,0
20061110 042200,1.676900,1.676900,1.676100,1.676500,0
20061110 042300,1.676600,1.676800,1.676500,1.676600,0
20061110 042400,1.676500,1.676700,1.676300,1.676700,0
20061110 042500,1.676600,1.677300,1.676600,1.677300,0
20061110 042600,1.677300,1.677400,1.677100,1.677200,0
20061110 042700,1.677300,1.677400,1.677100,1.677100,0
20061110 042800,1.677100,1.677100,1.676900,1.677000,0
20061110 042900,1.676900,1.677000,1.676400,1.676400,0
20061110 043000,1.676500,1.676600,1.676300,1.676400,0
20061110 043100,1.676300,1.676500,1.676200,1.676500,0
20061110 043200,1.676500,1.676700,1.676400,1.676600,0
20061110 043300,1.676700,1.676700,1.676200,1.676400,0
20061110 043400,1.676300,1.676300,1.675700,1.676200,0
20061110 043500,1.676200,1.676500,1.676100,1.676500,0
20061110 043600,1.676600,1.676800,1.676500,1.676600,0
20061110 043700,1.676600,1.676700,1.676500,1.676700,0
20061110 043800,1.676600,1.676600,1.676300,1.676400,0
20061110 043900,1.676400,1.676700,1.676300,1.676400,0
20061110 044000,1.676200,1.676500,1.676000,1.676500,0
20061110 044100,1.676600,1.676800,1.676200,1.676400,0
20061110 044200,1.676300,1.676400,1.676100,1.676100,0
20061110 044300,1.676200,1.676600,1.676100,1.676300,0
20061110 044400,1.676300,1.676300,1.675700,1.675900,0
20061110 044500,1.675800,1.676100,1.675700,1.675900,0
20061110 044600,1.675800,1.675800,1.675300,1.675400,0
20061110 044700,1.675300,1.675900,1.675200,1.675900,0
20061110 044800,1.676000,1.676000,1.675900,1.675900,0
20061110 044900,1.675700,1.676200,1.675700,1.676100,0
20061110 045000,1.676200,1.676400,1.676100,1.676300,0
20061110 045100,1.676100,1.676500,1.676100,1.676500,0
20061110 045200,1.676400,1.676500,1.676400,1.676500,0
20061110 045300,1.676400,1.676500,1.676300,1.676500,0
20061110 045400,1.676600,1.676700,1.676300,1.676400,0
20061110 045500,1.676400,1.676500,1.676200,1.676400,0
20061110 045600,1.676300,1.676600,1.676300,1.676600,0
20061110 045700,1.676600,1.676900,1.676600,1.676800,0
20061110 045800,1.676900,1.677200,1.676700,1.677200,0
20061110 045900,1.677100,1.677200,1.676700,1.677000,0
20061110 050000,1.676800,1.677100,1.676700,1.677100,0
20061110 050100,1.677000,1.677100,1.676800,1.676800,0
20061110 050200,1.676900,1.677100,1.676600,1.676600,0
20061110 050300,1.676500,1.676600,1.676300,1.676400,0
20061110 050400,1.676500,1.676500,1.676200,1.676500,0
20061110 050500,1.676400,1.676500,1.676200,1.676200,0
20061110 050600,1.676400,1.676700,1.676200,1.676600,0
20061110 050700,1.676600,1.676600,1.676300,1.676600,0
20061110 050800,1.676400,1.676400,1.676400,1.676400,0
20061110 050900,1.676400,1.676700,1.676400,1.676500,0
20061110 051000,1.676400,1.676700,1.676400,1.676700,0
20061110 051100,1.676600,1.676800,1.676500,1.676600,0
20061110 051200,1.676600,1.676700,1.674900,1.675400,0
20061110 051300,1.675400,1.676900,1.675300,1.676200,0
20061110 051400,1.676200,1.676800,1.676200,1.676700,0
20061110 051500,1.676500,1.676800,1.676400,1.676700,0
20061110 051600,1.676800,1.676800,1.676400,1.676400,0
20061110 051700,1.676300,1.676600,1.676300,1.676400,0
20061110 051800,1.676500,1.676500,1.676000,1.676000,0
20061110 051900,1.676000,1.676200,1.676000,1.676200,0
20061110 052000,1.676300,1.676400,1.676200,1.676300,0
20061110 052100,1.676200,1.676200,1.676000,1.676000,0
20061110 052200,1.676300,1.676300,1.676000,1.676100,0
20061110 052300,1.676000,1.676100,1.676000,1.676000,0
20061110 052400,1.676000,1.676200,1.676000,1.676100,0
20061110 052500,1.676000,1.676200,1.675900,1.676000,0
20061110 052600,1.676000,1.676100,1.675700,1.675800,0
20061110 052700,1.675600,1.675900,1.675600,1.675800,0
20061110 052800,1.675900,1.675900,1.675700,1.675800,0
20061110 053000,1.675800,1.676700,1.675800,1.676600,0
20061110 053100,1.676600,1.676600,1.676300,1.676300,0
20061110 053200,1.676200,1.676300,1.676000,1.676200,0
20061110 053300,1.676200,1.676300,1.676000,1.676300,0
20061110 053400,1.676300,1.676500,1.676300,1.676400,0
20061110 053500,1.676400,1.676500,1.676400,1.676500,0
20061110 053600,1.676400,1.676500,1.676300,1.676400,0
20061110 053700,1.676400,1.676500,1.676400,1.676500,0
20061110 053800,1.676500,1.676700,1.676500,1.676500,0
20061110 053900,1.676400,1.676500,1.676400,1.676500,0
20061110 054000,1.676500,1.677000,1.676500,1.676800,0
20061110 054100,1.676700,1.677000,1.676700,1.676900,0
20061110 054200,1.677000,1.677000,1.676700,1.676900,0
20061110 054300,1.676800,1.676800,1.676500,1.676700,0
20061110 054400,1.676700,1.677000,1.676700,1.676700,0
20061110 054500,1.676700,1.677000,1.676700,1.676900,0
20061110 054600,1.676800,1.676900,1.676500,1.676500,0
20061110 054700,1.676400,1.676500,1.676400,1.676500,0
20061110 054800,1.676300,1.676600,1.676200,1.676300,0
20061110 054900,1.676200,1.676300,1.676200,1.676300,0
20061110 055000,1.676300,1.676300,1.676200,1.676200,0
20061110 055100,1.676300,1.676500,1.676300,1.676400,0
20061110 055200,1.676400,1.676400,1.676200,1.676400,0
20061110 055300,1.676300,1.676300,1.676000,1.676000,0
20061110 055400,1.676100,1.676400,1.676000,1.676400,0
20061110 055500,1.676300,1.676400,1.676100,1.676100,0
20061110 055600,1.676000,1.676200,1.676000,1.676100,0
20061110 055700,1.676000,1.676200,1.676000,1.676100,0
20061110 055800,1.676100,1.676400,1.676100,1.676100,0
20061110 055900,1.676100,1.676300,1.676100,1.676200,0
20061110 060000,1.676300,1.676400,1.676200,1.676200,0
20061110 060100,1.676300,1.676300,1.676200,1.676300,0
20061110 060200,1.676200,1.676400,1.676200,1.676200,0
20061110 060300,1.676400,1.676400,1.676200,1.676200,0
20061110 060400,1.676100,1.676100,1.676100,1.676100,0
20061110 060600,1.676100,1.676200,1.676100,1.676200,0
20061110 060700,1.676200,1.676200,1.676200,1.676200,0
20061110 060800,1.676200,1.676200,1.676100,1.676200,0
20061110 060900,1.676100,1.676200,1.676000,1.676000,0
20061110 061000,1.676000,1.676100,1.676000,1.676100,0
20061110 061100,1.676000,1.676200,1.676000,1.676000,0
20061110 061200,1.676000,1.676100,1.676000,1.676100,0
20061110 061300,1.676000,1.676100,1.676000,1.676000,0
20061110 061400,1.675900,1.676100,1.675900,1.676100,0
20061110 061500,1.676100,1.676100,1.676100,1.676100,0
20061110 061600,1.676200,1.676200,1.676100,1.676100,0
20061110 061700,1.676100,1.676200,1.676000,1.676100,0
20061110 061800,1.676100,1.676400,1.676100,1.676400,0
20061110 061900,1.676500,1.676700,1.676400,1.676700,0
20061110 062000,1.676600,1.676800,1.676500,1.676700,0
20061110 062100,1.676700,1.676800,1.676700,1.676700,0
20061110 062200,1.676700,1.676900,1.676500,1.676700,0
20061110 062300,1.676600,1.676700,1.676600,1.676600,0
20061110 062400,1.676700,1.676700,1.676500,1.676500,0
20061110 062500,1.676400,1.676400,1.676200,1.676200,0
20061110 062600,1.676400,1.676500,1.676100,1.676100,0
20061110 062700,1.676200,1.676600,1.676100,1.676500,0
20061110 062800,1.676300,1.676400,1.675900,1.676300,0
20061110 062900,1.676400,1.676900,1.676400,1.676800,0
20061110 063000,1.676900,1.676900,1.676400,1.676500,0
20061110 063100,1.676700,1.676700,1.676500,1.676500,0
20061110 063200,1.676400,1.676500,1.676400,1.676500,0
20061110 063300,1.676400,1.676600,1.676400,1.676400,0
20061110 063400,1.676500,1.676600,1.676400,1.676600,0
20061110 063500,1.676700,1.677000,1.676700,1.677000,0
20061110 063600,1.676900,1.677000,1.676700,1.677000,0
20061110 063700,1.676900,1.676900,1.676700,1.676800,0
20061110 063800,1.676800,1.677100,1.676800,1.677100,0
20061110 063900,1.677000,1.677300,1.676800,1.676900,0
20061110 064000,1.677000,1.677100,1.676800,1.676900,0
20061110 064100,1.676800,1.677100,1.676800,1.676900,0
20061110 064200,1.677000,1.677100,1.676900,1.677100,0
20061110 064300,1.677100,1.677200,1.676900,1.677200,0
20061110 064400,1.677300,1.677300,1.676600,1.676700,0
20061110 064500,1.676900,1.676900,1.676500,1.676500,0
20061110 064600,1.676500,1.677000,1.676500,1.677000,0
20061110 064700,1.676900,1.677100,1.676900,1.677000,0
20061110 064800,1.676900,1.677200,1.676900,1.677200,0
20061110 064900,1.677100,1.677300,1.677100,1.677200,0
20061110 065000,1.677200,1.677400,1.677200,1.677300,0
20061110 065100,1.677200,1.677400,1.677200,1.677300,0
20061110 065200,1.677300,1.677400,1.677000,1.677100,0
20061110 065300,1.677200,1.677300,1.677100,1.677200,0
20061110 065400,1.677300,1.677300,1.677200,1.677300,0
20061110 065500,1.677400,1.677400,1.677200,1.677400,0
20061110 065600,1.677300,1.677400,1.677200,1.677200,0
20061110 065700,1.677100,1.677400,1.677100,1.677400,0
20061110 065800,1.677400,1.677400,1.677200,1.677400,0
20061110 065900,1.677400,1.677400,1.677400,1.677400,0
20061110 070000,1.677400,1.678100,1.677400,1.677700,0
20061110 070100,1.677800,1.678100,1.677800,1.677900,0
20061110 070200,1.677800,1.677900,1.677400,1.677400,0
20061110 070300,1.677400,1.677800,1.677400,1.677800,0
20061110 070400,1.677700,1.678000,1.677700,1.677900,0
20061110 070500,1.678100,1.678200,1.677700,1.678000,0
20061110 070600,1.678100,1.678200,1.677700,1.677900,0
20061110 070700,1.677900,1.678000,1.677600,1.677600,0
20061110 070800,1.677400,1.677800,1.677300,1.677600,0
20061110 070900,1.677400,1.677700,1.677400,1.677600,0
20061110 071000,1.677500,1.677600,1.677400,1.677500,0
20061110 071100,1.677500,1.678100,1.677500,1.678100,0
20061110 071200,1.677800,1.677900,1.677300,1.677600,0
20061110 071300,1.677500,1.677700,1.677500,1.677600,0
20061110 071400,1.677600,1.677600,1.677400,1.677500,0
20061110 071500,1.677600,1.677700,1.677600,1.677700,0
20061110 071600,1.677700,1.677900,1.677700,1.677800,0
20061110 071700,1.677600,1.677600,1.677500,1.677500,0
20061110 071800,1.677500,1.677500,1.677100,1.677400,0
20061110 071900,1.677200,1.677600,1.677200,1.677600,0
20061110 072000,1.677700,1.677900,1.677600,1.677700,0
20061110 072100,1.677600,1.677700,1.677500,1.677700,0
20061110 072200,1.677700,1.678000,1.677700,1.677900,0
20061110 072300,1.677900,1.677900,1.677500,1.677600,0
20061110 072400,1.677500,1.677500,1.677500,1.677500,0
20061110 072500,1.677600,1.677600,1.677400,1.677500,0
20061110 072600,1.677400,1.677600,1.677400,1.677400,0
20061110 072700,1.677500,1.677500,1.677200,1.677200,0
20061110 072800,1.677300,1.677300,1.677000,1.677200,0
20061110 072900,1.677100,1.677200,1.677100,1.677100,0
20061110 073000,1.677000,1.677000,1.676700,1.676800,0
20061110 073100,1.676700,1.676900,1.676700,1.676800,0
20061110 073200,1.676900,1.676900,1.676800,1.676800,0
20061110 073300,1.676800,1.676800,1.676600,1.676600,0
20061110 073400,1.676700,1.676700,1.676500,1.676500,0
20061110 073500,1.676500,1.676600,1.676500,1.676500,0
20061110 073600,1.676500,1.676700,1.676400,1.676400,0
20061110 073700,1.676500,1.676500,1.676200,1.676300,0
20061110 073800,1.676200,1.676200,1.675700,1.675900,0
20061110 073900,1.675800,1.676200,1.675700,1.676100,0
20061110 074000,1.676200,1.676400,1.676000,1.676300,0
20061110 074100,1.676400,1.676400,1.676200,1.676200,0
20061110 074200,1.676300,1.676400,1.676100,1.676200,0
20061110 074300,1.676000,1.676200,1.675900,1.676200,0
20061110 074400,1.676200,1.676300,1.675900,1.676300,0
20061110 074500,1.676400,1.676400,1.675900,1.676300,0
20061110 074600,1.676300,1.676500,1.676200,1.676300,0
20061110 074700,1.676200,1.676200,1.675900,1.676100,0
20061110 074800,1.676000,1.676100,1.675600,1.675600,0
20061110 074900,1.675500,1.675700,1.675400,1.675700,0
20061110 075000,1.675600,1.676000,1.675600,1.676000,0
20061110 075100,1.675900,1.676000,1.675900,1.675900,0
20061110 075200,1.675900,1.676200,1.675700,1.675700,0
20061110 075300,1.675700,1.675900,1.675600,1.675600,0
20061110 075400,1.675500,1.675500,1.675400,1.675400,0
20061110 075500,1.675500,1.675700,1.675400,1.675700,0
20061110 075600,1.675600,1.675700,1.675500,1.675600,0
20061110 075700,1.675600,1.675600,1.675500,1.675500,0
20061110 075800,1.675500,1.675600,1.675500,1.675600,0
20061110 075900,1.675500,1.675500,1.675400,1.675500,0
20061110 080000,1.675600,1.675700,1.675500,1.675600,0
20061110 080100,1.675700,1.675800,1.675700,1.675700,0
20061110 080200,1.675800,1.676700,1.675800,1.676400,0
20061110 080300,1.676400,1.676600,1.676400,1.676600,0
20061110 080400,1.676600,1.676700,1.676300,1.676500,0
20061110 080500,1.676500,1.676600,1.676300,1.676400,0
20061110 080600,1.676500,1.676600,1.676300,1.676400,0
20061110 080700,1.676500,1.676500,1.676400,1.676500,0
20061110 080800,1.676400,1.676400,1.676000,1.676000,0
20061110 080900,1.676100,1.676300,1.676000,1.676100,0
20061110 081000,1.676000,1.676000,1.675900,1.675900,0
20061110 081100,1.675800,1.676000,1.675500,1.675700,0
20061110 081200,1.675900,1.676100,1.675600,1.675700,0
20061110 081300,1.675700,1.676200,1.675700,1.676200,0
20061110 081400,1.676400,1.676400,1.675900,1.676000,0
20061110 081500,1.675800,1.676100,1.675800,1.676000,0
20061110 081600,1.676000,1.676000,1.675900,1.675900,0
20061110 081700,1.676000,1.676000,1.675800,1.676000,0
20061110 081800,1.675900,1.676000,1.675900,1.675900,0
20061110 081900,1.676000,1.676000,1.675900,1.676000,0
20061110 082000,1.676000,1.676300,1.675900,1.676000,0
20061110 082100,1.675900,1.676100,1.675800,1.675800,0
20061110 082200,1.675700,1.675900,1.675400,1.675400,0
20061110 082300,1.675400,1.675800,1.675400,1.675800,0
20061110 082400,1.675900,1.675900,1.675800,1.675800,0
20061110 082500,1.675700,1.676100,1.675600,1.675900,0
20061110 082600,1.676100,1.676100,1.675900,1.675900,0
20061110 082700,1.676100,1.676100,1.675800,1.676100,0
20061110 082800,1.676100,1.676300,1.675800,1.676300,0
20061110 082900,1.676200,1.676500,1.676200,1.676400,0
20061110 083000,1.676500,1.676500,1.676300,1.676400,0
20061110 083100,1.676600,1.676800,1.676300,1.676500,0
20061110 083200,1.676400,1.676900,1.676300,1.676800,0
20061110 083300,1.676900,1.677100,1.676700,1.676900,0
20061110 083400,1.676800,1.677200,1.676800,1.677100,0
20061110 083500,1.677100,1.677200,1.677100,1.677100,0
20061110 083600,1.677000,1.677100,1.676800,1.676900,0
20061110 083700,1.677100,1.677100,1.676900,1.676900,0
20061110 083800,1.677000,1.677100,1.676900,1.676900,0
20061110 083900,1.676800,1.676900,1.676700,1.676800,0
20061110 084000,1.676900,1.676900,1.676700,1.676800,0
20061110 084100,1.676600,1.676900,1.676600,1.676900,0
20061110 084200,1.676800,1.676900,1.676700,1.676900,0
20061110 084400,1.676800,1.677200,1.676600,1.676900,0
20061110 084500,1.677000,1.677400,1.677000,1.677200,0
20061110 084600,1.677300,1.677500,1.677000,1.677100,0
20061110 084700,1.677100,1.677400,1.676900,1.677100,0
20061110 084800,1.677100,1.677100,1.676700,1.676700,0
20061110 084900,1.676800,1.677000,1.676700,1.676900,0
20061110 085000,1.676800,1.677100,1.676500,1.676500,0
20061110 085100,1.676600,1.676700,1.676400,1.676600,0
20061110 085200,1.676500,1.676700,1.676400,1.676400,0
20061110 085300,1.676500,1.676600,1.676300,1.676300,0
20061110 085400,1.676400,1.676400,1.676200,1.676400,0
20061110 085500,1.676200,1.676200,1.676100,1.676100,0
20061110 085600,1.676100,1.676600,1.676000,1.676400,0
20061110 085700,1.676500,1.676600,1.676300,1.676500,0
20061110 085800,1.676400,1.676500,1.676300,1.676500,0
20061110 085900,1.676400,1.676500,1.676400,1.676400,0
20061110 090000,1.676500,1.676500,1.675900,1.676200,0
20061110 090100,1.676100,1.676300,1.675900,1.676300,0
20061110 090200,1.676300,1.676300,1.676200,1.676200,0
20061110 090300,1.676200,1.676400,1.676200,1.676300,0
20061110 090400,1.676200,1.676300,1.676100,1.676200,0
20061110 090500,1.676000,1.676000,1.675800,1.676000,0
20061110 090600,1.676100,1.676100,1.675900,1.676100,0
20061110 090700,1.676000,1.676300,1.676000,1.676300,0
20061110 090800,1.676100,1.676200,1.675900,1.676200,0
20061110 090900,1.676200,1.676600,1.676200,1.676600,0
20061110 091000,1.676600,1.676600,1.676400,1.676600,0
20061110 091100,1.676500,1.676500,1.675800,1.675800,0
20061110 091200,1.675800,1.675800,1.675200,1.675500,0
20061110 091300,1.675400,1.675400,1.675300,1.675300,0
20061110 091400,1.675300,1.675700,1.675300,1.675700,0
20061110 091500,1.675600,1.675700,1.675200,1.675300,0
20061110 091600,1.675400,1.675400,1.675100,1.675200,0
20061110 091700,1.675100,1.675100,1.674800,1.674900,0
20061110 091800,1.675000,1.675000,1.674900,1.674900,0
20061110 091900,1.674800,1.674800,1.674300,1.674500,0
20061110 092000,1.674500,1.674800,1.674400,1.674700,0
20061110 092100,1.674600,1.674800,1.674400,1.674800,0
20061110 092200,1.674900,1.675000,1.674900,1.674900,0
20061110 092300,1.674900,1.675300,1.674900,1.675100,0
20061110 092400,1.675200,1.675300,1.675200,1.675300,0
20061110 092500,1.675300,1.675400,1.675200,1.675300,0
20061110 092600,1.675300,1.675700,1.675300,1.675600,0
20061110 092700,1.675400,1.675700,1.675400,1.675700,0
20061110 092800,1.675800,1.675800,1.675700,1.675700,0
20061110 092900,1.675800,1.675800,1.675600,1.675600,0
20061110 093000,1.675700,1.676300,1.675700,1.676100,0
20061110 093100,1.676100,1.676100,1.675000,1.675100,0
20061110 093200,1.675000,1.675400,1.674900,1.675200,0
20061110 093300,1.675300,1.675400,1.674900,1.675200,0
20061110 093400,1.675300,1.675400,1.675200,1.675400,0
20061110 093500,1.675300,1.675300,1.675100,1.675200,0
20061110 093600,1.675100,1.675300,1.674800,1.674900,0
20061110 093700,1.674700,1.675100,1.674700,1.675000,0
20061110 093800,1.674800,1.674800,1.674600,1.674800,0
20061110 093900,1.674700,1.674800,1.674600,1.674700,0
20061110 094000,1.674700,1.674900,1.674600,1.674900,0
20061110 094100,1.674900,1.674900,1.674900,1.674900,0
20061110 094200,1.674900,1.674900,1.674800,1.674900,0
20061110 094300,1.674900,1.675000,1.674800,1.674900,0
20061110 094400,1.674800,1.674900,1.674800,1.674900,0
20061110 094500,1.674900,1.675000,1.674900,1.675000,0
20061110 094600,1.675000,1.675300,1.674800,1.675300,0
20061110 094700,1.675200,1.675400,1.675200,1.675400,0
20061110 094800,1.675400,1.675600,1.675100,1.675100,0
20061110 094900,1.675100,1.675700,1.675100,1.675300,0
20061110 095000,1.675200,1.675200,1.674500,1.674800,0
20061110 095100,1.675000,1.675400,1.674900,1.675300,0
20061110 095300,1.675200,1.675500,1.675200,1.675500,0
20061110 095400,1.675600,1.675600,1.675200,1.675500,0
20061110 095500,1.675500,1.675600,1.675500,1.675500,0
20061110 095600,1.675600,1.675900,1.675500,1.675600,0
20061110 095700,1.675600,1.675900,1.675500,1.675800,0
20061110 095800,1.675900,1.676000,1.675800,1.676000,0
20061110 095900,1.676000,1.676000,1.675500,1.675600,0
20061110 100000,1.675500,1.676000,1.675500,1.675900,0
20061110 100100,1.675900,1.676000,1.675700,1.676000,0
20061110 100200,1.675900,1.676600,1.675900,1.676200,0
20061110 100300,1.676300,1.676400,1.675800,1.675800,0
20061110 100400,1.676000,1.676300,1.675700,1.676300,0
20061110 100500,1.676400,1.676600,1.676200,1.676600,0
20061110 100600,1.676400,1.676600,1.676300,1.676600,0
20061110 100700,1.676600,1.677800,1.676600,1.677400,0
20061110 100800,1.677300,1.677400,1.676700,1.676700,0
20061110 100900,1.676800,1.676800,1.676400,1.676700,0
20061110 101000,1.676800,1.677100,1.676600,1.677000,0
20061110 101100,1.676900,1.677100,1.676700,1.676900,0
20061110 101200,1.676800,1.677300,1.676800,1.677100,0
20061110 101300,1.677000,1.677000,1.676700,1.676700,0
20061110 101400,1.676800,1.676900,1.676600,1.676600,0
20061110 101500,1.676700,1.676900,1.676600,1.676600,0
20061110 101600,1.676700,1.676900,1.676300,1.676400,0
20061110 101700,1.676600,1.676600,1.676300,1.676300,0
20061110 101800,1.676400,1.676500,1.675900,1.676100,0
20061110 101900,1.676200,1.676800,1.676000,1.676600,0
20061110 102000,1.676600,1.676800,1.676400,1.676800,0
20061110 102100,1.676900,1.677000,1.676300,1.676600,0
20061110 102200,1.676700,1.677000,1.676400,1.676900,0
20061110 102300,1.676800,1.676800,1.676200,1.676600,0
20061110 102400,1.676700,1.676700,1.676500,1.676700,0
20061110 102500,1.676500,1.677000,1.676400,1.677000,0
20061110 102600,1.677100,1.677600,1.676800,1.677600,0
20061110 102700,1.677500,1.677500,1.676700,1.676700,0
20061110 102800,1.676700,1.676800,1.676500,1.676600,0
20061110 102900,1.676800,1.676800,1.676600,1.676600,0
20061110 103000,1.676800,1.676900,1.676600,1.676700,0
20061110 103100,1.676800,1.676900,1.676500,1.676600,0
20061110 103200,1.676600,1.676900,1.676600,1.676900,0
20061110 103300,1.676900,1.677000,1.676700,1.676800,0
20061110 103400,1.676700,1.676900,1.676500,1.676800,0
20061110 103500,1.676800,1.676900,1.676700,1.676700,0
20061110 103600,1.676800,1.677000,1.676600,1.676800,0
20061110 103700,1.676800,1.677100,1.676700,1.677000,0
20061110 103800,1.677000,1.677400,1.676500,1.676500,0
20061110 103900,1.676500,1.676700,1.676400,1.676600,0
20061110 104000,1.676600,1.676700,1.676400,1.676700,0
20061110 104100,1.676800,1.677100,1.676700,1.677100,0
20061110 104200,1.677100,1.677800,1.677100,1.677600,0
20061110 104300,1.677300,1.677800,1.677200,1.677600,0
20061110 104400,1.677400,1.677600,1.677200,1.677300,0
20061110 104500,1.677200,1.677400,1.677100,1.677200,0
20061110 104600,1.677200,1.677400,1.676300,1.676600,0
20061110 104700,1.676700,1.677200,1.676600,1.676700,0
20061110 104800,1.676700,1.677100,1.676400,1.676900,0
20061110 104900,1.677000,1.677400,1.676500,1.677400,0
20061110 105000,1.677400,1.677700,1.677300,1.677300,0
20061110 105100,1.677200,1.677300,1.677100,1.677300,0
20061110 105200,1.677200,1.677300,1.676700,1.677000,0
20061110 105300,1.677100,1.678100,1.677100,1.677700,0
20061110 105400,1.677800,1.677900,1.677600,1.677800,0
20061110 105500,1.677900,1.678000,1.677600,1.677800,0
20061110 105600,1.677700,1.677800,1.677600,1.677600,0
20061110 105700,1.677700,1.677900,1.677400,1.677400,0
20061110 105800,1.677300,1.677400,1.677000,1.677200,0
20061110 105900,1.677100,1.677700,1.676900,1.677300,0
20061110 110000,1.677500,1.677700,1.677100,1.677200,0
20061110 110100,1.677400,1.677400,1.677100,1.677300,0
20061110 110200,1.677200,1.677300,1.676900,1.676900,0
20061110 110300,1.676900,1.677600,1.676900,1.677600,0
20061110 110400,1.677600,1.677700,1.677400,1.677500,0
20061110 110500,1.677400,1.677600,1.677300,1.677300,0
20061110 110600,1.677300,1.677600,1.677300,1.677400,0
20061110 110700,1.677400,1.677900,1.677200,1.677900,0
20061110 110800,1.677900,1.678200,1.677700,1.678000,0
20061110 110900,1.677900,1.678000,1.677700,1.678000,0
20061110 111000,1.677800,1.678000,1.677200,1.677200,0
20061110 111100,1.677200,1.677800,1.677200,1.677500,0
20061110 111200,1.677400,1.677500,1.677300,1.677300,0
20061110 111300,1.677300,1.677700,1.677000,1.677000,0
20061110 111400,1.677000,1.677000,1.676300,1.676400,0
20061110 111500,1.676400,1.676700,1.676400,1.676600,0
20061110 111600,1.676600,1.676700,1.676400,1.676700,0
20061110 111700,1.676800,1.677200,1.676800,1.677100,0
20061110 111800,1.677200,1.677400,1.676800,1.677200,0
20061110 111900,1.677000,1.677200,1.677000,1.677200,0
20061110 112000,1.677000,1.677300,1.676900,1.677100,0
20061110 112100,1.677200,1.677200,1.676700,1.676700,0
20061110 112200,1.676600,1.676800,1.676600,1.676800,0
20061110 112300,1.676700,1.676800,1.676500,1.676500,0
20061110 112400,1.676500,1.676500,1.676400,1.676500,0
20061110 112500,1.676400,1.676500,1.676100,1.676200,0
20061110 112600,1.676300,1.676400,1.675900,1.676400,0
20061110 112700,1.676500,1.676600,1.676300,1.676400,0
20061110 112800,1.676300,1.676700,1.676300,1.676700,0
20061110 112900,1.676700,1.676800,1.676400,1.676600,0
20061110 113000,1.676500,1.676500,1.676300,1.676300,0
20061110 113100,1.676400,1.676400,1.676200,1.676300,0
20061110 113200,1.676400,1.676400,1.676300,1.676400,0
20061110 113300,1.676300,1.676300,1.676200,1.676300,0
20061110 113400,1.676400,1.676500,1.676300,1.676400,0
20061110 113500,1.676500,1.676700,1.676300,1.676300,0
20061110 113600,1.676600,1.676600,1.676400,1.676500,0
20061110 113700,1.676400,1.676400,1.676200,1.676300,0
20061110 113800,1.676400,1.676400,1.676200,1.676200,0
20061110 113900,1.676400,1.676500,1.676200,1.676300,0
20061110 114000,1.676200,1.676600,1.676200,1.676500,0
20061110 114100,1.676500,1.677000,1.676400,1.676900,0
20061110 114200,1.676800,1.676900,1.676500,1.676500,0
20061110 114300,1.676400,1.676500,1.676400,1.676400,0
20061110 114400,1.676300,1.676600,1.676300,1.676500,0
20061110 114500,1.676400,1.676500,1.676400,1.676500,0
20061110 114600,1.676600,1.676600,1.676500,1.676600,0
20061110 114700,1.676500,1.676600,1.676500,1.676600,0
20061110 114800,1.676500,1.676700,1.676500,1.676600,0
20061110 114900,1.676500,1.676600,1.676400,1.676600,0
20061110 115000,1.676700,1.676800,1.676600,1.676600,0
20061110 115100,1.676700,1.676900,1.676600,1.676900,0
20061110 115200,1.677000,1.677100,1.677000,1.677000,0
20061110 115300,1.677100,1.677100,1.676900,1.676900,0
20061110 115400,1.676900,1.677100,1.676900,1.676900,0
20061110 115500,1.676800,1.677000,1.676600,1.676800,0
20061110 115600,1.676700,1.677000,1.676700,1.676900,0
20061110 115700,1.676700,1.676900,1.676600,1.676900,0
20061110 115800,1.676700,1.677000,1.676500,1.676700,0
20061110 115900,1.676600,1.676600,1.676400,1.676600,0
20061110 120000,1.676400,1.676800,1.676400,1.676700,0
20061110 120100,1.676800,1.677000,1.676800,1.676800,0
20061110 120200,1.676900,1.677000,1.676900,1.676900,0
20061110 120300,1.676800,1.677000,1.676800,1.677000,0
20061110 120400,1.676900,1.677200,1.676900,1.677100,0
20061110 120500,1.677000,1.677000,1.676700,1.676700,0
20061110 120600,1.676800,1.677200,1.676600,1.676600,0
20061110 120700,1.676700,1.676900,1.676700,1.676700,0
20061110 120800,1.676600,1.676700,1.676500,1.676500,0
20061110 120900,1.676600,1.676900,1.676500,1.676900,0
20061110 121000,1.676800,1.676900,1.676600,1.676800,0
20061110 121100,1.676700,1.677300,1.676600,1.677100,0
20061110 121200,1.677000,1.677000,1.676900,1.677000,0
20061110 121300,1.677100,1.677200,1.676900,1.676900,0
20061110 121400,1.677000,1.677200,1.676900,1.677100,0
20061110 121500,1.677200,1.677200,1.677000,1.677000,0
20061110 121700,1.676900,1.676900,1.676900,1.676900,0
20061110 121800,1.677000,1.677000,1.677000,1.677000,0
20061110 121900,1.676900,1.676900,1.676700,1.676700,0
20061110 122000,1.676800,1.676800,1.676700,1.676700,0
20061110 122100,1.676800,1.676800,1.676700,1.676700,0
20061110 122200,1.676900,1.676900,1.676600,1.676800,0
20061110 122300,1.676700,1.676700,1.676500,1.676500,0
20061110 122500,1.676600,1.676900,1.676600,1.676700,0
20061110 122600,1.676800,1.676800,1.676400,1.676500,0
20061110 122700,1.676600,1.676600,1.676600,1.676600,0
20061110 122800,1.676500,1.676500,1.676400,1.676400,0
20061110 122900,1.676500,1.676600,1.676500,1.676500,0
20061110 123000,1.676600,1.676700,1.676600,1.676600,0
20061110 123100,1.676800,1.676900,1.676700,1.676900,0
20061110 123200,1.677000,1.677000,1.676800,1.677000,0
20061110 123300,1.676900,1.677200,1.676900,1.677200,0
20061110 123400,1.677300,1.677300,1.677300,1.677300,0
20061110 123500,1.677200,1.677400,1.677000,1.677000,0
20061110 123600,1.676900,1.677100,1.676800,1.676800,0
20061110 123700,1.676700,1.676700,1.676700,1.676700,0
20061110 123900,1.676800,1.676900,1.676800,1.676900,0
20061110 124000,1.676800,1.677000,1.676800,1.676900,0
20061110 124100,1.676800,1.676900,1.676700,1.676800,0
20061110 124200,1.676700,1.676900,1.676700,1.676900,0
20061110 124300,1.677000,1.677200,1.676900,1.677000,0
20061110 124400,1.676900,1.676900,1.676700,1.676700,0
20061110 124500,1.676600,1.676600,1.675900,1.676100,0
20061110 124600,1.676200,1.676200,1.675400,1.675400,0
20061110 124700,1.675500,1.675500,1.675500,1.675500,0
20061110 124800,1.675600,1.675700,1.675500,1.675700,0
20061110 124900,1.675800,1.675900,1.675700,1.675900,0
20061110 125000,1.675800,1.676000,1.675500,1.675600,0
20061110 125100,1.675500,1.675700,1.675300,1.675500,0
20061110 125200,1.675600,1.675600,1.675300,1.675500,0
20061110 125300,1.675400,1.675700,1.675300,1.675500,0
20061110 125400,1.675700,1.675700,1.675400,1.675400,0
20061110 125500,1.675300,1.675900,1.675200,1.675800,0
20061110 125600,1.675700,1.675700,1.675500,1.675500,0
20061110 125700,1.675400,1.675800,1.675400,1.675700,0
20061110 125800,1.675600,1.675700,1.675500,1.675700,0
20061110 125900,1.675800,1.676000,1.675800,1.675900,0
20061110 130000,1.676200,1.676300,1.675900,1.675900,0
20061110 130100,1.676000,1.676200,1.676000,1.676100,0
20061110 130200,1.676200,1.676200,1.676000,1.676100,0
20061110 130300,1.676000,1.676100,1.675900,1.676000,0
20061110 130400,1.676100,1.676100,1.676000,1.676100,0
20061110 130500,1.676000,1.676200,1.676000,1.676200,0
20061110 130700,1.676300,1.676400,1.676300,1.676400,0
20061110 130800,1.676300,1.676400,1.676200,1.676200,0
20061110 130900,1.676100,1.676200,1.676100,1.676200,0
20061110 131000,1.676100,1.676200,1.676100,1.676200,0
20061110 131100,1.676000,1.676300,1.676000,1.676100,0
20061110 131400,1.676300,1.676300,1.676000,1.676000,0
20061110 131500,1.675900,1.676000,1.675900,1.676000,0
20061110 131600,1.675900,1.676100,1.675900,1.675900,0
20061110 131700,1.676000,1.676000,1.675900,1.675900,0
20061110 131800,1.676000,1.676000,1.675900,1.675900,0
20061110 131900,1.676000,1.676200,1.675900,1.675900,0
20061110 132000,1.676000,1.676000,1.675900,1.675900,0
20061110 132100,1.675700,1.676200,1.675700,1.676000,0
20061110 132200,1.675900,1.676000,1.675800,1.675900,0
20061110 132300,1.676000,1.676100,1.675900,1.675900,0
20061110 132500,1.676000,1.676300,1.676000,1.676300,0
20061110 132600,1.676200,1.676600,1.676100,1.676600,0
20061110 132700,1.676400,1.676600,1.676400,1.676400,0
20061110 132800,1.676300,1.676500,1.676300,1.676500,0
20061110 132900,1.676600,1.676700,1.676500,1.676600,0
20061110 133000,1.676700,1.676800,1.676500,1.676500,0
20061110 133100,1.676400,1.676800,1.676400,1.676700,0
20061110 133200,1.676800,1.676800,1.676500,1.676500,0
20061110 133300,1.676400,1.676500,1.676400,1.676500,0
20061110 133400,1.676400,1.676400,1.676400,1.676400,0
20061110 133600,1.676300,1.676400,1.676300,1.676400,0
20061110 133700,1.676300,1.676300,1.676300,1.676300,0
20061110 133800,1.676300,1.676400,1.676300,1.676400,0
20061110 133900,1.676300,1.676300,1.676200,1.676300,0
20061110 134000,1.676400,1.676400,1.676100,1.676100,0
20061110 134100,1.676000,1.676200,1.675800,1.676200,0
20061110 134200,1.676300,1.676500,1.676100,1.676200,0
20061110 134300,1.676100,1.676200,1.676000,1.676100,0
20061110 134400,1.676200,1.676300,1.676200,1.676200,0
20061110 134500,1.676100,1.676200,1.676000,1.676100,0
20061110 134600,1.676200,1.676200,1.675900,1.675900,0
20061110 134700,1.676000,1.676000,1.675900,1.675900,0
20061110 134800,1.676000,1.676100,1.675900,1.676000,0
20061110 134900,1.675900,1.676300,1.675900,1.676100,0
20061110 135000,1.676200,1.676300,1.676200,1.676200,0
20061110 135100,1.676300,1.676300,1.676300,1.676300,0
20061110 135200,1.676400,1.676500,1.676300,1.676300,0
20061110 135300,1.676400,1.676400,1.676200,1.676200,0
20061110 135400,1.676100,1.676200,1.675900,1.676000,0
20061110 135500,1.676100,1.676100,1.676000,1.676100,0
20061110 135700,1.676200,1.676400,1.676100,1.676300,0
20061110 135800,1.676400,1.676400,1.676400,1.676400,0
20061110 140000,1.676500,1.676500,1.676300,1.676400,0
20061110 140100,1.676500,1.676500,1.676400,1.676500,0
20061110 140700,1.676400,1.676500,1.676400,1.676500,0
20061110 140800,1.676400,1.676400,1.676400,1.676400,0
20061110 141000,1.676300,1.676300,1.676300,1.676300,0
20061110 141100,1.676400,1.676400,1.676200,1.676200,0
20061110 141200,1.676300,1.676300,1.676300,1.676300,0
20061110 141300,1.676200,1.676400,1.676100,1.676300,0
20061110 141400,1.676400,1.676400,1.676300,1.676300,0
20061110 141500,1.676400,1.676400,1.676300,1.676300,0
20061110 141600,1.676200,1.676200,1.676100,1.676100,0
20061110 141700,1.676000,1.676000,1.676000,1.676000,0
20061110 142100,1.676100,1.676100,1.676100,1.676100,0
20061110 142200,1.676000,1.676100,1.676000,1.676000,0
20061110 142300,1.675900,1.676000,1.675600,1.675800,0
20061110 142400,1.675900,1.676300,1.675800,1.676200,0
20061110 142500,1.676100,1.676200,1.676100,1.676200,0
20061110 142600,1.676100,1.676200,1.675800,1.676000,0
20061110 142700,1.675900,1.676000,1.675500,1.675700,0
20061110 142800,1.675800,1.675900,1.675500,1.675700,0
20061110 142900,1.675800,1.675800,1.675600,1.675700,0
20061110 143000,1.675800,1.675800,1.675500,1.675700,0
20061110 143100,1.675600,1.675800,1.675500,1.675800,0
20061110 143200,1.675700,1.675900,1.675600,1.675600,0
20061110 143300,1.675500,1.675500,1.675100,1.675300,0
20061110 143400,1.675200,1.675300,1.675100,1.675200,0
20061110 143500,1.675300,1.675300,1.675200,1.675200,0
20061110 143700,1.675400,1.675400,1.675300,1.675400,0
20061110 143800,1.675200,1.675500,1.675200,1.675500,0
20061110 143900,1.675400,1.675700,1.675200,1.675700,0
20061110 144000,1.675800,1.675800,1.675800,1.675800,0
20061110 144100,1.675700,1.675800,1.675600,1.675600,0
20061110 144200,1.675700,1.675700,1.675200,1.675200,0
20061110 144300,1.675300,1.675600,1.675200,1.675400,0
20061110 144400,1.675500,1.675600,1.675100,1.675300,0
20061110 144500,1.675200,1.675300,1.675100,1.675200,0
20061110 144600,1.675100,1.675400,1.675100,1.675300,0
20061110 144700,1.675200,1.675700,1.675100,1.675700,0
20061110 144800,1.675600,1.675600,1.675300,1.675400,0
20061110 144900,1.675500,1.675500,1.675500,1.675500,0
20061110 145000,1.675300,1.675400,1.675300,1.675300,0
20061110 145100,1.675200,1.675300,1.675200,1.675300,0
20061110 145200,1.675200,1.675400,1.675100,1.675100,0
20061110 145300,1.675000,1.675000,1.675000,1.675000,0
20061110 145400,1.675100,1.675100,1.675000,1.675100,0
20061110 145500,1.675000,1.675100,1.675000,1.675000,0
20061110 145600,1.674900,1.675000,1.674900,1.674900,0
20061110 145700,1.675000,1.675300,1.674900,1.675300,0
20061110 145800,1.675200,1.675400,1.675200,1.675300,0
20061110 145900,1.675400,1.675600,1.675300,1.675600,0
20061110 150000,1.675500,1.675800,1.675500,1.675700,0
20061110 150100,1.675800,1.675800,1.675400,1.675500,0
20061110 150200,1.675300,1.675500,1.675300,1.675400,0
20061110 150300,1.675300,1.675400,1.675300,1.675300,0
20061110 150500,1.675200,1.675300,1.675200,1.675300,0
20061110 150600,1.675100,1.675200,1.675100,1.675200,0
20061110 150900,1.675100,1.675300,1.675100,1.675300,0
20061110 151000,1.675200,1.675300,1.675100,1.675100,0
20061110 151100,1.675200,1.675300,1.675200,1.675300,0
20061110 151200,1.675200,1.675200,1.675200,1.675200,0
20061110 151300,1.675100,1.675100,1.674900,1.675000,0
20061110 151400,1.675100,1.675200,1.675100,1.675200,0
20061110 151500,1.675100,1.675200,1.675000,1.675000,0
20061110 151600,1.674800,1.675000,1.674700,1.674800,0
20061110 151700,1.674700,1.674700,1.674700,1.674700,0
20061110 151800,1.674800,1.674800,1.674800,1.674800,0
20061110 151900,1.674900,1.674900,1.674800,1.674800,0
20061110 152100,1.674900,1.674900,1.674800,1.674800,0
20061110 152200,1.674900,1.675100,1.674900,1.675000,0
20061110 152300,1.675100,1.675100,1.675100,1.675100,0
20061110 152400,1.675000,1.675000,1.675000,1.675000,0
20061110 152500,1.674800,1.674800,1.674800,1.674800,0
20061110 152700,1.674900,1.674900,1.674800,1.674800,0
20061110 152800,1.674600,1.674700,1.674500,1.674600,0
20061110 152900,1.674400,1.674500,1.674200,1.674400,0
20061110 153000,1.674500,1.674500,1.674400,1.674400,0
20061110 153100,1.674300,1.674300,1.674200,1.674300,0
20061110 153200,1.674200,1.674300,1.674200,1.674300,0
20061110 153300,1.674400,1.674400,1.674300,1.674300,0
20061110 153400,1.674400,1.674700,1.674400,1.674600,0
20061110 153500,1.674700,1.674700,1.674500,1.674600,0
20061110 153600,1.674700,1.674700,1.674500,1.674600,0
20061110 153700,1.674700,1.674700,1.674600,1.674700,0
20061110 153800,1.674600,1.674800,1.674600,1.674700,0
20061110 153900,1.674800,1.675000,1.674700,1.674800,0
20061110 154000,1.674900,1.675000,1.674800,1.674900,0
20061110 154100,1.674700,1.675000,1.674700,1.674900,0
20061110 154200,1.675000,1.675000,1.674800,1.674900,0
20061110 154300,1.674800,1.675100,1.674800,1.675000,0
20061110 154400,1.674900,1.674900,1.674600,1.674700,0
20061110 154500,1.674800,1.674900,1.674700,1.674800,0
20061110 154600,1.674700,1.674900,1.674700,1.674700,0
20061110 154800,1.674600,1.674600,1.674600,1.674600,0
20061110 154900,1.674700,1.674800,1.674700,1.674700,0
20061110 155000,1.674800,1.674800,1.674800,1.674800,0
20061110 155100,1.674700,1.674800,1.674600,1.674600,0
20061110 155200,1.674700,1.674800,1.674600,1.674800,0
20061110 155300,1.674700,1.674700,1.674600,1.674700,0
20061110 155400,1.674800,1.674800,1.674700,1.674700,0
20061110 155500,1.674500,1.674500,1.674300,1.674400,0
20061110 155600,1.674500,1.674500,1.674300,1.674300,0
20061110 155700,1.674400,1.674500,1.674100,1.674300,0
20061110 155800,1.674100,1.674300,1.674100,1.674100,0
20061110 155900,1.674200,1.674300,1.674200,1.674300,0
20061110 160000,1.674400,1.674400,1.674200,1.674200,0
20061110 160100,1.674300,1.674300,1.674100,1.674100,0
20061110 160200,1.674000,1.674200,1.674000,1.674200,0
20061110 160400,1.674100,1.674200,1.674100,1.674200,0
20061110 160500,1.674100,1.674100,1.673900,1.674000,0
20061110 160600,1.674100,1.674100,1.674100,1.674100,0
20061110 160700,1.674000,1.674100,1.674000,1.674000,0
20061110 160800,1.674100,1.674200,1.674100,1.674200,0
20061110 160900,1.674100,1.674200,1.673700,1.673700,0
20061110 161000,1.673500,1.674000,1.673500,1.674000,0
20061110 161100,1.674100,1.674100,1.674100,1.674100,0
20061110 161200,1.674200,1.674400,1.674200,1.674400,0
20061110 161300,1.674200,1.674200,1.674000,1.674000,0
20061110 161400,1.674100,1.674100,1.674000,1.674000,0
20061110 161500,1.674100,1.674100,1.673800,1.674100,0
20061110 161600,1.674000,1.674100,1.673700,1.673800,0
20061110 161700,1.673800,1.673800,1.673800,1.673800,0
20061110 161800,1.673800,1.673800,1.673800,1.673800,0
20061110 161900,1.673900,1.673900,1.673700,1.673900,0
20061110 162000,1.673800,1.673900,1.673600,1.673700,0
20061110 162100,1.673800,1.673800,1.673700,1.673800,0
20061110 162400,1.673600,1.673800,1.673600,1.673800,0
20061110 162500,1.673700,1.673800,1.673600,1.673800,0
20061110 162600,1.673900,1.674500,1.673800,1.673900,0
20061110 162700,1.673800,1.673900,1.673600,1.673900,0
20061110 162800,1.673800,1.673800,1.673700,1.673700,0
20061110 162900,1.673800,1.673800,1.673700,1.673700,0
