20091008 000000,1.599500,1.599900,1.599500,1.599900,0
20091008 000100,1.599700,1.599800,1.599500,1.599600,0
20091008 000200,1.599600,1.599600,1.599400,1.599600,0
20091008 000300,1.599500,1.599900,1.599500,1.599900,0
20091008 000400,1.599800,1.599800,1.599500,1.599500,0
20091008 000500,1.599600,1.599600,1.599400,1.599400,0
20091008 000600,1.599300,1.599400,1.599300,1.599300,0
20091008 000700,1.599400,1.599500,1.599400,1.599500,0
20091008 000900,1.599400,1.599400,1.599300,1.599400,0
20091008 001000,1.599400,1.599500,1.599400,1.599500,0
20091008 001100,1.599600,1.599700,1.599500,1.599700,0
20091008 001200,1.599600,1.599700,1.599600,1.599600,0
20091008 001300,1.599600,1.599600,1.599400,1.599400,0
20091008 001400,1.599300,1.599300,1.599100,1.599100,0
20091008 001500,1.599200,1.599200,1.599200,1.599200,0
20091008 001600,1.599100,1.599400,1.599100,1.599200,0
20091008 001700,1.599100,1.599300,1.599100,1.599200,0
20091008 001800,1.599200,1.599200,1.599100,1.599200,0
20091008 001900,1.599200,1.599300,1.598900,1.599000,0
20091008 002000,1.599000,1.599100,1.599000,1.599100,0
20091008 002100,1.599100,1.599100,1.599100,1.599100,0
20091008 002200,1.599200,1.599200,1.599100,1.599100,0
20091008 002300,1.599100,1.599200,1.599100,1.599200,0
20091008 002500,1.599100,1.599300,1.599100,1.599200,0
20091008 002600,1.599100,1.599300,1.599100,1.599300,0
20091008 002700,1.599200,1.599300,1.599000,1.599100,0
20091008 002800,1.599200,1.599200,1.599000,1.599000,0
20091008 002900,1.599000,1.599100,1.599000,1.599100,0
20091008 003000,1.599000,1.599000,1.599000,1.599000,0
20091008 003100,1.599100,1.599100,1.599000,1.599000,0
20091008 003200,1.599000,1.599100,1.599000,1.599100,0
20091008 003300,1.599100,1.599200,1.599000,1.599000,0
20091008 003400,1.598900,1.599000,1.598900,1.599000,0
20091008 003500,1.599100,1.599300,1.599000,1.599100,0
20091008 003600,1.599200,1.599300,1.599100,1.599200,0
20091008 003700,1.599200,1.599200,1.599200,1.599200,0
20091008 003800,1.599200,1.599300,1.599200,1.599200,0
20091008 003900,1.599100,1.599100,1.599000,1.599100,0
20091008 004000,1.599200,1.599200,1.599100,1.599200,0
20091008 004100,1.599100,1.599200,1.599100,1.599100,0
20091008 004300,1.599000,1.599000,1.599000,1.599000,0
20091008 004400,1.599000,1.599000,1.599000,1.599000,0
20091008 004500,1.599100,1.599200,1.599100,1.599200,0
20091008 004600,1.599200,1.599200,1.599100,1.599100,0
20091008 004700,1.599300,1.599400,1.599100,1.599300,0
20091008 004800,1.599300,1.599400,1.599200,1.599400,0
20091008 004900,1.599500,1.599500,1.599300,1.599400,0
20091008 005000,1.599400,1.599700,1.599400,1.599700,0
20091008 005100,1.599700,1.599900,1.599600,1.599800,0
20091008 005200,1.599900,1.599900,1.599700,1.599800,0
20091008 005300,1.599700,1.599700,1.599300,1.599600,0
20091008 005400,1.599500,1.599600,1.599500,1.599600,0
20091008 005500,1.599500,1.599500,1.599100,1.599200,0
20091008 005600,1.599200,1.599600,1.599100,1.599300,0
20091008 005700,1.599400,1.599400,1.599300,1.599400,0
20091008 005800,1.599300,1.599400,1.599300,1.599300,0
20091008 005900,1.599300,1.599300,1.599100,1.599100,0
20091008 010000,1.599200,1.599200,1.599100,1.599200,0
20091008 010100,1.599100,1.599100,1.599100,1.599100,0
20091008 010200,1.599100,1.599100,1.599100,1.599100,0
20091008 010300,1.599100,1.599200,1.599100,1.599200,0
20091008 010400,1.599300,1.599300,1.599300,1.599300,0
20091008 010500,1.599300,1.599400,1.599300,1.599400,0
20091008 010600,1.599300,1.599300,1.599300,1.599300,0
20091008 010700,1.599400,1.599400,1.599400,1.599400,0
20091008 010800,1.599500,1.599600,1.599500,1.599500,0
20091008 010900,1.599300,1.599300,1.599100,1.599100,0
20091008 011000,1.599200,1.599500,1.599200,1.599400,0
20091008 011100,1.599300,1.599400,1.599300,1.599400,0
20091008 011200,1.599300,1.599400,1.599300,1.599400,0
20091008 011300,1.599500,1.599600,1.599400,1.599600,0
20091008 011400,1.599500,1.599500,1.599300,1.599300,0
20091008 011500,1.599200,1.599300,1.599200,1.599200,0
20091008 011600,1.599300,1.599400,1.599300,1.599300,0
20091008 011700,1.599300,1.599400,1.599200,1.599400,0
20091008 011800,1.599300,1.599500,1.599300,1.599400,0
20091008 011900,1.599300,1.599300,1.599100,1.599200,0
20091008 012000,1.599400,1.599600,1.599400,1.599600,0
20091008 012100,1.599700,1.599800,1.599300,1.599600,0
20091008 012200,1.599600,1.599700,1.599600,1.599600,0
20091008 012300,1.599600,1.599700,1.599600,1.599700,0
20091008 012400,1.599800,1.599800,1.599800,1.599800,0
20091008 012500,1.599700,1.599800,1.599700,1.599800,0
20091008 012600,1.599800,1.600700,1.599800,1.600600,0
20091008 012700,1.600600,1.600700,1.600400,1.600400,0
20091008 012800,1.600400,1.600700,1.600400,1.600600,0
20091008 012900,1.600600,1.600800,1.600500,1.600500,0
20091008 013000,1.600500,1.600600,1.600400,1.600500,0
20091008 013100,1.600500,1.600500,1.600400,1.600400,0
20091008 013200,1.600400,1.600400,1.599800,1.599800,0
20091008 013300,1.599800,1.600000,1.599700,1.600000,0
20091008 013400,1.600000,1.600000,1.599800,1.599800,0
20091008 013500,1.599800,1.599800,1.599700,1.599700,0
20091008 013600,1.599700,1.599800,1.599700,1.599800,0
20091008 013700,1.599700,1.599700,1.599600,1.599700,0
20091008 013800,1.599700,1.599800,1.599700,1.599700,0
20091008 013900,1.599700,1.599700,1.599500,1.599600,0
20091008 014000,1.599600,1.599600,1.599500,1.599500,0
20091008 014100,1.599600,1.599600,1.599600,1.599600,0
20091008 014200,1.599500,1.599500,1.599300,1.599400,0
20091008 014300,1.599400,1.599400,1.599000,1.599400,0
20091008 014400,1.599400,1.599400,1.599000,1.599000,0
20091008 014500,1.599000,1.599100,1.598900,1.599100,0
20091008 014600,1.599000,1.599100,1.598900,1.598900,0
20091008 014700,1.599000,1.599100,1.598900,1.599100,0
20091008 014800,1.599000,1.599200,1.599000,1.599100,0
20091008 014900,1.599100,1.599200,1.599000,1.599200,0
20091008 015000,1.599100,1.599200,1.599000,1.599000,0
20091008 015100,1.599000,1.599100,1.599000,1.599000,0
20091008 015200,1.599100,1.599100,1.599100,1.599100,0
20091008 015300,1.599000,1.599000,1.599000,1.599000,0
20091008 015400,1.599000,1.599100,1.598900,1.598900,0
20091008 015500,1.599100,1.599100,1.598900,1.598900,0
20091008 015600,1.599000,1.599100,1.599000,1.599000,0
20091008 015700,1.599000,1.599000,1.599000,1.599000,0
20091008 015800,1.599100,1.599100,1.598900,1.599100,0
20091008 015900,1.599000,1.599100,1.598900,1.599100,0
20091008 020000,1.599300,1.599300,1.599100,1.599300,0
20091008 020100,1.599300,1.599400,1.599200,1.599300,0
20091008 020200,1.599400,1.599400,1.599200,1.599300,0
20091008 020300,1.599200,1.599300,1.599200,1.599300,0
20091008 020400,1.599200,1.599300,1.599100,1.599100,0
20091008 020500,1.599100,1.599200,1.599100,1.599200,0
20091008 020600,1.599300,1.599800,1.599300,1.599300,0
20091008 020700,1.599400,1.599500,1.599400,1.599400,0
20091008 020800,1.599300,1.599300,1.599000,1.599100,0
20091008 020900,1.599000,1.599300,1.598900,1.599100,0
20091008 021000,1.599300,1.599600,1.599200,1.599300,0
20091008 021100,1.599300,1.599400,1.598900,1.598900,0
20091008 021200,1.598900,1.598900,1.598300,1.598500,0
20091008 021300,1.598500,1.598600,1.598400,1.598500,0
20091008 021400,1.598400,1.598400,1.598000,1.598100,0
20091008 021500,1.598000,1.598000,1.597600,1.597600,0
20091008 021600,1.597700,1.597800,1.597200,1.597300,0
20091008 021700,1.597300,1.597700,1.597300,1.597600,0
20091008 021800,1.597700,1.598000,1.597600,1.597900,0
20091008 021900,1.597800,1.597900,1.597400,1.597600,0
20091008 022000,1.597600,1.598100,1.597600,1.598100,0
20091008 022100,1.598000,1.598700,1.598000,1.598500,0
20091008 022200,1.598400,1.598700,1.598300,1.598600,0
20091008 022300,1.598500,1.598600,1.598300,1.598600,0
20091008 022400,1.598500,1.598600,1.598500,1.598600,0
20091008 022500,1.598500,1.598600,1.598200,1.598500,0
20091008 022600,1.598400,1.599300,1.598400,1.599100,0
20091008 022700,1.599000,1.599100,1.599000,1.599000,0
20091008 022800,1.599000,1.599000,1.598900,1.599000,0
20091008 022900,1.599000,1.599100,1.598400,1.598500,0
20091008 023000,1.598400,1.598900,1.598300,1.598700,0
20091008 023100,1.598800,1.598900,1.598600,1.598800,0
20091008 023200,1.598800,1.599300,1.598700,1.599300,0
20091008 023300,1.599300,1.599500,1.598900,1.598900,0
20091008 023400,1.599000,1.599300,1.598900,1.599300,0
20091008 023500,1.599300,1.599700,1.599300,1.599300,0
20091008 023600,1.599400,1.599500,1.599300,1.599400,0
20091008 023700,1.599400,1.599400,1.599400,1.599400,0
20091008 023800,1.599500,1.599500,1.598900,1.599300,0
20091008 023900,1.599300,1.599700,1.599300,1.599700,0
20091008 024000,1.599800,1.601100,1.599800,1.601100,0
20091008 024100,1.601100,1.601400,1.601100,1.601200,0
20091008 024200,1.601000,1.601600,1.600900,1.601500,0
20091008 024300,1.601400,1.601500,1.601100,1.601100,0
20091008 024400,1.601000,1.601100,1.600900,1.600900,0
20091008 024500,1.600900,1.601400,1.600700,1.601200,0
20091008 024600,1.601200,1.601200,1.601000,1.601100,0
20091008 024700,1.601100,1.601300,1.600900,1.601000,0
20091008 024800,1.601000,1.601000,1.600600,1.600600,0
20091008 024900,1.600600,1.600700,1.600500,1.600600,0
20091008 025000,1.600600,1.600600,1.600400,1.600400,0
20091008 025100,1.600300,1.600600,1.600300,1.600600,0
20091008 025200,1.600700,1.600900,1.600600,1.600800,0
20091008 025300,1.600900,1.601000,1.600800,1.601000,0
20091008 025400,1.601000,1.601500,1.601000,1.601500,0
20091008 025500,1.601600,1.601700,1.601500,1.601700,0
20091008 025600,1.601600,1.601800,1.601500,1.601800,0
20091008 025700,1.601700,1.601800,1.601500,1.601600,0
20091008 025800,1.601500,1.602500,1.601500,1.601900,0
20091008 025900,1.601900,1.601900,1.601500,1.601800,0
20091008 030000,1.601900,1.602100,1.601600,1.601600,0
20091008 030100,1.601600,1.601700,1.601600,1.601600,0
20091008 030200,1.601600,1.603000,1.601600,1.602600,0
20091008 030300,1.602500,1.604300,1.602500,1.603200,0
20091008 030400,1.603300,1.603400,1.603100,1.603400,0
20091008 030500,1.603400,1.603900,1.603400,1.603600,0
20091008 030600,1.603500,1.603800,1.603300,1.603500,0
20091008 030700,1.603500,1.604000,1.603500,1.603600,0
20091008 030800,1.603500,1.604100,1.603500,1.604000,0
20091008 030900,1.604000,1.604200,1.604000,1.604200,0
20091008 031000,1.604200,1.604600,1.604200,1.604600,0
20091008 031100,1.604700,1.606300,1.604500,1.605800,0
20091008 031200,1.605700,1.607300,1.605500,1.606900,0
20091008 031300,1.607000,1.607000,1.606300,1.606900,0
20091008 031400,1.606800,1.607000,1.606400,1.606400,0
20091008 031500,1.606500,1.606800,1.606300,1.606400,0
20091008 031600,1.606400,1.606400,1.606100,1.606200,0
20091008 031700,1.606200,1.606600,1.606200,1.606400,0
20091008 031800,1.606500,1.606700,1.606500,1.606500,0
20091008 031900,1.606600,1.606600,1.606100,1.606300,0
20091008 032000,1.606500,1.606500,1.606000,1.606300,0
20091008 032100,1.606400,1.606900,1.606000,1.606900,0
20091008 032200,1.606800,1.607100,1.606400,1.606400,0
20091008 032300,1.606500,1.606600,1.606100,1.606300,0
20091008 032400,1.606300,1.606400,1.605900,1.605900,0
20091008 032500,1.605900,1.606400,1.605800,1.606200,0
20091008 032600,1.606100,1.606200,1.606000,1.606100,0
20091008 032700,1.606000,1.606600,1.605900,1.606100,0
20091008 032800,1.606100,1.606100,1.605400,1.605400,0
20091008 032900,1.605500,1.605900,1.605500,1.605600,0
20091008 033000,1.605600,1.606000,1.605400,1.605800,0
20091008 033100,1.605800,1.605900,1.605500,1.605900,0
20091008 033200,1.605900,1.605900,1.605500,1.605800,0
20091008 033300,1.605900,1.605900,1.605700,1.605700,0
20091008 033400,1.605700,1.605700,1.605500,1.605600,0
20091008 033500,1.605500,1.605700,1.605400,1.605600,0
20091008 033600,1.605600,1.605700,1.605400,1.605700,0
20091008 033700,1.605700,1.605800,1.605600,1.605600,0
20091008 033800,1.605700,1.605700,1.605400,1.605600,0
20091008 033900,1.605500,1.605800,1.605500,1.605700,0
20091008 034000,1.605800,1.605800,1.605500,1.605700,0
20091008 034100,1.605700,1.605700,1.605300,1.605500,0
20091008 034200,1.605400,1.605800,1.605300,1.605600,0
20091008 034300,1.605600,1.605800,1.605500,1.605800,0
20091008 034400,1.605700,1.606000,1.605700,1.606000,0
20091008 034500,1.606000,1.606600,1.606000,1.606100,0
20091008 034600,1.606100,1.606100,1.605900,1.605900,0
20091008 034700,1.606000,1.606500,1.605900,1.606500,0
20091008 034800,1.606600,1.607000,1.606500,1.606800,0
20091008 034900,1.606800,1.606900,1.606500,1.606500,0
20091008 035000,1.606600,1.606900,1.606500,1.606800,0
20091008 035100,1.606700,1.606800,1.606500,1.606700,0
20091008 035200,1.606600,1.606700,1.606000,1.606400,0
20091008 035300,1.606300,1.606400,1.606200,1.606300,0
20091008 035400,1.606400,1.606900,1.606300,1.606300,0
20091008 035500,1.606300,1.606500,1.606300,1.606400,0
20091008 035600,1.606400,1.606500,1.606200,1.606400,0
20091008 035700,1.606300,1.606300,1.605900,1.605900,0
20091008 035800,1.605800,1.605900,1.605800,1.605800,0
20091008 035900,1.605800,1.605800,1.605500,1.605600,0
20091008 040000,1.605700,1.606200,1.605700,1.606000,0
20091008 040100,1.605900,1.606300,1.605800,1.605900,0
20091008 040200,1.605800,1.606000,1.605500,1.605500,0
20091008 040300,1.605600,1.605800,1.605500,1.605600,0
20091008 040400,1.605700,1.605800,1.605500,1.605700,0
20091008 040500,1.605600,1.606000,1.605600,1.605900,0
20091008 040600,1.605800,1.605900,1.605600,1.605700,0
20091008 040700,1.605800,1.605800,1.605200,1.605300,0
20091008 040800,1.605200,1.605200,1.604700,1.604700,0
20091008 040900,1.604800,1.605000,1.604700,1.604800,0
20091008 041000,1.604900,1.605100,1.604400,1.604600,0
20091008 041100,1.604700,1.605100,1.604600,1.605000,0
20091008 041200,1.604900,1.604900,1.604400,1.604400,0
20091008 041300,1.604500,1.604900,1.604300,1.604700,0
20091008 041400,1.604600,1.604800,1.604500,1.604500,0
20091008 041500,1.604600,1.604600,1.604500,1.604500,0
20091008 041600,1.604600,1.605000,1.604500,1.604900,0
20091008 041700,1.605100,1.605300,1.604800,1.605100,0
20091008 041800,1.605200,1.605200,1.605000,1.605100,0
20091008 041900,1.605100,1.605600,1.605000,1.605000,0
20091008 042000,1.605000,1.605500,1.605000,1.605500,0
20091008 042100,1.605400,1.605500,1.605200,1.605300,0
20091008 042200,1.605400,1.605400,1.605100,1.605300,0
20091008 042300,1.605200,1.605400,1.604900,1.604900,0
20091008 042400,1.604900,1.605100,1.604800,1.604800,0
20091008 042500,1.604800,1.604800,1.604600,1.604700,0
20091008 042600,1.604600,1.604800,1.604600,1.604700,0
20091008 042700,1.604500,1.605000,1.604500,1.605000,0
20091008 042800,1.605100,1.605300,1.604900,1.605100,0
20091008 042900,1.605300,1.605400,1.604800,1.604800,0
20091008 043000,1.604900,1.605100,1.604700,1.604800,0
20091008 043100,1.604900,1.604900,1.604700,1.604700,0
20091008 043200,1.604800,1.604800,1.604400,1.604800,0
20091008 043300,1.604700,1.604700,1.604400,1.604600,0
20091008 043400,1.604500,1.604600,1.603900,1.604000,0
20091008 043500,1.604000,1.604900,1.604000,1.604700,0
20091008 043600,1.604700,1.604700,1.603700,1.603700,0
20091008 043700,1.603700,1.603700,1.603100,1.603200,0
20091008 043800,1.603200,1.603400,1.603100,1.603300,0
20091008 043900,1.603400,1.603500,1.603200,1.603200,0
20091008 044000,1.603200,1.603500,1.603200,1.603500,0
20091008 044100,1.603500,1.603500,1.603400,1.603500,0
20091008 044200,1.603600,1.603600,1.603400,1.603500,0
20091008 044300,1.603500,1.603600,1.603300,1.603300,0
20091008 044400,1.603200,1.603300,1.603100,1.603100,0
20091008 044500,1.603200,1.603400,1.603200,1.603200,0
20091008 044600,1.603200,1.603300,1.603100,1.603200,0
20091008 044700,1.603200,1.603200,1.603100,1.603100,0
20091008 044800,1.603000,1.603100,1.602900,1.602900,0
20091008 044900,1.602900,1.603200,1.602500,1.602500,0
20091008 045000,1.602600,1.602700,1.602400,1.602400,0
20091008 045100,1.602300,1.602400,1.601900,1.602100,0
20091008 045200,1.602100,1.602900,1.602100,1.602900,0
20091008 045300,1.602900,1.603300,1.602900,1.603200,0
20091008 045400,1.603200,1.603500,1.603200,1.603300,0
20091008 045500,1.603400,1.603500,1.603300,1.603400,0
20091008 045600,1.603500,1.603600,1.603400,1.603500,0
20091008 045700,1.603600,1.603700,1.603400,1.603600,0
20091008 045800,1.603500,1.604100,1.603500,1.603900,0
20091008 045900,1.604000,1.604000,1.603600,1.603900,0
20091008 050000,1.603800,1.604100,1.603800,1.604000,0
20091008 050100,1.604100,1.604200,1.603900,1.604200,0
20091008 050200,1.604200,1.604200,1.604000,1.604000,0
20091008 050300,1.604000,1.604200,1.604000,1.604000,0
20091008 050400,1.604000,1.604200,1.604000,1.604000,0
20091008 050500,1.604000,1.604200,1.603700,1.603800,0
20091008 050600,1.603900,1.603900,1.603800,1.603900,0
20091008 050700,1.603900,1.604000,1.603800,1.603800,0
20091008 050800,1.603900,1.603900,1.603800,1.603800,0
20091008 050900,1.603800,1.603800,1.603600,1.603600,0
20091008 051000,1.603600,1.603900,1.603600,1.603700,0
20091008 051100,1.603700,1.603800,1.603600,1.603700,0
20091008 051200,1.603700,1.603700,1.603400,1.603400,0
20091008 051300,1.603500,1.603800,1.603500,1.603800,0
20091008 051400,1.603700,1.604100,1.603700,1.604000,0
20091008 051500,1.604100,1.604400,1.604100,1.604200,0
20091008 051600,1.604300,1.604400,1.604100,1.604100,0
20091008 051700,1.604100,1.604900,1.604100,1.604900,0
20091008 051800,1.604800,1.604900,1.604800,1.604800,0
20091008 051900,1.604900,1.605300,1.604900,1.604900,0
20091008 052000,1.604800,1.605000,1.604700,1.604700,0
20091008 052100,1.604700,1.604700,1.604600,1.604600,0
20091008 052200,1.604600,1.604800,1.604600,1.604700,0
20091008 052300,1.604700,1.604900,1.604700,1.604900,0
20091008 052400,1.604800,1.605300,1.604800,1.605200,0
20091008 052500,1.605100,1.605300,1.605100,1.605300,0
20091008 052600,1.605200,1.605300,1.605000,1.605100,0
20091008 052700,1.605100,1.605100,1.604800,1.604900,0
20091008 052800,1.604900,1.604900,1.604600,1.604700,0
20091008 052900,1.604700,1.605000,1.604700,1.604900,0
20091008 053000,1.605000,1.605100,1.604900,1.605000,0
20091008 053100,1.605000,1.605100,1.605000,1.605000,0
20091008 053200,1.605000,1.605100,1.604900,1.605000,0
20091008 053300,1.605000,1.605100,1.605000,1.605000,0
20091008 053400,1.605100,1.605100,1.604900,1.605000,0
20091008 053500,1.605000,1.605200,1.605000,1.605000,0
20091008 053600,1.605100,1.605500,1.605000,1.605400,0
20091008 053700,1.605300,1.606300,1.605100,1.606200,0
20091008 053800,1.606200,1.606300,1.606100,1.606100,0
20091008 053900,1.606200,1.606800,1.606200,1.606400,0
20091008 054000,1.606400,1.606400,1.606000,1.606100,0
20091008 054100,1.606200,1.606200,1.605400,1.605500,0
20091008 054200,1.605600,1.605900,1.605500,1.605500,0
20091008 054300,1.605500,1.605700,1.605400,1.605500,0
20091008 054400,1.605600,1.605600,1.605300,1.605400,0
20091008 054500,1.605400,1.605600,1.605400,1.605500,0
20091008 054600,1.605500,1.605500,1.605400,1.605500,0
20091008 054700,1.605500,1.605600,1.605400,1.605500,0
20091008 054800,1.605500,1.605700,1.605400,1.605600,0
20091008 054900,1.605600,1.605800,1.605500,1.605700,0
20091008 055000,1.605800,1.605800,1.605700,1.605700,0
20091008 055100,1.605700,1.605700,1.605500,1.605600,0
20091008 055200,1.605500,1.605600,1.605500,1.605500,0
20091008 055300,1.605600,1.605600,1.605500,1.605500,0
20091008 055400,1.605500,1.605500,1.605400,1.605400,0
20091008 055500,1.605400,1.605700,1.605100,1.605100,0
20091008 055600,1.605100,1.605400,1.605000,1.605400,0
20091008 055700,1.605400,1.605500,1.605300,1.605300,0
20091008 055800,1.605200,1.605200,1.604900,1.605100,0
20091008 055900,1.605100,1.605100,1.605100,1.605100,0
20091008 060000,1.605100,1.605300,1.605100,1.605200,0
20091008 060100,1.605300,1.605500,1.605200,1.605500,0
20091008 060200,1.605500,1.605600,1.605400,1.605400,0
20091008 060300,1.605400,1.605600,1.605400,1.605500,0
20091008 060400,1.605500,1.605500,1.605200,1.605200,0
20091008 060500,1.605200,1.605400,1.605200,1.605400,0
20091008 060600,1.605400,1.605400,1.605100,1.605200,0
20091008 060700,1.605200,1.605800,1.605200,1.605800,0
20091008 060800,1.605700,1.606100,1.605700,1.606100,0
20091008 060900,1.606000,1.606100,1.605900,1.606000,0
20091008 061000,1.606100,1.606400,1.606000,1.606300,0
20091008 061100,1.606200,1.606300,1.605700,1.605800,0
20091008 061200,1.605700,1.606100,1.605600,1.606100,0
20091008 061300,1.606000,1.606000,1.605900,1.606000,0
20091008 061400,1.606000,1.606100,1.605900,1.606000,0
20091008 061500,1.606100,1.606600,1.606100,1.606200,0
20091008 061600,1.606300,1.606600,1.606200,1.606500,0
20091008 061700,1.606600,1.606700,1.606300,1.606700,0
20091008 061800,1.606600,1.606800,1.606600,1.606800,0
20091008 061900,1.606800,1.606800,1.606600,1.606700,0
20091008 062000,1.606600,1.607100,1.606600,1.607100,0
20091008 062100,1.607000,1.607100,1.606800,1.606900,0
20091008 062200,1.607000,1.607000,1.606600,1.606600,0
20091008 062300,1.606500,1.607000,1.606300,1.607000,0
20091008 062400,1.606900,1.607300,1.606700,1.607300,0
20091008 062500,1.607300,1.608200,1.607200,1.607600,0
20091008 062600,1.607600,1.607700,1.607500,1.607500,0
20091008 062700,1.607500,1.607500,1.607000,1.607300,0
20091008 062800,1.607300,1.607300,1.606600,1.606800,0
20091008 062900,1.606800,1.607100,1.606600,1.607000,0
20091008 063000,1.606900,1.607100,1.606700,1.606700,0
20091008 063100,1.606700,1.607000,1.606700,1.606900,0
20091008 063200,1.606800,1.606800,1.606600,1.606700,0
20091008 063300,1.606800,1.606800,1.606400,1.606400,0
20091008 063400,1.606300,1.606400,1.606200,1.606300,0
20091008 063500,1.606200,1.606300,1.606100,1.606100,0
20091008 063600,1.606200,1.606300,1.605200,1.605200,0
20091008 063700,1.605300,1.605800,1.605200,1.605800,0
20091008 063800,1.605900,1.606300,1.605900,1.606200,0
20091008 063900,1.606100,1.606200,1.606000,1.606100,0
20091008 064000,1.606200,1.607100,1.606200,1.606800,0
20091008 064100,1.606700,1.607900,1.606700,1.607600,0
20091008 064200,1.607500,1.607600,1.607000,1.607000,0
20091008 064300,1.607100,1.607900,1.607100,1.607800,0
20091008 064400,1.607700,1.608400,1.607700,1.608100,0
20091008 064500,1.608000,1.608600,1.608000,1.608300,0
20091008 064600,1.608400,1.608600,1.608100,1.608100,0
20091008 064700,1.608200,1.608200,1.607200,1.607400,0
20091008 064800,1.607500,1.607700,1.607200,1.607200,0
20091008 064900,1.607200,1.607300,1.606700,1.606700,0
20091008 065000,1.606600,1.606800,1.606300,1.606300,0
20091008 065100,1.606200,1.606400,1.605300,1.605900,0
20091008 065200,1.605800,1.606400,1.605700,1.606100,0
20091008 065300,1.606200,1.606600,1.606000,1.606500,0
20091008 065400,1.606400,1.606400,1.606100,1.606200,0
20091008 065500,1.606200,1.606200,1.606000,1.606000,0
20091008 065600,1.606100,1.606300,1.605800,1.606000,0
20091008 065700,1.605900,1.606100,1.605700,1.605900,0
20091008 065800,1.606000,1.606200,1.605800,1.606100,0
20091008 065900,1.606000,1.608300,1.605800,1.607500,0
20091008 070000,1.607300,1.609100,1.606500,1.606900,0
20091008 070100,1.606800,1.606800,1.603400,1.603900,0
20091008 070200,1.604000,1.605200,1.604000,1.604300,0
20091008 070300,1.604200,1.604600,1.604100,1.604600,0
20091008 070400,1.604600,1.604900,1.604300,1.604700,0
20091008 070500,1.604800,1.606000,1.604800,1.605100,0
20091008 070600,1.605200,1.606100,1.605200,1.606000,0
20091008 070700,1.606100,1.606500,1.605500,1.605700,0
20091008 070800,1.605600,1.605700,1.605400,1.605700,0
20091008 070900,1.605600,1.605800,1.605600,1.605700,0
20091008 071000,1.605700,1.605800,1.605600,1.605700,0
20091008 071100,1.605800,1.606200,1.605500,1.606100,0
20091008 071200,1.606100,1.606300,1.606100,1.606100,0
20091008 071300,1.606200,1.606400,1.606100,1.606100,0
20091008 071400,1.606200,1.606200,1.605800,1.605900,0
20091008 071500,1.605900,1.605900,1.605700,1.605900,0
20091008 071600,1.605900,1.605900,1.605300,1.605300,0
20091008 071700,1.605200,1.605600,1.605200,1.605600,0
20091008 071800,1.605600,1.605600,1.605000,1.605000,0
20091008 071900,1.605000,1.605100,1.604200,1.604600,0
20091008 072000,1.604600,1.605000,1.604600,1.604700,0
20091008 072100,1.604800,1.604800,1.604600,1.604800,0
20091008 072200,1.604800,1.604800,1.604600,1.604800,0
20091008 072300,1.604700,1.604700,1.604100,1.604100,0
20091008 072400,1.604200,1.604800,1.604200,1.604600,0
20091008 072500,1.604600,1.604700,1.604600,1.604600,0
20091008 072600,1.604700,1.604800,1.604700,1.604700,0
20091008 072700,1.604600,1.604600,1.604400,1.604400,0
20091008 072800,1.604300,1.604400,1.603900,1.604300,0
20091008 072900,1.604300,1.604800,1.604300,1.604800,0
20091008 073000,1.604900,1.606100,1.604900,1.606100,0
20091008 073100,1.606000,1.606300,1.605900,1.606300,0
20091008 073200,1.606300,1.606700,1.606300,1.606500,0
20091008 073300,1.606600,1.606700,1.606500,1.606600,0
20091008 073400,1.606500,1.606700,1.606400,1.606400,0
20091008 073500,1.606300,1.606400,1.606100,1.606100,0
20091008 073600,1.606000,1.606200,1.605900,1.606200,0
20091008 073700,1.606100,1.606500,1.606100,1.606400,0
20091008 073800,1.606400,1.606600,1.606100,1.606500,0
20091008 073900,1.606400,1.606500,1.606400,1.606400,0
20091008 074000,1.606500,1.606800,1.606400,1.606800,0
20091008 074100,1.606900,1.606900,1.606600,1.606800,0
20091008 074200,1.606700,1.606700,1.606400,1.606500,0
20091008 074300,1.606500,1.607100,1.606500,1.607100,0
20091008 074400,1.607200,1.607700,1.607200,1.607700,0
20091008 074500,1.607800,1.607800,1.606700,1.606900,0
20091008 074600,1.606900,1.607000,1.606800,1.606800,0
20091008 074700,1.606900,1.606900,1.606800,1.606900,0
20091008 074800,1.606900,1.607000,1.606600,1.606700,0
20091008 074900,1.606600,1.606600,1.606000,1.606000,0
20091008 075000,1.606100,1.606100,1.605600,1.605700,0
20091008 075100,1.605600,1.605800,1.605500,1.605500,0
20091008 075200,1.605600,1.605900,1.605500,1.605900,0
20091008 075300,1.606000,1.606000,1.605600,1.605600,0
20091008 075400,1.605600,1.605800,1.605500,1.605800,0
20091008 075500,1.605800,1.605900,1.605700,1.605700,0
20091008 075600,1.605800,1.605800,1.605500,1.605500,0
20091008 075700,1.605500,1.605600,1.605500,1.605600,0
20091008 075800,1.605600,1.605600,1.605500,1.605500,0
20091008 075900,1.605500,1.605500,1.605400,1.605400,0
20091008 080000,1.605400,1.605400,1.605100,1.605200,0
20091008 080100,1.605100,1.605200,1.604600,1.604700,0
20091008 080200,1.604700,1.604900,1.604500,1.604600,0
20091008 080300,1.604600,1.605000,1.604600,1.604900,0
20091008 080400,1.605000,1.605000,1.604900,1.604900,0
20091008 080500,1.605000,1.605400,1.605000,1.605400,0
20091008 080600,1.605400,1.605400,1.605100,1.605100,0
20091008 080700,1.605000,1.605300,1.605000,1.605300,0
20091008 080800,1.605300,1.605300,1.605100,1.605200,0
20091008 080900,1.605100,1.605200,1.605000,1.605200,0
20091008 081000,1.605100,1.605100,1.604400,1.604500,0
20091008 081100,1.604600,1.605000,1.604400,1.604900,0
20091008 081200,1.604800,1.605000,1.604400,1.604900,0
20091008 081300,1.604900,1.605000,1.604800,1.604800,0
20091008 081400,1.604900,1.605000,1.604400,1.604400,0
20091008 081500,1.604400,1.604500,1.604100,1.604100,0
20091008 081600,1.604200,1.604600,1.604200,1.604600,0
20091008 081700,1.604500,1.604700,1.604300,1.604400,0
20091008 081800,1.604500,1.604500,1.604400,1.604400,0
20091008 081900,1.604500,1.604500,1.603900,1.603900,0
20091008 082000,1.604000,1.604500,1.603900,1.604400,0
20091008 082100,1.604500,1.604800,1.604400,1.604800,0
20091008 082200,1.604700,1.605100,1.604700,1.605100,0
20091008 082300,1.605000,1.605200,1.604900,1.605200,0
20091008 082400,1.605200,1.605700,1.605200,1.605700,0
20091008 082500,1.605700,1.605700,1.605400,1.605500,0
20091008 082600,1.605400,1.606000,1.605400,1.606000,0
20091008 082700,1.606100,1.606500,1.606100,1.606500,0
20091008 082800,1.606400,1.606500,1.606100,1.606100,0
20091008 082900,1.606100,1.606100,1.605400,1.606000,0
20091008 083000,1.605800,1.607300,1.605700,1.607100,0
20091008 083100,1.607000,1.607200,1.606500,1.606800,0
20091008 083200,1.606700,1.606700,1.606000,1.606300,0
20091008 083300,1.606400,1.606600,1.605700,1.606000,0
20091008 083400,1.606100,1.606300,1.605900,1.606000,0
20091008 083500,1.606100,1.606400,1.605800,1.606000,0
20091008 083600,1.606100,1.607400,1.606100,1.607400,0
20091008 083700,1.607300,1.607500,1.606600,1.607500,0
20091008 083800,1.607400,1.607400,1.606100,1.606300,0
20091008 083900,1.606200,1.606500,1.606200,1.606400,0
20091008 084000,1.606300,1.606500,1.606300,1.606400,0
20091008 084100,1.606500,1.607200,1.606400,1.607200,0
20091008 084200,1.607200,1.607600,1.607200,1.607600,0
20091008 084300,1.607600,1.607600,1.606800,1.607000,0
20091008 084400,1.607100,1.607100,1.606500,1.606800,0
20091008 084500,1.606900,1.607000,1.606800,1.606900,0
20091008 084600,1.606700,1.606700,1.606400,1.606500,0
20091008 084700,1.606500,1.606700,1.606400,1.606500,0
20091008 084800,1.606500,1.606700,1.606200,1.606700,0
20091008 084900,1.606600,1.606800,1.606500,1.606700,0
20091008 085000,1.606600,1.606600,1.606000,1.606100,0
20091008 085100,1.606100,1.606400,1.606000,1.606100,0
20091008 085200,1.606100,1.606100,1.605600,1.606000,0
20091008 085300,1.606000,1.606000,1.605700,1.605700,0
20091008 085400,1.605600,1.607100,1.605600,1.606600,0
20091008 085500,1.606700,1.608200,1.606700,1.607500,0
20091008 085600,1.607600,1.608400,1.607200,1.607200,0
20091008 085700,1.607200,1.608300,1.607200,1.607600,0
20091008 085800,1.607600,1.608100,1.607300,1.607400,0
20091008 085900,1.607300,1.608300,1.607200,1.608100,0
20091008 090000,1.608200,1.608600,1.607700,1.608400,0
20091008 090100,1.608300,1.608400,1.608000,1.608100,0
20091008 090200,1.608000,1.608000,1.607200,1.607400,0
20091008 090300,1.607400,1.607800,1.607200,1.607700,0
20091008 090400,1.607700,1.608000,1.607600,1.607900,0
20091008 090500,1.607800,1.608200,1.607500,1.607700,0
20091008 090600,1.607600,1.607700,1.607300,1.607400,0
20091008 090700,1.607400,1.607600,1.606800,1.607000,0
20091008 090800,1.607100,1.607300,1.606900,1.607000,0
20091008 090900,1.607000,1.607200,1.606400,1.607100,0
20091008 091000,1.607300,1.607900,1.607300,1.607500,0
20091008 091100,1.607400,1.607400,1.607100,1.607100,0
20091008 091200,1.607100,1.607300,1.606900,1.607000,0
20091008 091300,1.607100,1.607200,1.606800,1.606900,0
20091008 091400,1.606900,1.607000,1.606300,1.606700,0
20091008 091500,1.606600,1.606600,1.605300,1.605300,0
20091008 091600,1.605300,1.605600,1.605100,1.605200,0
20091008 091700,1.605300,1.605400,1.604400,1.605200,0
20091008 091800,1.605200,1.605500,1.604200,1.604500,0
20091008 091900,1.604400,1.605000,1.604400,1.604700,0
20091008 092000,1.604700,1.604800,1.604400,1.604600,0
20091008 092100,1.604500,1.605800,1.603800,1.605800,0
20091008 092200,1.605900,1.607000,1.605800,1.606300,0
20091008 092300,1.606400,1.606900,1.606100,1.606900,0
20091008 092400,1.607000,1.607700,1.607000,1.607200,0
20091008 092500,1.607100,1.607300,1.606500,1.606600,0
20091008 092600,1.606700,1.606700,1.606100,1.606600,0
20091008 092700,1.606700,1.606700,1.605700,1.606100,0
20091008 092800,1.606200,1.606600,1.606100,1.606400,0
20091008 092900,1.606400,1.607100,1.606200,1.607100,0
20091008 093000,1.607000,1.608500,1.607000,1.608500,0
20091008 093100,1.608400,1.608600,1.607800,1.607900,0
20091008 093200,1.608000,1.608200,1.606900,1.606900,0
20091008 093300,1.607000,1.607200,1.606600,1.607000,0
20091008 093400,1.606900,1.607000,1.606500,1.606600,0
20091008 093500,1.606500,1.607000,1.606400,1.606900,0
20091008 093600,1.606800,1.607200,1.606700,1.606900,0
20091008 093700,1.606900,1.607300,1.606600,1.607200,0
20091008 093800,1.607200,1.607300,1.606700,1.606800,0
20091008 093900,1.606800,1.607200,1.606700,1.607000,0
20091008 094000,1.607100,1.607100,1.606600,1.606600,0
20091008 094100,1.606600,1.606700,1.606500,1.606500,0
20091008 094200,1.606600,1.606700,1.606500,1.606600,0
20091008 094300,1.606500,1.607100,1.606500,1.607100,0
20091008 094400,1.607200,1.607200,1.606500,1.606600,0
20091008 094500,1.606700,1.606900,1.606400,1.606900,0
20091008 094600,1.606800,1.606800,1.606100,1.606100,0
20091008 094700,1.606200,1.606600,1.606000,1.606300,0
20091008 094800,1.606300,1.606600,1.606100,1.606100,0
20091008 094900,1.606100,1.606100,1.605900,1.606000,0
20091008 095000,1.605900,1.605900,1.604600,1.605100,0
20091008 095100,1.605100,1.605400,1.604300,1.604900,0
20091008 095200,1.604800,1.605100,1.604300,1.604500,0
20091008 095300,1.604600,1.605200,1.604600,1.604800,0
20091008 095400,1.604900,1.605700,1.604900,1.605700,0
20091008 095500,1.605700,1.605700,1.605000,1.605200,0
20091008 095600,1.605300,1.605600,1.605200,1.605500,0
20091008 095700,1.605400,1.605600,1.605200,1.605200,0
20091008 095800,1.605300,1.605500,1.605200,1.605200,0
20091008 095900,1.605400,1.605900,1.605100,1.605900,0
20091008 100000,1.605900,1.606100,1.605000,1.605000,0
20091008 100100,1.605100,1.605600,1.605000,1.605600,0
20091008 100200,1.605800,1.605800,1.605000,1.605100,0
20091008 100300,1.605000,1.605000,1.604700,1.604900,0
20091008 100400,1.605000,1.605700,1.604900,1.605600,0
20091008 100500,1.605600,1.605900,1.605200,1.605200,0
20091008 100600,1.605200,1.605300,1.604300,1.604700,0
20091008 100700,1.604600,1.604800,1.604400,1.604600,0
20091008 100800,1.604600,1.604900,1.604500,1.604900,0
20091008 100900,1.605000,1.605500,1.604900,1.605300,0
20091008 101000,1.605400,1.605800,1.605300,1.605500,0
20091008 101100,1.605500,1.605700,1.605200,1.605200,0
20091008 101200,1.605100,1.605300,1.604800,1.605200,0
20091008 101300,1.605300,1.605700,1.604900,1.605400,0
20091008 101400,1.605500,1.605600,1.605300,1.605300,0
20091008 101500,1.605300,1.605700,1.605100,1.605400,0
20091008 101600,1.605400,1.605600,1.605200,1.605600,0
20091008 101700,1.605600,1.605600,1.605300,1.605500,0
20091008 101800,1.605600,1.605600,1.605300,1.605500,0
20091008 101900,1.605400,1.606200,1.605200,1.606200,0
20091008 102000,1.606200,1.606200,1.605900,1.606000,0
20091008 102100,1.606000,1.606000,1.605500,1.605600,0
20091008 102200,1.605600,1.606500,1.605500,1.606500,0
20091008 102300,1.606600,1.606800,1.606300,1.606600,0
20091008 102400,1.606500,1.606700,1.606300,1.606500,0
20091008 102500,1.606500,1.606900,1.606300,1.606800,0
20091008 102600,1.606800,1.606900,1.606600,1.606800,0
20091008 102700,1.606900,1.607100,1.606400,1.606700,0
20091008 102800,1.606800,1.607100,1.606400,1.606600,0
20091008 102900,1.606700,1.607100,1.606700,1.607000,0
20091008 103000,1.606900,1.607200,1.606700,1.607000,0
20091008 103100,1.607100,1.607300,1.606900,1.607200,0
20091008 103200,1.607200,1.607500,1.607100,1.607100,0
20091008 103300,1.607100,1.607100,1.606800,1.606800,0
20091008 103400,1.606900,1.607500,1.606900,1.607200,0
20091008 103500,1.607100,1.607400,1.607100,1.607400,0
20091008 103600,1.607500,1.608100,1.607400,1.608100,0
20091008 103700,1.608100,1.608200,1.607300,1.607600,0
20091008 103800,1.607700,1.607800,1.607200,1.607300,0
20091008 103900,1.607400,1.607500,1.607200,1.607400,0
20091008 104000,1.607300,1.608000,1.607300,1.607800,0
20091008 104100,1.607900,1.608100,1.607500,1.607500,0
20091008 104200,1.607600,1.607900,1.607500,1.607600,0
20091008 104300,1.607600,1.607700,1.607100,1.607300,0
20091008 104400,1.607400,1.607800,1.607400,1.607800,0
20091008 104500,1.607900,1.607900,1.607400,1.607600,0
20091008 104600,1.607600,1.608100,1.607600,1.608000,0
20091008 104700,1.608000,1.608200,1.607900,1.608000,0
20091008 104800,1.607900,1.608100,1.607700,1.607900,0
20091008 104900,1.607900,1.608000,1.607600,1.607700,0
20091008 105000,1.607700,1.608000,1.607600,1.607900,0
20091008 105100,1.607800,1.608300,1.607800,1.608300,0
20091008 105200,1.608300,1.608500,1.607700,1.607700,0
20091008 105300,1.607600,1.608300,1.607600,1.608200,0
20091008 105400,1.608100,1.608600,1.608000,1.608500,0
20091008 105500,1.608500,1.608800,1.608200,1.608800,0
20091008 105600,1.608900,1.609500,1.608900,1.609200,0
20091008 105700,1.609100,1.609800,1.609100,1.609700,0
20091008 105800,1.609800,1.609900,1.609600,1.609900,0
20091008 105900,1.610000,1.610200,1.609600,1.609800,0
20091008 110000,1.609800,1.609800,1.609100,1.609300,0
20091008 110100,1.609200,1.609600,1.609000,1.609200,0
20091008 110200,1.609200,1.609900,1.609000,1.609500,0
20091008 110300,1.609600,1.609600,1.608700,1.608700,0
20091008 110400,1.608600,1.608700,1.608000,1.608100,0
20091008 110500,1.608000,1.608300,1.608000,1.608100,0
20091008 110600,1.608300,1.608400,1.608100,1.608400,0
20091008 110700,1.608300,1.608500,1.608200,1.608400,0
20091008 110800,1.608300,1.608600,1.608300,1.608500,0
20091008 110900,1.608500,1.608600,1.608400,1.608600,0
20091008 111000,1.608700,1.609500,1.608600,1.609300,0
20091008 111100,1.609300,1.609300,1.608600,1.608900,0
20091008 111200,1.608800,1.609000,1.608700,1.608900,0
20091008 111300,1.608800,1.609200,1.608700,1.609000,0
20091008 111400,1.609100,1.609100,1.608200,1.608200,0
20091008 111500,1.608300,1.608500,1.608000,1.608100,0
20091008 111600,1.608200,1.608400,1.608000,1.608300,0
20091008 111700,1.608400,1.608800,1.608400,1.608700,0
20091008 111800,1.608800,1.609200,1.608700,1.609200,0
20091008 111900,1.609100,1.609700,1.609000,1.609700,0
20091008 112000,1.609600,1.609600,1.609100,1.609300,0
20091008 112100,1.609300,1.609700,1.609200,1.609500,0
20091008 112200,1.609500,1.609600,1.609300,1.609300,0
20091008 112300,1.609300,1.609600,1.609300,1.609500,0
20091008 112400,1.609400,1.609600,1.609400,1.609500,0
20091008 112500,1.609400,1.609500,1.608700,1.609100,0
20091008 112600,1.609000,1.609300,1.608900,1.608900,0
20091008 112700,1.608800,1.609200,1.608800,1.609200,0
20091008 112800,1.609200,1.610600,1.609200,1.610200,0
20091008 112900,1.610300,1.610800,1.610300,1.610500,0
20091008 113000,1.610500,1.610700,1.610300,1.610700,0
20091008 113100,1.610800,1.611200,1.610800,1.611200,0
20091008 113200,1.611100,1.611200,1.610800,1.611000,0
20091008 113300,1.610900,1.611100,1.610700,1.611000,0
20091008 113400,1.610900,1.610900,1.610400,1.610600,0
20091008 113500,1.610700,1.610900,1.610200,1.610200,0
20091008 113600,1.610300,1.610400,1.610200,1.610300,0
20091008 113700,1.610300,1.610700,1.610200,1.610200,0
20091008 113800,1.610200,1.610200,1.609800,1.609800,0
20091008 113900,1.609800,1.609900,1.609400,1.609400,0
20091008 114000,1.609500,1.609800,1.609400,1.609800,0
20091008 114100,1.609900,1.610000,1.609700,1.609900,0
20091008 114200,1.610000,1.610100,1.609700,1.609800,0
20091008 114300,1.609800,1.609800,1.608900,1.609100,0
20091008 114400,1.609000,1.609400,1.609000,1.609100,0
20091008 114500,1.609000,1.609600,1.609000,1.609600,0
20091008 114600,1.609700,1.610100,1.609500,1.609700,0
20091008 114700,1.609700,1.610500,1.609700,1.610500,0
20091008 114800,1.610700,1.610900,1.610300,1.610400,0
20091008 114900,1.610400,1.610400,1.609800,1.609900,0
20091008 115000,1.610000,1.610100,1.608700,1.608700,0
20091008 115100,1.608800,1.609100,1.608500,1.609100,0
20091008 115200,1.609000,1.609400,1.609000,1.609200,0
20091008 115300,1.609200,1.609400,1.609100,1.609100,0
20091008 115400,1.609000,1.609100,1.608600,1.608600,0
20091008 115500,1.608500,1.608900,1.608400,1.608800,0
20091008 115600,1.608800,1.608800,1.608600,1.608800,0
20091008 115700,1.608800,1.609000,1.608800,1.608800,0
20091008 115800,1.608800,1.609000,1.608800,1.609000,0
20091008 115900,1.609100,1.609200,1.608700,1.608700,0
20091008 120000,1.608700,1.608900,1.608600,1.608700,0
20091008 120100,1.608600,1.608700,1.608500,1.608600,0
20091008 120200,1.608500,1.608700,1.608500,1.608600,0
20091008 120300,1.608700,1.608800,1.608600,1.608800,0
20091008 120400,1.608700,1.608700,1.608500,1.608600,0
20091008 120500,1.608500,1.608900,1.608500,1.608900,0
20091008 120600,1.609000,1.609200,1.608800,1.609000,0
20091008 120700,1.609000,1.609100,1.608900,1.608900,0
20091008 120800,1.608800,1.609100,1.608800,1.609100,0
20091008 120900,1.609100,1.609400,1.609000,1.609400,0
20091008 121000,1.609400,1.609700,1.609300,1.609700,0
20091008 121100,1.609600,1.609700,1.609600,1.609600,0
20091008 121200,1.609500,1.609600,1.609500,1.609600,0
20091008 121300,1.609600,1.609800,1.609500,1.609700,0
20091008 121400,1.609700,1.609800,1.609700,1.609800,0
20091008 121500,1.609700,1.609800,1.609600,1.609600,0
20091008 121600,1.609600,1.609700,1.609600,1.609700,0
20091008 121700,1.609600,1.609700,1.609600,1.609600,0
20091008 121800,1.609500,1.609700,1.609500,1.609600,0
20091008 121900,1.609600,1.609600,1.609600,1.609600,0
20091008 122000,1.609700,1.609700,1.609700,1.609700,0
20091008 122100,1.609600,1.609900,1.609600,1.609800,0
20091008 122200,1.609900,1.610000,1.609800,1.610000,0
20091008 122300,1.609900,1.610200,1.609900,1.610100,0
20091008 122400,1.610200,1.610700,1.610200,1.610700,0
20091008 122500,1.610600,1.611100,1.610600,1.610900,0
20091008 122600,1.611000,1.611000,1.610600,1.610600,0
20091008 122700,1.610600,1.611000,1.610600,1.610900,0
20091008 122800,1.611000,1.611100,1.610500,1.610600,0
20091008 122900,1.610600,1.610800,1.610500,1.610500,0
20091008 123000,1.610600,1.610800,1.610500,1.610600,0
20091008 123100,1.610600,1.610800,1.610600,1.610800,0
20091008 123200,1.610900,1.611900,1.610900,1.610900,0
20091008 123300,1.610800,1.611300,1.610700,1.611000,0
20091008 123400,1.611000,1.611000,1.610300,1.610800,0
20091008 123500,1.610800,1.611300,1.610800,1.611300,0
20091008 123600,1.611300,1.611400,1.611000,1.611100,0
20091008 123700,1.611000,1.611400,1.610900,1.611000,0
20091008 123800,1.611000,1.611000,1.610200,1.610200,0
20091008 123900,1.610300,1.610400,1.609900,1.610000,0
20091008 124000,1.610100,1.610200,1.609900,1.609900,0
20091008 124100,1.609900,1.610400,1.609900,1.610000,0
20091008 124200,1.610100,1.610400,1.610000,1.610300,0
20091008 124300,1.610300,1.610300,1.610000,1.610100,0
20091008 124400,1.610100,1.610800,1.610000,1.610800,0
20091008 124500,1.610700,1.610700,1.610500,1.610500,0
20091008 124600,1.610500,1.611100,1.610500,1.610900,0
20091008 124700,1.610900,1.611100,1.610700,1.610700,0
20091008 124800,1.610600,1.610600,1.610400,1.610400,0
20091008 124900,1.610400,1.610400,1.610000,1.610000,0
20091008 125000,1.610100,1.610100,1.609700,1.609800,0
20091008 125100,1.609800,1.610300,1.609600,1.610200,0
20091008 125200,1.610200,1.610400,1.609900,1.610400,0
20091008 125300,1.610400,1.610400,1.610200,1.610200,0
20091008 125400,1.610200,1.610300,1.610100,1.610300,0
20091008 125500,1.610400,1.610500,1.610400,1.610500,0
20091008 125600,1.610400,1.610500,1.610200,1.610300,0
20091008 125700,1.610400,1.610500,1.610000,1.610200,0
20091008 125800,1.610200,1.610300,1.610000,1.610200,0
20091008 125900,1.610300,1.610300,1.609600,1.609800,0
20091008 130000,1.609800,1.609900,1.609700,1.609700,0
20091008 130100,1.609800,1.609900,1.609300,1.609300,0
20091008 130200,1.609200,1.610100,1.609200,1.610000,0
20091008 130300,1.610000,1.610000,1.609800,1.609900,0
20091008 130400,1.609900,1.610100,1.609800,1.610000,0
20091008 130500,1.610000,1.610400,1.609700,1.609700,0
20091008 130600,1.609800,1.609800,1.609400,1.609600,0
20091008 130700,1.609500,1.609600,1.609300,1.609400,0
20091008 130800,1.609300,1.609600,1.609000,1.609100,0
20091008 130900,1.609000,1.609000,1.608600,1.609000,0
20091008 131000,1.609100,1.609100,1.608700,1.608700,0
20091008 131100,1.608800,1.608900,1.608600,1.608900,0
20091008 131200,1.608900,1.608900,1.608700,1.608800,0
20091008 131300,1.608700,1.609100,1.608700,1.609000,0
20091008 131400,1.609100,1.609100,1.608600,1.608700,0
20091008 131500,1.608800,1.609000,1.608700,1.608700,0
20091008 131600,1.608700,1.608700,1.608600,1.608600,0
20091008 131700,1.608700,1.608700,1.608600,1.608700,0
20091008 131800,1.608600,1.608900,1.608600,1.608900,0
20091008 131900,1.609000,1.609100,1.608800,1.609000,0
20091008 132000,1.608900,1.609000,1.608800,1.608900,0
20091008 132200,1.608800,1.608900,1.608400,1.608500,0
20091008 132300,1.608500,1.608500,1.608400,1.608500,0
20091008 132400,1.608400,1.608600,1.608100,1.608100,0
20091008 132500,1.608200,1.608300,1.608100,1.608300,0
20091008 132600,1.608300,1.608400,1.608300,1.608400,0
20091008 132700,1.608400,1.608500,1.608400,1.608500,0
20091008 132800,1.608600,1.608700,1.608400,1.608600,0
20091008 132900,1.608500,1.608600,1.608500,1.608600,0
20091008 133000,1.608500,1.608600,1.608500,1.608600,0
20091008 133100,1.608500,1.608500,1.608100,1.608100,0
20091008 133200,1.608000,1.608100,1.607800,1.607800,0
20091008 133300,1.607800,1.608200,1.607800,1.607900,0
20091008 133400,1.607900,1.608000,1.607900,1.607900,0
20091008 133500,1.607800,1.607900,1.607700,1.607700,0
20091008 133600,1.607800,1.607800,1.607600,1.607700,0
20091008 133700,1.607700,1.607800,1.607700,1.607700,0
20091008 133800,1.607700,1.607700,1.607200,1.607400,0
20091008 133900,1.607400,1.607600,1.607400,1.607500,0
20091008 134000,1.607600,1.607800,1.607500,1.607800,0
20091008 134100,1.607800,1.607800,1.607700,1.607800,0
20091008 134200,1.607900,1.608100,1.607900,1.608100,0
20091008 134300,1.608100,1.608400,1.608100,1.608200,0
20091008 134400,1.608100,1.608400,1.607700,1.608400,0
20091008 134500,1.608400,1.608500,1.608300,1.608400,0
20091008 134600,1.608400,1.609000,1.608400,1.609000,0
20091008 134700,1.609000,1.609100,1.609000,1.609000,0
20091008 134800,1.609100,1.609100,1.608900,1.608900,0
20091008 134900,1.609000,1.609000,1.608900,1.608900,0
20091008 135000,1.609000,1.609000,1.608800,1.609000,0
20091008 135100,1.609000,1.609300,1.608900,1.609300,0
20091008 135200,1.609300,1.609800,1.609300,1.609800,0
20091008 135300,1.609800,1.609900,1.609600,1.609900,0
20091008 135400,1.610000,1.610000,1.609500,1.609500,0
20091008 135500,1.609600,1.609600,1.609400,1.609400,0
20091008 135600,1.609600,1.609600,1.609500,1.609600,0
20091008 135700,1.609700,1.609900,1.609700,1.609700,0
20091008 135800,1.609800,1.610100,1.609700,1.610100,0
20091008 135900,1.610100,1.610100,1.609400,1.609400,0
20091008 140000,1.609400,1.609400,1.608800,1.608900,0
20091008 140100,1.608900,1.608900,1.608600,1.608700,0
20091008 140200,1.608600,1.608700,1.608600,1.608700,0
20091008 140300,1.608600,1.608600,1.608100,1.608200,0
20091008 140400,1.608200,1.608200,1.608000,1.608100,0
20091008 140500,1.608100,1.608100,1.607900,1.608000,0
20091008 140600,1.608000,1.608000,1.607800,1.608000,0
20091008 140700,1.608000,1.608400,1.608000,1.608200,0
20091008 140800,1.608100,1.608100,1.607400,1.607400,0
20091008 140900,1.607400,1.607400,1.606700,1.607300,0
20091008 141000,1.607400,1.608100,1.607400,1.608000,0
20091008 141100,1.608000,1.608000,1.607100,1.607200,0
20091008 141200,1.607200,1.607500,1.607100,1.607500,0
20091008 141300,1.607500,1.607500,1.606900,1.606900,0
20091008 141400,1.607000,1.607100,1.606700,1.606700,0
20091008 141500,1.606800,1.607400,1.606700,1.607000,0
20091008 141600,1.606900,1.607000,1.606700,1.607000,0
20091008 141700,1.607000,1.607400,1.607000,1.607300,0
20091008 141800,1.607300,1.607300,1.607000,1.607000,0
20091008 141900,1.607000,1.607000,1.606800,1.606900,0
20091008 142000,1.607000,1.607100,1.606800,1.607100,0
20091008 142100,1.607200,1.607400,1.606800,1.607000,0
20091008 142200,1.607100,1.607200,1.607100,1.607200,0
20091008 142300,1.607300,1.607400,1.607000,1.607000,0
20091008 142400,1.607000,1.607200,1.607000,1.607100,0
20091008 142500,1.607100,1.607200,1.606900,1.607100,0
20091008 142600,1.607100,1.607300,1.607100,1.607300,0
20091008 142700,1.607400,1.607500,1.607400,1.607500,0
20091008 142800,1.607600,1.607700,1.607600,1.607700,0
20091008 142900,1.607800,1.607900,1.607400,1.607500,0
20091008 143000,1.607500,1.607500,1.607100,1.607400,0
20091008 143100,1.607400,1.607500,1.607000,1.607000,0
20091008 143200,1.607000,1.607500,1.607000,1.607200,0
20091008 143300,1.607200,1.607800,1.607200,1.607700,0
20091008 143400,1.607600,1.607800,1.607400,1.607500,0
20091008 143500,1.607600,1.607900,1.607500,1.607700,0
20091008 143600,1.607800,1.608100,1.607700,1.607800,0
20091008 143700,1.607900,1.607900,1.607800,1.607800,0
20091008 143800,1.607800,1.608100,1.607800,1.608100,0
20091008 143900,1.608000,1.608100,1.607600,1.607700,0
20091008 144000,1.607700,1.607800,1.607700,1.607700,0
20091008 144100,1.607700,1.607700,1.607600,1.607600,0
20091008 144200,1.607500,1.607500,1.607100,1.607100,0
20091008 144300,1.607200,1.607200,1.607200,1.607200,0
20091008 144400,1.607300,1.607300,1.607200,1.607300,0
20091008 144500,1.607200,1.607700,1.607200,1.607300,0
20091008 144600,1.607300,1.607400,1.607300,1.607300,0
20091008 144700,1.607300,1.607300,1.607300,1.607300,0
20091008 144800,1.607300,1.607400,1.607200,1.607300,0
20091008 144900,1.607300,1.607300,1.607200,1.607200,0
20091008 145000,1.607200,1.607200,1.607000,1.607000,0
20091008 145100,1.607100,1.607100,1.606900,1.607000,0
20091008 145200,1.607000,1.607000,1.606800,1.606800,0
20091008 145300,1.606800,1.606900,1.606700,1.606800,0
20091008 145400,1.606900,1.606900,1.606800,1.606800,0
20091008 145500,1.606700,1.606700,1.606600,1.606600,0
20091008 145600,1.606500,1.606600,1.606500,1.606600,0
20091008 145700,1.606500,1.606600,1.606300,1.606500,0
20091008 145800,1.606600,1.606600,1.606500,1.606600,0
20091008 145900,1.606600,1.606600,1.606500,1.606500,0
20091008 150000,1.606600,1.606700,1.606500,1.606600,0
20091008 150100,1.606700,1.606700,1.606600,1.606700,0
20091008 150200,1.606800,1.606900,1.606700,1.606800,0
20091008 150300,1.606900,1.607000,1.606700,1.606700,0
20091008 150400,1.606800,1.606900,1.606800,1.606900,0
20091008 150500,1.606800,1.606800,1.606600,1.606800,0
20091008 150600,1.606800,1.606800,1.606700,1.606800,0
20091008 150700,1.606900,1.607100,1.606800,1.607000,0
20091008 150800,1.607100,1.607300,1.607100,1.607300,0
20091008 150900,1.607400,1.607600,1.607300,1.607300,0
20091008 151000,1.607400,1.607400,1.607000,1.607100,0
20091008 151100,1.606900,1.607000,1.606800,1.606900,0
20091008 151200,1.606800,1.607000,1.606800,1.606900,0
20091008 151300,1.607000,1.607100,1.606900,1.607100,0
20091008 151400,1.607100,1.607300,1.607000,1.607300,0
20091008 151500,1.607400,1.607800,1.607400,1.607700,0
20091008 151600,1.607600,1.608000,1.607600,1.607900,0
20091008 151700,1.607900,1.607900,1.607800,1.607800,0
20091008 151800,1.607800,1.607900,1.607800,1.607800,0
20091008 151900,1.607800,1.607900,1.607800,1.607900,0
20091008 152000,1.608000,1.608100,1.608000,1.608000,0
20091008 152100,1.608000,1.608100,1.608000,1.608000,0
20091008 152200,1.608000,1.608000,1.608000,1.608000,0
20091008 152300,1.608000,1.608200,1.608000,1.608200,0
20091008 152400,1.608100,1.608300,1.608100,1.608200,0
20091008 152500,1.608200,1.608200,1.608200,1.608200,0
20091008 152600,1.608200,1.608300,1.608200,1.608300,0
20091008 152700,1.608200,1.608300,1.608200,1.608300,0
20091008 152800,1.608200,1.608300,1.608200,1.608300,0
20091008 152900,1.608200,1.608200,1.608100,1.608100,0
20091008 153000,1.608100,1.608100,1.607700,1.607700,0
20091008 153100,1.607800,1.608100,1.607800,1.608100,0
20091008 153200,1.608000,1.608100,1.608000,1.608100,0
20091008 153300,1.608100,1.608100,1.608000,1.608000,0
20091008 153400,1.608000,1.608200,1.607900,1.608100,0
20091008 153500,1.608000,1.608000,1.607800,1.607800,0
20091008 153600,1.607800,1.607900,1.607700,1.607700,0
20091008 153700,1.607800,1.607900,1.607500,1.607500,0
20091008 153800,1.607600,1.607600,1.607500,1.607600,0
20091008 153900,1.607500,1.607700,1.607400,1.607600,0
20091008 154000,1.607500,1.607700,1.607500,1.607500,0
20091008 154200,1.607500,1.607500,1.607500,1.607500,0
20091008 154300,1.607500,1.607600,1.607500,1.607500,0
20091008 154400,1.607400,1.607400,1.607400,1.607400,0
20091008 154500,1.607400,1.607400,1.607400,1.607400,0
20091008 154600,1.607400,1.607400,1.607400,1.607400,0
20091008 154700,1.607500,1.607500,1.607400,1.607400,0
20091008 154800,1.607500,1.607600,1.607400,1.607600,0
20091008 154900,1.607400,1.607500,1.607400,1.607400,0
20091008 155000,1.607300,1.607300,1.607300,1.607300,0
20091008 155100,1.607300,1.607400,1.607300,1.607400,0
20091008 155200,1.607500,1.607500,1.607500,1.607500,0
20091008 155300,1.607200,1.607400,1.607200,1.607400,0
20091008 155400,1.607400,1.607400,1.607400,1.607400,0
20091008 155500,1.607300,1.607300,1.607200,1.607300,0
20091008 155700,1.607300,1.607300,1.607200,1.607200,0
20091008 155800,1.607200,1.607200,1.607200,1.607200,0
20091008 155900,1.607200,1.607200,1.607000,1.607100,0
20091008 160000,1.607100,1.607100,1.607000,1.607000,0
20091008 160100,1.606900,1.607000,1.606900,1.607000,0
20091008 160200,1.607100,1.607200,1.607000,1.607100,0
20091008 160300,1.607100,1.607100,1.607100,1.607100,0
20091008 160400,1.607100,1.607200,1.607100,1.607200,0
20091008 160500,1.607200,1.607200,1.607200,1.607200,0
20091008 160600,1.607100,1.607200,1.607100,1.607100,0
20091008 160700,1.607100,1.607200,1.607000,1.607100,0
20091008 160800,1.607100,1.607100,1.607100,1.607100,0
20091008 160900,1.607100,1.607100,1.607100,1.607100,0
20091008 161000,1.607000,1.607100,1.607000,1.607100,0
20091008 161100,1.607200,1.607200,1.607200,1.607200,0
20091008 161200,1.607200,1.607200,1.607100,1.607200,0
20091008 161300,1.607100,1.607100,1.607000,1.607000,0
20091008 161400,1.607100,1.607200,1.607000,1.607000,0
20091008 161500,1.607000,1.607100,1.606900,1.607000,0
20091008 161600,1.607100,1.607200,1.607000,1.607100,0
20091008 161700,1.607100,1.607100,1.607000,1.607100,0
20091008 161800,1.607100,1.607100,1.607000,1.607100,0
20091008 162000,1.607200,1.607200,1.607100,1.607100,0
20091008 162200,1.607000,1.607000,1.606800,1.606900,0
20091008 162300,1.607000,1.607000,1.606900,1.607000,0
20091008 162400,1.607000,1.607100,1.607000,1.607000,0
20091008 162600,1.607100,1.607200,1.607100,1.607200,0
20091008 162700,1.607100,1.607200,1.607100,1.607200,0
20091008 162800,1.607100,1.607100,1.606900,1.606900,0
20091008 162900,1.607000,1.607100,1.606900,1.607100,0
20091008 163000,1.607000,1.607100,1.607000,1.607000,0
20091008 163100,1.607100,1.607200,1.607100,1.607100,0
20091008 163600,1.607100,1.607100,1.607100,1.607100,0
20091008 163700,1.607100,1.607400,1.607100,1.607200,0
20091008 163800,1.607200,1.607200,1.607200,1.607200,0
20091008 163900,1.607200,1.607200,1.607000,1.607000,0
20091008 164000,1.606900,1.606900,1.606800,1.606900,0
20091008 164100,1.606800,1.606800,1.606800,1.606800,0
20091008 164200,1.606800,1.606800,1.606700,1.606700,0
20091008 164300,1.606700,1.606700,1.606700,1.606700,0
20091008 164400,1.606800,1.606900,1.606700,1.606900,0
20091008 164500,1.607000,1.607000,1.606700,1.606800,0
20091008 164600,1.606800,1.606900,1.606800,1.606800,0
20091008 164700,1.606800,1.606900,1.606700,1.606700,0
20091008 164800,1.606700,1.606700,1.606500,1.606500,0
20091008 164900,1.606600,1.607000,1.606600,1.606700,0
20091008 165000,1.606700,1.606700,1.606700,1.606700,0
20091008 165100,1.606800,1.606800,1.606600,1.606600,0
20091008 165200,1.606600,1.606600,1.606600,1.606600,0
20091008 165300,1.606700,1.606800,1.606700,1.606800,0
20091008 165400,1.607000,1.607000,1.606700,1.607000,0
20091008 165500,1.607000,1.607000,1.606400,1.606500,0
20091008 165600,1.606400,1.606700,1.606400,1.606600,0
20091008 165700,1.606700,1.606700,1.606700,1.606700,0
20091008 165800,1.606900,1.607200,1.606700,1.606700,0
20091008 165900,1.606900,1.607000,1.606900,1.606900,0
20091008 170000,1.607000,1.607100,1.606700,1.606800,0
20091008 170100,1.606700,1.607000,1.606700,1.607000,0
20091008 170200,1.607000,1.607000,1.606700,1.606800,0
20091008 170300,1.607000,1.607000,1.607000,1.607000,0
20091008 170400,1.607000,1.607000,1.607000,1.607000,0
20091008 170500,1.607000,1.607000,1.607000,1.607000,0
20091008 170600,1.607000,1.607000,1.607000,1.607000,0
20091008 170700,1.606800,1.607200,1.606700,1.606800,0
20091008 170800,1.607100,1.607200,1.607000,1.607000,0
20091008 170900,1.607000,1.607200,1.607000,1.607200,0
20091008 171000,1.607300,1.607400,1.607200,1.607400,0
20091008 171100,1.607400,1.607600,1.607400,1.607600,0
20091008 171200,1.607400,1.607400,1.607400,1.607400,0
20091008 171300,1.607500,1.607500,1.607500,1.607500,0
20091008 171500,1.607400,1.607500,1.607400,1.607500,0
20091008 171600,1.607400,1.607500,1.607300,1.607500,0
20091008 171700,1.607600,1.607700,1.607400,1.607400,0
20091008 171800,1.607400,1.607600,1.607400,1.607600,0
20091008 171900,1.607600,1.607600,1.607200,1.607400,0
20091008 172000,1.607400,1.607400,1.607400,1.607400,0
20091008 172100,1.607400,1.607500,1.607100,1.607100,0
20091008 172200,1.607100,1.607100,1.607000,1.607000,0
20091008 172300,1.607100,1.607300,1.607100,1.607200,0
20091008 172500,1.607300,1.607300,1.607300,1.607300,0
20091008 172600,1.607200,1.607300,1.607200,1.607200,0
20091008 172700,1.607300,1.607300,1.607200,1.607200,0
20091008 172900,1.607300,1.607300,1.607300,1.607300,0
20091008 173000,1.607200,1.607300,1.607200,1.607200,0
20091008 173300,1.607200,1.607200,1.607200,1.607200,0
20091008 173400,1.607200,1.607200,1.607200,1.607200,0
20091008 173500,1.607100,1.607100,1.606900,1.607000,0
20091008 173600,1.606900,1.606900,1.606800,1.606900,0
20091008 173700,1.606900,1.607100,1.606800,1.607000,0
20091008 173800,1.607000,1.607000,1.606900,1.607000,0
20091008 173900,1.606900,1.607000,1.606700,1.606800,0
20091008 174000,1.606700,1.606800,1.606700,1.606700,0
20091008 174100,1.606800,1.606800,1.606700,1.606700,0
20091008 174200,1.606800,1.606800,1.606500,1.606600,0
20091008 174300,1.606500,1.606600,1.606500,1.606600,0
20091008 174400,1.606500,1.606900,1.606500,1.606500,0
20091008 174500,1.606600,1.606600,1.606300,1.606300,0
20091008 174600,1.606400,1.606500,1.606400,1.606400,0
20091008 174700,1.606500,1.606500,1.606300,1.606300,0
20091008 174800,1.606200,1.606400,1.606100,1.606100,0
20091008 174900,1.606200,1.606300,1.606200,1.606300,0
20091008 175000,1.606300,1.606300,1.606300,1.606300,0
20091008 175100,1.606400,1.606400,1.606300,1.606300,0
20091008 175300,1.606300,1.606300,1.606300,1.606300,0
20091008 175400,1.606400,1.606500,1.606400,1.606500,0
20091008 175500,1.606500,1.606500,1.606500,1.606500,0
20091008 175600,1.606600,1.606600,1.606600,1.606600,0
20091008 175700,1.606500,1.606500,1.606500,1.606500,0
20091008 175800,1.606500,1.606700,1.606500,1.606600,0
20091008 180000,1.606600,1.606600,1.606500,1.606600,0
20091008 180300,1.606800,1.606800,1.606700,1.606800,0
20091008 180400,1.606700,1.606900,1.606700,1.606800,0
20091008 180600,1.606800,1.606800,1.606600,1.606600,0
20091008 180700,1.606800,1.606800,1.606800,1.606800,0
20091008 180800,1.606700,1.606700,1.606700,1.606700,0
20091008 180900,1.606700,1.606700,1.606700,1.606700,0
20091008 181000,1.606800,1.606800,1.606800,1.606800,0
20091008 181200,1.606800,1.606900,1.606800,1.606900,0
20091008 181300,1.606800,1.606900,1.606800,1.606900,0
20091008 181400,1.606900,1.606900,1.606900,1.606900,0
20091008 181500,1.607000,1.607000,1.607000,1.607000,0
20091008 181600,1.606900,1.607000,1.606900,1.607000,0
20091008 181700,1.607100,1.607100,1.607000,1.607000,0
20091008 182100,1.607000,1.607000,1.607000,1.607000,0
20091008 182200,1.607000,1.607000,1.607000,1.607000,0
20091008 182300,1.607000,1.607000,1.607000,1.607000,0
20091008 182400,1.607000,1.607000,1.607000,1.607000,0
20091008 182700,1.607000,1.607000,1.606600,1.606600,0
20091008 182800,1.606700,1.606800,1.606600,1.606600,0
20091008 182900,1.606700,1.606700,1.606600,1.606600,0
20091008 183000,1.606600,1.606600,1.606600,1.606600,0
20091008 183100,1.606600,1.606600,1.606500,1.606500,0
20091008 183600,1.606400,1.606400,1.606400,1.606400,0
20091008 183700,1.606400,1.606500,1.606300,1.606500,0
20091008 183800,1.606400,1.606400,1.606400,1.606400,0
20091008 184000,1.606500,1.606500,1.606500,1.606500,0
20091008 184200,1.606500,1.606500,1.606500,1.606500,0
20091008 184300,1.606500,1.606500,1.606500,1.606500,0
20091008 184400,1.606500,1.606500,1.606500,1.606500,0
20091008 184600,1.606600,1.606600,1.606500,1.606500,0
20091008 184700,1.606600,1.606600,1.606600,1.606600,0
20091008 184800,1.606600,1.606700,1.606600,1.606700,0
20091008 184900,1.606800,1.607100,1.606700,1.607100,0
20091008 185000,1.607000,1.607000,1.606900,1.607000,0
20091008 185100,1.607000,1.607000,1.607000,1.607000,0
20091008 185200,1.607000,1.607000,1.606900,1.606900,0
20091008 185300,1.606800,1.606800,1.606800,1.606800,0
20091008 185400,1.606700,1.606700,1.606700,1.606700,0
20091008 185500,1.606800,1.606800,1.606800,1.606800,0
20091008 185600,1.606700,1.607000,1.606700,1.607000,0
20091008 185700,1.606900,1.606900,1.606900,1.606900,0
20091008 185800,1.606900,1.606900,1.606800,1.606800,0
20091008 185900,1.606700,1.606700,1.606700,1.606700,0
20091008 190000,1.606600,1.606600,1.606100,1.606200,0
20091008 190100,1.606300,1.606300,1.605500,1.605600,0
20091008 190200,1.605600,1.605600,1.604400,1.605600,0
20091008 190300,1.605600,1.605900,1.605600,1.605900,0
20091008 190400,1.605800,1.606000,1.605800,1.605900,0
20091008 190500,1.606000,1.606100,1.605900,1.606100,0
20091008 190600,1.606100,1.606100,1.606000,1.606000,0
20091008 190700,1.606000,1.606000,1.605900,1.605900,0
20091008 190800,1.605900,1.605900,1.605100,1.605100,0
20091008 190900,1.605100,1.605100,1.605100,1.605100,0
20091008 191000,1.605100,1.605100,1.604600,1.604800,0
20091008 191100,1.604700,1.605000,1.604700,1.604900,0
20091008 191200,1.604800,1.604900,1.604700,1.604800,0
20091008 191300,1.604700,1.604700,1.604100,1.604100,0
20091008 191400,1.604200,1.604400,1.604200,1.604200,0
20091008 191500,1.604200,1.604300,1.604200,1.604300,0
20091008 191600,1.604300,1.604400,1.604300,1.604400,0
20091008 191700,1.604300,1.604400,1.604200,1.604200,0
20091008 191800,1.604200,1.604800,1.604200,1.604800,0
20091008 191900,1.604800,1.604800,1.604700,1.604700,0
20091008 192000,1.604700,1.604700,1.604400,1.604400,0
20091008 192100,1.604500,1.604500,1.604300,1.604300,0
20091008 192200,1.604300,1.604300,1.604200,1.604300,0
20091008 192300,1.604200,1.604500,1.604200,1.604400,0
20091008 192400,1.604500,1.604500,1.604400,1.604400,0
20091008 192500,1.604500,1.604700,1.604500,1.604700,0
20091008 192600,1.604800,1.605000,1.604700,1.604700,0
20091008 192700,1.604800,1.604800,1.604800,1.604800,0
20091008 193000,1.604900,1.605500,1.604800,1.605500,0
20091008 193100,1.605400,1.605600,1.605400,1.605600,0
20091008 193200,1.605600,1.605800,1.605500,1.605500,0
20091008 193300,1.605600,1.605900,1.605600,1.605800,0
20091008 193400,1.605800,1.605800,1.605500,1.605700,0
20091008 193600,1.605600,1.605700,1.605600,1.605600,0
20091008 193700,1.605500,1.605600,1.605500,1.605600,0
20091008 193800,1.605600,1.605700,1.605400,1.605500,0
20091008 193900,1.605600,1.605700,1.605500,1.605600,0
20091008 194000,1.605500,1.605600,1.605200,1.605200,0
20091008 194200,1.605200,1.605300,1.605200,1.605300,0
20091008 194300,1.605200,1.605300,1.605200,1.605300,0
20091008 194400,1.605300,1.605300,1.605300,1.605300,0
20091008 194500,1.605400,1.605600,1.605400,1.605500,0
20091008 194600,1.605600,1.606100,1.605600,1.606000,0
20091008 194700,1.605900,1.605900,1.605600,1.605700,0
20091008 194800,1.605600,1.605700,1.605200,1.605200,0
20091008 194900,1.605200,1.605800,1.605200,1.605800,0
20091008 195000,1.605900,1.606000,1.605700,1.605700,0
20091008 195100,1.605700,1.605700,1.605600,1.605600,0
20091008 195300,1.605600,1.605800,1.605600,1.605700,0
20091008 195400,1.605700,1.605700,1.605700,1.605700,0
20091008 195500,1.605700,1.605700,1.605100,1.605100,0
20091008 195600,1.605000,1.605900,1.604900,1.605300,0
20091008 195700,1.605300,1.605300,1.605100,1.605300,0
20091008 195800,1.605300,1.605400,1.605300,1.605300,0
20091008 195900,1.605200,1.605300,1.605000,1.605000,0
20091008 200000,1.605000,1.605000,1.604000,1.604000,0
20091008 200100,1.603900,1.604200,1.603900,1.604100,0
20091008 200200,1.604200,1.604200,1.604100,1.604100,0
20091008 200300,1.604100,1.604100,1.603600,1.603700,0
20091008 200400,1.603500,1.603700,1.603500,1.603500,0
20091008 200500,1.603500,1.603900,1.603500,1.603900,0
20091008 200600,1.603800,1.604100,1.603700,1.604100,0
20091008 200700,1.604000,1.604400,1.603900,1.604000,0
20091008 200800,1.603900,1.604000,1.603800,1.604000,0
20091008 200900,1.604000,1.604100,1.603900,1.603900,0
20091008 201000,1.603900,1.603900,1.603800,1.603900,0
20091008 201100,1.603800,1.604000,1.603800,1.604000,0
20091008 201200,1.603900,1.604200,1.603900,1.604000,0
20091008 201300,1.603900,1.604400,1.603700,1.603800,0
20091008 201400,1.603700,1.603700,1.603500,1.603700,0
20091008 201500,1.603700,1.604000,1.603700,1.603900,0
20091008 201600,1.603900,1.604100,1.603500,1.603600,0
20091008 201700,1.603500,1.603800,1.603400,1.603800,0
20091008 201800,1.603800,1.604000,1.603600,1.603600,0
20091008 201900,1.603700,1.603700,1.603300,1.603400,0
20091008 202000,1.603300,1.603400,1.603300,1.603400,0
20091008 202100,1.603500,1.603800,1.603200,1.603200,0
20091008 202200,1.603200,1.603500,1.603200,1.603500,0
20091008 202300,1.603400,1.603600,1.603300,1.603400,0
20091008 202400,1.603400,1.603600,1.603100,1.603100,0
20091008 202500,1.603200,1.603300,1.602600,1.602600,0
20091008 202600,1.602500,1.602900,1.602500,1.602800,0
20091008 202700,1.602800,1.602900,1.602600,1.602600,0
20091008 202800,1.602600,1.603100,1.602600,1.603100,0
20091008 202900,1.603100,1.603200,1.602700,1.602700,0
20091008 203000,1.602800,1.603700,1.602800,1.603500,0
20091008 203100,1.603700,1.603800,1.603200,1.603300,0
20091008 203200,1.603200,1.603200,1.603100,1.603200,0
20091008 203300,1.603200,1.603300,1.602900,1.603100,0
20091008 203400,1.603100,1.603200,1.603000,1.603200,0
20091008 203500,1.603100,1.603200,1.603000,1.603000,0
20091008 203600,1.603000,1.603400,1.602900,1.603300,0
20091008 203700,1.603300,1.603500,1.603300,1.603400,0
20091008 203800,1.603400,1.603600,1.603400,1.603400,0
20091008 203900,1.603400,1.604100,1.603400,1.604100,0
20091008 204000,1.604100,1.604100,1.603800,1.603800,0
20091008 204100,1.603800,1.603800,1.603200,1.603200,0
20091008 204200,1.603100,1.603300,1.603000,1.603300,0
20091008 204300,1.603300,1.603500,1.603300,1.603400,0
20091008 204400,1.603300,1.603300,1.602600,1.602600,0
20091008 204500,1.602600,1.603000,1.602500,1.602900,0
20091008 204600,1.602900,1.602900,1.602800,1.602900,0
20091008 204700,1.603000,1.603600,1.603000,1.603600,0
20091008 204800,1.603600,1.603600,1.603500,1.603600,0
20091008 205000,1.603500,1.603600,1.603500,1.603500,0
20091008 205100,1.603600,1.603600,1.603500,1.603500,0
20091008 205200,1.603600,1.603600,1.603500,1.603600,0
20091008 205300,1.603500,1.603500,1.603400,1.603500,0
20091008 205400,1.603500,1.603700,1.603500,1.603600,0
20091008 205500,1.603700,1.604000,1.603700,1.603700,0
20091008 205700,1.603800,1.603800,1.603600,1.603700,0
20091008 205800,1.603700,1.604200,1.603700,1.604100,0
20091008 205900,1.604000,1.604100,1.604000,1.604000,0
20091008 210000,1.604000,1.604200,1.604000,1.604200,0
20091008 210100,1.604200,1.604400,1.604200,1.604300,0
20091008 210200,1.604300,1.604300,1.604000,1.604000,0
20091008 210300,1.604000,1.604000,1.604000,1.604000,0
20091008 210400,1.604000,1.604100,1.603900,1.604000,0
20091008 210500,1.604000,1.604100,1.603800,1.603900,0
20091008 210600,1.603900,1.604300,1.603900,1.604300,0
20091008 210700,1.604400,1.604600,1.604400,1.604500,0
20091008 210800,1.604500,1.604600,1.604500,1.604500,0
20091008 211000,1.604500,1.604600,1.604500,1.604600,0
20091008 211100,1.604800,1.604900,1.604600,1.604600,0
20091008 211200,1.604700,1.604800,1.604700,1.604700,0
20091008 211300,1.604800,1.604800,1.604700,1.604700,0
20091008 211400,1.604700,1.604700,1.604600,1.604600,0
20091008 211500,1.604600,1.605000,1.604600,1.604900,0
20091008 211600,1.604800,1.605100,1.604800,1.605000,0
20091008 211700,1.604900,1.605300,1.604900,1.605000,0
20091008 211800,1.605000,1.605300,1.604600,1.605300,0
20091008 211900,1.605400,1.605700,1.605100,1.605300,0
20091008 212000,1.605400,1.605400,1.605300,1.605400,0
20091008 212100,1.605400,1.605400,1.605400,1.605400,0
20091008 212200,1.605400,1.605600,1.605200,1.605200,0
20091008 212300,1.605200,1.605200,1.605100,1.605100,0
20091008 212400,1.605200,1.605200,1.605000,1.605000,0
20091008 212500,1.605000,1.605000,1.604800,1.604900,0
20091008 212600,1.604800,1.605000,1.604800,1.605000,0
20091008 212700,1.604900,1.605100,1.604800,1.605100,0
20091008 212800,1.605100,1.605500,1.605100,1.605500,0
20091008 212900,1.605500,1.605600,1.605400,1.605500,0
20091008 213000,1.605400,1.605700,1.605400,1.605600,0
20091008 213100,1.605500,1.605600,1.605000,1.605000,0
20091008 213200,1.605000,1.605300,1.605000,1.605000,0
20091008 213300,1.605000,1.605500,1.604800,1.605300,0
20091008 213400,1.605200,1.605500,1.605100,1.605400,0
20091008 213500,1.605400,1.605500,1.605400,1.605400,0
20091008 213600,1.605300,1.605300,1.604800,1.604900,0
20091008 213700,1.604800,1.604800,1.604400,1.604500,0
20091008 213800,1.604400,1.604500,1.604100,1.604200,0
20091008 213900,1.604200,1.604200,1.603500,1.603500,0
20091008 214000,1.603500,1.603600,1.602700,1.603200,0
20091008 214100,1.603200,1.603400,1.603100,1.603400,0
20091008 214200,1.603500,1.603500,1.603300,1.603300,0
20091008 214300,1.603300,1.603400,1.603200,1.603200,0
20091008 214400,1.603200,1.603200,1.602700,1.602700,0
20091008 214500,1.602600,1.603500,1.602600,1.602900,0
20091008 214600,1.603000,1.603100,1.603000,1.603000,0
20091008 214700,1.602900,1.603100,1.602600,1.603000,0
20091008 214800,1.603000,1.603000,1.602600,1.602600,0
20091008 214900,1.602600,1.602700,1.602300,1.602700,0
20091008 215000,1.602700,1.603000,1.602500,1.602700,0
20091008 215100,1.602800,1.603000,1.602400,1.602400,0
20091008 215200,1.602300,1.602700,1.602300,1.602600,0
20091008 215300,1.602700,1.602700,1.602100,1.602400,0
20091008 215400,1.602400,1.602900,1.602400,1.602500,0
20091008 215500,1.602500,1.603300,1.602200,1.603300,0
20091008 215600,1.603300,1.603400,1.602300,1.602300,0
20091008 215700,1.602200,1.602400,1.602200,1.602400,0
20091008 215800,1.602300,1.602500,1.602300,1.602500,0
20091008 215900,1.602500,1.602700,1.602500,1.602700,0
20091008 220000,1.602800,1.602900,1.602700,1.602800,0
20091008 220100,1.602900,1.603200,1.602900,1.603100,0
20091008 220200,1.603100,1.603100,1.602900,1.602900,0
20091008 220300,1.602900,1.603000,1.602800,1.602800,0
20091008 220400,1.602800,1.602900,1.602800,1.602900,0
20091008 220500,1.602900,1.603500,1.602900,1.603300,0
20091008 220600,1.603400,1.603400,1.603200,1.603200,0
20091008 220700,1.603100,1.603300,1.603100,1.603200,0
20091008 220800,1.603200,1.603500,1.603100,1.603400,0
20091008 220900,1.603300,1.603600,1.603300,1.603600,0
20091008 221000,1.603600,1.603600,1.603600,1.603600,0
20091008 221100,1.603500,1.603500,1.602900,1.603000,0
20091008 221200,1.603100,1.603400,1.603100,1.603200,0
20091008 221300,1.603100,1.603100,1.603000,1.603100,0
20091008 221400,1.603200,1.603300,1.603200,1.603300,0
20091008 221500,1.603300,1.603300,1.603200,1.603200,0
20091008 221600,1.603200,1.603300,1.603200,1.603200,0
20091008 221700,1.603200,1.603300,1.603200,1.603200,0
20091008 221800,1.603300,1.603300,1.603200,1.603200,0
20091008 221900,1.603200,1.603400,1.603200,1.603400,0
20091008 222000,1.603400,1.603500,1.603200,1.603200,0
20091008 222100,1.603200,1.603300,1.603100,1.603300,0
20091008 222200,1.603200,1.603300,1.603200,1.603300,0
20091008 222300,1.603200,1.603400,1.603200,1.603300,0
20091008 222400,1.603300,1.603300,1.603000,1.603000,0
20091008 222500,1.603000,1.603100,1.603000,1.603100,0
20091008 222600,1.603000,1.603000,1.602500,1.602600,0
20091008 222700,1.602600,1.603200,1.602600,1.603000,0
20091008 222800,1.603000,1.603300,1.603000,1.603100,0
20091008 222900,1.603200,1.603300,1.603100,1.603200,0
20091008 223000,1.603200,1.603300,1.603200,1.603300,0
20091008 223100,1.603300,1.603300,1.603000,1.603000,0
20091008 223200,1.603100,1.603100,1.602800,1.603000,0
20091008 223300,1.603000,1.603100,1.602700,1.602700,0
20091008 223400,1.602700,1.602700,1.602600,1.602600,0
20091008 223500,1.602700,1.603100,1.602700,1.603000,0
20091008 223600,1.603000,1.603000,1.602800,1.602800,0
20091008 223700,1.602900,1.602900,1.602300,1.602300,0
20091008 223800,1.602400,1.602800,1.602300,1.602500,0
20091008 223900,1.602700,1.602700,1.602400,1.602500,0
20091008 224000,1.602400,1.602800,1.602400,1.602800,0
20091008 224100,1.602800,1.603200,1.602300,1.602300,0
20091008 224200,1.602500,1.602600,1.602300,1.602600,0
20091008 224300,1.602500,1.603000,1.602500,1.602900,0
20091008 224400,1.602800,1.602800,1.602200,1.602400,0
20091008 224500,1.602400,1.602400,1.601800,1.601900,0
20091008 224600,1.601800,1.602200,1.601800,1.602200,0
20091008 224700,1.602100,1.602100,1.602000,1.602000,0
20091008 224800,1.602000,1.602400,1.601900,1.602200,0
20091008 224900,1.602100,1.602100,1.602000,1.602000,0
20091008 225000,1.601900,1.601900,1.600700,1.600900,0
20091008 225100,1.601000,1.601400,1.601000,1.601400,0
20091008 225200,1.601400,1.601700,1.601200,1.601400,0
20091008 225300,1.601300,1.601400,1.601100,1.601100,0
20091008 225400,1.601100,1.601600,1.601100,1.601600,0
20091008 225500,1.601500,1.601700,1.601400,1.601600,0
20091008 225600,1.601500,1.602200,1.601500,1.602100,0
20091008 225700,1.602100,1.602100,1.601400,1.601400,0
20091008 225800,1.601500,1.601800,1.601500,1.601700,0
20091008 225900,1.601700,1.602400,1.601700,1.601800,0
20091008 230000,1.601700,1.601800,1.600900,1.601000,0
20091008 230100,1.601100,1.601200,1.599800,1.599900,0
20091008 230200,1.599800,1.600600,1.599800,1.600300,0
20091008 230300,1.600400,1.600700,1.600400,1.600600,0
20091008 230400,1.600700,1.600700,1.600100,1.600300,0
20091008 230500,1.600200,1.600300,1.600100,1.600200,0
20091008 230600,1.600300,1.600300,1.600200,1.600200,0
20091008 230700,1.600100,1.600300,1.599800,1.600000,0
20091008 230800,1.600100,1.600400,1.599900,1.600400,0
20091008 230900,1.600500,1.600700,1.600500,1.600600,0
20091008 231000,1.600500,1.600800,1.600500,1.600800,0
20091008 231100,1.600800,1.601400,1.600800,1.601400,0
20091008 231200,1.601300,1.601300,1.601300,1.601300,0
20091008 231300,1.601200,1.601200,1.600900,1.601000,0
20091008 231400,1.601000,1.601100,1.600900,1.600900,0
20091008 231500,1.600900,1.601600,1.600900,1.601600,0
20091008 231600,1.601600,1.601600,1.600600,1.600700,0
20091008 231700,1.600800,1.601300,1.600800,1.601000,0
20091008 231800,1.601100,1.601700,1.601000,1.601700,0
20091008 231900,1.601600,1.601600,1.601100,1.601100,0
20091008 232000,1.601000,1.601200,1.600800,1.600800,0
20091008 232100,1.600700,1.601700,1.600700,1.600700,0
20091008 232200,1.600600,1.600800,1.600600,1.600800,0
20091008 232300,1.600800,1.601400,1.600800,1.601000,0
20091008 232400,1.601100,1.601100,1.601000,1.601100,0
20091008 232500,1.601200,1.601300,1.601200,1.601200,0
20091008 232600,1.601300,1.601400,1.601300,1.601400,0
20091008 232800,1.601500,1.601600,1.601400,1.601600,0
20091008 232900,1.601600,1.601800,1.601600,1.601800,0
20091008 233200,1.601700,1.601700,1.600900,1.601000,0
20091008 233300,1.600900,1.601000,1.600900,1.601000,0
20091008 233400,1.601000,1.601000,1.601000,1.601000,0
20091008 233600,1.601100,1.601100,1.601000,1.601100,0
20091008 233700,1.601100,1.601400,1.601100,1.601400,0
20091008 233800,1.601300,1.601300,1.601300,1.601300,0
20091008 233900,1.601300,1.601300,1.601200,1.601300,0
20091008 234000,1.601300,1.601500,1.601300,1.601500,0
20091008 234100,1.601500,1.601600,1.601500,1.601500,0
20091008 234200,1.601500,1.601600,1.601500,1.601600,0
20091008 234300,1.601700,1.602000,1.601700,1.602000,0
20091008 234400,1.601900,1.601900,1.601400,1.601400,0
20091008 234500,1.601400,1.601500,1.601400,1.601500,0
20091008 234600,1.601600,1.601600,1.601500,1.601500,0
20091008 234700,1.601600,1.601600,1.601500,1.601500,0
20091008 234800,1.601400,1.601500,1.601400,1.601500,0
20091008 235000,1.601600,1.601600,1.601500,1.601500,0
20091008 235100,1.601600,1.601700,1.601600,1.601600,0
20091008 235200,1.601700,1.602000,1.601700,1.602000,0
20091008 235300,1.602100,1.602100,1.601900,1.602100,0
20091008 235400,1.602100,1.602100,1.601900,1.602000,0
20091008 235500,1.602100,1.602300,1.602000,1.602200,0
20091008 235600,1.602200,1.602300,1.602100,1.602300,0
20091008 235700,1.602300,1.602500,1.602200,1.602500,0
20091008 235800,1.602600,1.602700,1.602200,1.602200,0
20091008 235900,1.602200,1.602200,1.601800,1.601800,0
