20030516 000000,1.622100,1.622100,1.622000,1.622000,0
20030516 000300,1.621900,1.621900,1.621800,1.621900,0
20030516 000400,1.622000,1.622100,1.622000,1.622100,0
20030516 000600,1.622200,1.622200,1.622200,1.622200,0
20030516 000700,1.622300,1.622500,1.622100,1.622400,0
20030516 000800,1.622300,1.622400,1.622200,1.622200,0
20030516 001200,1.622300,1.622400,1.622300,1.622400,0
20030516 001300,1.622500,1.622500,1.622500,1.622500,0
20030516 001600,1.622400,1.622400,1.622300,1.622300,0
20030516 001700,1.622400,1.622400,1.622400,1.622400,0
20030516 001800,1.622300,1.622400,1.622300,1.622300,0
20030516 002000,1.622400,1.622400,1.622400,1.622400,0
20030516 002200,1.622300,1.622300,1.622300,1.622300,0
20030516 002300,1.622400,1.622400,1.622400,1.622400,0
20030516 004000,1.622500,1.622500,1.622500,1.622500,0
20030516 004100,1.622600,1.622700,1.622600,1.622600,0
20030516 004200,1.622700,1.622700,1.622700,1.622700,0
20030516 004400,1.622600,1.622600,1.622500,1.622500,0
20030516 004500,1.622600,1.622700,1.622600,1.622700,0
20030516 004600,1.622600,1.622600,1.622600,1.622600,0
20030516 004700,1.622500,1.622500,1.622500,1.622500,0
20030516 005100,1.622400,1.622400,1.622400,1.622400,0
20030516 005700,1.622500,1.622500,1.622500,1.622500,0
20030516 010600,1.622400,1.622400,1.622400,1.622400,0
20030516 010900,1.622500,1.622500,1.622500,1.622500,0
20030516 012500,1.622400,1.622400,1.622300,1.622300,0
20030516 012600,1.622400,1.622400,1.622400,1.622400,0
20030516 012700,1.622500,1.622500,1.622500,1.622500,0
20030516 012800,1.622400,1.622400,1.622300,1.622300,0
20030516 012900,1.622400,1.622400,1.622100,1.622100,0
20030516 013100,1.622000,1.622000,1.622000,1.622000,0
20030516 013200,1.622100,1.622100,1.622000,1.622000,0
20030516 013500,1.621900,1.621900,1.621700,1.621700,0
20030516 013600,1.621600,1.621700,1.621400,1.621700,0
20030516 013800,1.621800,1.621900,1.621600,1.621600,0
20030516 013900,1.621700,1.621800,1.621600,1.621700,0
20030516 014100,1.621800,1.621800,1.621700,1.621700,0
20030516 014300,1.621600,1.621600,1.621600,1.621600,0
20030516 014500,1.621300,1.621300,1.620900,1.620900,0
20030516 014600,1.620800,1.620800,1.620600,1.620600,0
20030516 014700,1.620700,1.620800,1.620600,1.620600,0
20030516 014800,1.620700,1.620700,1.620500,1.620500,0
20030516 014900,1.620400,1.620600,1.620300,1.620300,0
20030516 015000,1.620500,1.620600,1.620500,1.620500,0
20030516 015100,1.620600,1.620600,1.620600,1.620600,0
20030516 015200,1.620500,1.620600,1.620400,1.620400,0
20030516 015300,1.620500,1.620600,1.620500,1.620600,0
20030516 015400,1.620500,1.620500,1.620500,1.620500,0
20030516 015500,1.620600,1.620600,1.620600,1.620600,0
20030516 015600,1.620700,1.620700,1.620500,1.620700,0
20030516 015700,1.620600,1.620600,1.620600,1.620600,0
20030516 015800,1.620700,1.620800,1.620600,1.620800,0
20030516 015900,1.620700,1.620700,1.620600,1.620600,0
20030516 020200,1.620500,1.620500,1.620400,1.620400,0
20030516 020300,1.620500,1.620500,1.620500,1.620500,0
20030516 020500,1.620600,1.620600,1.620500,1.620600,0
20030516 020600,1.620500,1.620600,1.620500,1.620600,0
20030516 020700,1.620500,1.620500,1.620400,1.620400,0
20030516 021300,1.620500,1.620500,1.620400,1.620500,0
20030516 021400,1.620400,1.620500,1.620300,1.620300,0
20030516 021500,1.620400,1.620500,1.620300,1.620400,0
20030516 021800,1.620300,1.620500,1.620300,1.620500,0
20030516 021900,1.620600,1.620600,1.620400,1.620600,0
20030516 022000,1.620700,1.620800,1.620700,1.620800,0
20030516 022100,1.620700,1.620800,1.620600,1.620600,0
20030516 022200,1.620700,1.620700,1.620600,1.620600,0
20030516 022300,1.620500,1.620500,1.620200,1.620200,0
20030516 022400,1.620300,1.620300,1.620100,1.620100,0
20030516 022500,1.620000,1.620000,1.619500,1.620000,0
20030516 022600,1.619900,1.619900,1.619800,1.619900,0
20030516 022700,1.619800,1.619900,1.619700,1.619900,0
20030516 022800,1.620000,1.620000,1.619900,1.619900,0
20030516 022900,1.620000,1.620000,1.620000,1.620000,0
20030516 023000,1.619900,1.620000,1.619800,1.619800,0
20030516 023100,1.619700,1.619900,1.619400,1.619500,0
20030516 023200,1.619300,1.619600,1.619300,1.619600,0
20030516 023300,1.619700,1.619700,1.619600,1.619600,0
20030516 023400,1.619700,1.619700,1.619500,1.619500,0
20030516 023500,1.619400,1.619600,1.619400,1.619500,0
20030516 023600,1.619400,1.619400,1.618800,1.618900,0
20030516 023700,1.618800,1.618900,1.618400,1.618600,0
20030516 023800,1.618700,1.618900,1.618700,1.618900,0
20030516 023900,1.619000,1.619200,1.619000,1.619200,0
20030516 024000,1.619100,1.619200,1.618900,1.618900,0
20030516 024100,1.619000,1.619500,1.619000,1.619300,0
20030516 024200,1.619500,1.619500,1.619300,1.619300,0
20030516 024300,1.619200,1.619300,1.618900,1.619100,0
20030516 024400,1.619000,1.619000,1.618900,1.618900,0
20030516 024500,1.618800,1.618800,1.618600,1.618600,0
20030516 024600,1.618700,1.619100,1.618700,1.618900,0
20030516 024800,1.619000,1.619200,1.618900,1.619100,0
20030516 024900,1.619200,1.619200,1.619000,1.619200,0
20030516 025000,1.619100,1.619100,1.618900,1.619100,0
20030516 025100,1.618900,1.618900,1.618900,1.618900,0
20030516 025200,1.618800,1.618900,1.618800,1.618900,0
20030516 025400,1.619000,1.619200,1.618900,1.619100,0
20030516 025500,1.619200,1.619600,1.619200,1.619500,0
20030516 025600,1.619600,1.619900,1.619600,1.619900,0
20030516 025700,1.619800,1.620200,1.619700,1.620200,0
20030516 025800,1.620100,1.620200,1.619900,1.620100,0
20030516 025900,1.620200,1.620400,1.620200,1.620300,0
20030516 030000,1.620400,1.620400,1.620000,1.620000,0
20030516 030100,1.619900,1.619900,1.619700,1.619800,0
20030516 030200,1.619700,1.619900,1.619700,1.619900,0
20030516 030300,1.620000,1.620300,1.620000,1.620300,0
20030516 030400,1.620400,1.620500,1.620200,1.620500,0
20030516 030500,1.620400,1.620600,1.620400,1.620500,0
20030516 030600,1.620600,1.620700,1.620500,1.620700,0
20030516 030700,1.620600,1.620800,1.620600,1.620700,0
20030516 030800,1.620800,1.620900,1.620700,1.620900,0
20030516 030900,1.621000,1.621000,1.620900,1.621000,0
20030516 031000,1.621100,1.621100,1.620800,1.620900,0
20030516 031100,1.621000,1.621000,1.620800,1.620900,0
20030516 031200,1.620800,1.620900,1.620400,1.620500,0
20030516 031300,1.620400,1.620500,1.620100,1.620100,0
20030516 031400,1.620200,1.620400,1.620100,1.620200,0
20030516 031500,1.620100,1.620200,1.620100,1.620200,0
20030516 031600,1.620300,1.620600,1.620300,1.620600,0
20030516 031700,1.620500,1.620500,1.620100,1.620100,0
20030516 031800,1.620200,1.620600,1.620200,1.620600,0
20030516 031900,1.620500,1.620600,1.620400,1.620400,0
20030516 032000,1.620300,1.620400,1.620300,1.620300,0
20030516 032100,1.620400,1.620400,1.620300,1.620400,0
20030516 032200,1.620300,1.620300,1.620200,1.620300,0
20030516 032300,1.620200,1.620300,1.620200,1.620300,0
20030516 032400,1.620400,1.620500,1.620400,1.620500,0
20030516 032500,1.620400,1.620500,1.620400,1.620500,0
20030516 032600,1.620600,1.620800,1.620600,1.620700,0
20030516 032700,1.620600,1.620700,1.620600,1.620600,0
20030516 032800,1.620500,1.620700,1.620400,1.620600,0
20030516 032900,1.620500,1.620600,1.620500,1.620600,0
20030516 033000,1.620500,1.620600,1.620400,1.620500,0
20030516 033200,1.620400,1.620500,1.620200,1.620200,0
20030516 033300,1.620300,1.620400,1.620300,1.620400,0
20030516 033400,1.620300,1.620400,1.620300,1.620400,0
20030516 033500,1.620300,1.620400,1.620300,1.620300,0
20030516 033600,1.620400,1.620500,1.620400,1.620500,0
20030516 033700,1.620400,1.620600,1.620400,1.620600,0
20030516 033800,1.620500,1.620500,1.620300,1.620300,0
20030516 033900,1.620400,1.620400,1.620100,1.620200,0
20030516 034000,1.620100,1.620100,1.620000,1.620100,0
20030516 034100,1.620000,1.620100,1.620000,1.620100,0
20030516 034200,1.620200,1.620700,1.620200,1.620600,0
20030516 034300,1.620500,1.620500,1.620500,1.620500,0
20030516 034400,1.620400,1.620400,1.620400,1.620400,0
20030516 034500,1.620500,1.620600,1.620400,1.620500,0
20030516 034600,1.620400,1.620500,1.620400,1.620400,0
20030516 034700,1.620500,1.620500,1.620400,1.620400,0
20030516 034800,1.620500,1.620500,1.620500,1.620500,0
20030516 034900,1.620600,1.620700,1.620600,1.620700,0
20030516 035000,1.620800,1.620900,1.620600,1.620700,0
20030516 035100,1.620800,1.621000,1.620800,1.620800,0
20030516 035200,1.620900,1.620900,1.620800,1.620800,0
20030516 035300,1.620700,1.620800,1.620700,1.620800,0
20030516 035400,1.621000,1.621000,1.620900,1.620900,0
20030516 035500,1.621000,1.621400,1.621000,1.621400,0
20030516 035600,1.621300,1.621300,1.621100,1.621300,0
20030516 035700,1.621400,1.621400,1.621100,1.621300,0
20030516 035800,1.621200,1.621300,1.621100,1.621100,0
20030516 035900,1.621000,1.621100,1.620900,1.621000,0
20030516 040000,1.620900,1.620900,1.620700,1.620700,0
20030516 040100,1.620800,1.620800,1.620500,1.620500,0
20030516 040200,1.620700,1.620700,1.620600,1.620700,0
20030516 040300,1.620600,1.620700,1.620600,1.620600,0
20030516 040400,1.620500,1.620900,1.620500,1.620800,0
20030516 040500,1.620700,1.620800,1.620600,1.620800,0
20030516 040600,1.620700,1.620700,1.620600,1.620600,0
20030516 040700,1.620700,1.620700,1.620600,1.620700,0
20030516 040800,1.620600,1.620700,1.620600,1.620600,0
20030516 040900,1.620700,1.620800,1.620700,1.620700,0
20030516 041000,1.620800,1.620900,1.620800,1.620900,0
20030516 041100,1.620800,1.621100,1.620800,1.620800,0
20030516 041200,1.620900,1.621000,1.620900,1.621000,0
20030516 041300,1.620900,1.620900,1.620900,1.620900,0
20030516 041400,1.621000,1.621300,1.621000,1.621300,0
20030516 041500,1.621400,1.621500,1.621400,1.621400,0
20030516 041600,1.621500,1.621500,1.621500,1.621500,0
20030516 041700,1.621400,1.621500,1.621200,1.621400,0
20030516 041800,1.621300,1.621500,1.621300,1.621500,0
20030516 041900,1.621600,1.621900,1.621500,1.621800,0
20030516 042000,1.621700,1.622100,1.621700,1.621800,0
20030516 042100,1.621900,1.622200,1.621800,1.622200,0
20030516 042200,1.622100,1.622100,1.622000,1.622100,0
20030516 042300,1.622000,1.622000,1.621800,1.621900,0
20030516 042400,1.621800,1.621800,1.621500,1.621500,0
20030516 042500,1.621400,1.621600,1.621400,1.621600,0
20030516 042600,1.621500,1.621500,1.621300,1.621400,0
20030516 042700,1.621300,1.621400,1.621300,1.621300,0
20030516 043000,1.621200,1.621200,1.621200,1.621200,0
20030516 043100,1.621100,1.621100,1.620900,1.621000,0
20030516 043200,1.621100,1.621100,1.621100,1.621100,0
20030516 043300,1.621200,1.621300,1.621200,1.621300,0
20030516 043400,1.621200,1.621300,1.621100,1.621100,0
20030516 043600,1.621000,1.621000,1.621000,1.621000,0
20030516 043700,1.621100,1.621100,1.621100,1.621100,0
20030516 043800,1.621000,1.621100,1.621000,1.621100,0
20030516 044300,1.621000,1.621100,1.621000,1.621100,0
20030516 044500,1.621000,1.621100,1.621000,1.621100,0
20030516 044600,1.621000,1.621000,1.620900,1.621000,0
20030516 044800,1.621100,1.621300,1.621100,1.621300,0
20030516 044900,1.621400,1.621500,1.621300,1.621500,0
20030516 045000,1.621700,1.621700,1.621500,1.621500,0
20030516 045100,1.621700,1.621700,1.621500,1.621600,0
20030516 045200,1.621500,1.621500,1.621300,1.621400,0
20030516 045300,1.621500,1.621700,1.621400,1.621500,0
20030516 045400,1.621400,1.621500,1.621300,1.621400,0
20030516 045500,1.621300,1.621300,1.620900,1.621300,0
20030516 045600,1.621400,1.621400,1.621000,1.621100,0
20030516 045700,1.621200,1.621400,1.621100,1.621400,0
20030516 045800,1.621300,1.621400,1.621300,1.621400,0
20030516 045900,1.621300,1.621300,1.621300,1.621300,0
20030516 050000,1.621400,1.621700,1.621400,1.621600,0
20030516 050100,1.621500,1.621800,1.621500,1.621700,0
20030516 050200,1.621800,1.621800,1.621500,1.621800,0
20030516 050300,1.621700,1.621800,1.621500,1.621800,0
20030516 050400,1.621700,1.621700,1.621300,1.621300,0
20030516 050500,1.621400,1.621500,1.621400,1.621500,0
20030516 050600,1.621400,1.621400,1.621100,1.621100,0
20030516 050700,1.621000,1.621100,1.621000,1.621100,0
20030516 050800,1.621000,1.621100,1.620900,1.621100,0
20030516 050900,1.621000,1.621100,1.621000,1.621000,0
20030516 051000,1.621100,1.621100,1.621100,1.621100,0
20030516 051100,1.621200,1.621300,1.621100,1.621100,0
20030516 051200,1.621200,1.621300,1.621100,1.621100,0
20030516 051300,1.621200,1.621400,1.621200,1.621300,0
20030516 051400,1.621400,1.621500,1.621300,1.621500,0
20030516 051500,1.621400,1.621400,1.621300,1.621400,0
20030516 051600,1.621500,1.621500,1.621300,1.621400,0
20030516 051700,1.621300,1.621300,1.621300,1.621300,0
20030516 051800,1.621400,1.621500,1.621400,1.621500,0
20030516 052000,1.621600,1.621800,1.621500,1.621700,0
20030516 052100,1.621600,1.621700,1.621500,1.621700,0
20030516 052200,1.621800,1.621800,1.621700,1.621800,0
20030516 052300,1.621900,1.622000,1.621800,1.621800,0
20030516 052400,1.621900,1.621900,1.621600,1.621700,0
20030516 052500,1.621800,1.621800,1.621800,1.621800,0
20030516 052600,1.621700,1.621700,1.621400,1.621500,0
20030516 052700,1.621700,1.621700,1.621500,1.621500,0
20030516 052800,1.621700,1.621700,1.621600,1.621600,0
20030516 052900,1.621700,1.621700,1.621700,1.621700,0
20030516 053000,1.621800,1.621800,1.621200,1.621300,0
20030516 053100,1.621100,1.621300,1.621100,1.621300,0
20030516 053200,1.621400,1.621500,1.621100,1.621200,0
20030516 053300,1.621100,1.621300,1.621100,1.621300,0
20030516 053400,1.621400,1.621400,1.621400,1.621400,0
20030516 053500,1.621300,1.621300,1.621200,1.621200,0
20030516 053600,1.621300,1.621300,1.621100,1.621100,0
20030516 053700,1.621000,1.621100,1.621000,1.621000,0
20030516 053800,1.621100,1.621100,1.621000,1.621100,0
20030516 053900,1.621200,1.621400,1.621200,1.621200,0
20030516 054000,1.621300,1.621400,1.621300,1.621400,0
20030516 054100,1.621300,1.621400,1.621200,1.621300,0
20030516 054200,1.621400,1.621400,1.621300,1.621400,0
20030516 054300,1.621300,1.621400,1.621100,1.621100,0
20030516 054400,1.621000,1.621100,1.621000,1.621000,0
20030516 054500,1.620900,1.621100,1.620900,1.621100,0
20030516 054600,1.621000,1.621100,1.621000,1.621100,0
20030516 054800,1.621000,1.621000,1.620900,1.620900,0
20030516 054900,1.620800,1.621100,1.620800,1.620900,0
20030516 055000,1.620800,1.620900,1.620700,1.620800,0
20030516 055100,1.620700,1.620800,1.620700,1.620800,0
20030516 055200,1.620900,1.621000,1.620900,1.620900,0
20030516 055300,1.620800,1.620800,1.620800,1.620800,0
20030516 055400,1.620700,1.620900,1.620700,1.620800,0
20030516 055500,1.620900,1.621400,1.620900,1.621100,0
20030516 055600,1.621300,1.621500,1.621300,1.621400,0
20030516 055700,1.621300,1.621400,1.621200,1.621200,0
20030516 060000,1.621100,1.621100,1.621100,1.621100,0
20030516 060200,1.621000,1.621000,1.620900,1.620900,0
20030516 060300,1.620800,1.620900,1.620800,1.620900,0
20030516 060400,1.621000,1.621100,1.620800,1.621100,0
20030516 060500,1.621200,1.621700,1.621200,1.621500,0
20030516 060600,1.621600,1.621700,1.621500,1.621500,0
20030516 060700,1.621600,1.621600,1.621200,1.621500,0
20030516 060800,1.621400,1.621500,1.621400,1.621500,0
20030516 060900,1.621400,1.621500,1.621300,1.621400,0
20030516 061000,1.621500,1.621500,1.621500,1.621500,0
20030516 061100,1.621400,1.621500,1.621400,1.621500,0
20030516 061200,1.621600,1.621700,1.621600,1.621700,0
20030516 061300,1.621800,1.621800,1.621700,1.621700,0
20030516 061500,1.621600,1.621600,1.621500,1.621500,0
20030516 061800,1.621600,1.621700,1.621600,1.621700,0
20030516 061900,1.621800,1.622000,1.621800,1.622000,0
20030516 062000,1.622100,1.622200,1.622000,1.622000,0
20030516 062100,1.622100,1.622200,1.622000,1.622000,0
20030516 062200,1.622100,1.622300,1.622000,1.622300,0
20030516 062300,1.622200,1.622200,1.622000,1.622000,0
20030516 062400,1.621900,1.622100,1.621800,1.622000,0
20030516 062500,1.621900,1.622000,1.621800,1.621800,0
20030516 062600,1.621900,1.621900,1.621800,1.621800,0
20030516 062700,1.621700,1.621800,1.621700,1.621800,0
20030516 062800,1.621700,1.621800,1.621600,1.621700,0
20030516 062900,1.621600,1.621700,1.621500,1.621500,0
20030516 063000,1.621600,1.621900,1.621600,1.621800,0
20030516 063100,1.621900,1.621900,1.621900,1.621900,0
20030516 063200,1.621800,1.621800,1.621500,1.621700,0
20030516 063300,1.621800,1.621800,1.621500,1.621500,0
20030516 063400,1.621600,1.621600,1.621500,1.621500,0
20030516 063500,1.621700,1.621700,1.621700,1.621700,0
20030516 063700,1.621800,1.621800,1.621700,1.621700,0
20030516 063800,1.621800,1.621800,1.621500,1.621700,0
20030516 063900,1.621500,1.621700,1.621500,1.621700,0
20030516 064000,1.621500,1.621500,1.621500,1.621500,0
20030516 064200,1.621600,1.621700,1.621600,1.621700,0
20030516 064400,1.621800,1.621800,1.621800,1.621800,0
20030516 064500,1.621700,1.622000,1.621700,1.621800,0
20030516 064600,1.621700,1.621800,1.621700,1.621800,0
20030516 064700,1.621700,1.621700,1.621600,1.621600,0
20030516 064800,1.621700,1.621700,1.621600,1.621700,0
20030516 065100,1.621800,1.622000,1.621800,1.621800,0
20030516 065200,1.621900,1.621900,1.621800,1.621800,0
20030516 065300,1.621900,1.622000,1.621800,1.621900,0
20030516 065400,1.621800,1.622000,1.621800,1.621800,0
20030516 065500,1.622000,1.622000,1.621500,1.621700,0
20030516 065600,1.621600,1.621600,1.621400,1.621400,0
20030516 065700,1.621500,1.621500,1.621500,1.621500,0
20030516 065900,1.621500,1.622000,1.621500,1.622000,0
20030516 070000,1.621900,1.621900,1.621700,1.621800,0
20030516 070100,1.621900,1.621900,1.621900,1.621900,0
20030516 070200,1.622000,1.622000,1.621700,1.621800,0
20030516 070300,1.621900,1.622100,1.621900,1.622100,0
20030516 070400,1.622200,1.622200,1.622100,1.622100,0
20030516 070500,1.622000,1.622100,1.622000,1.622100,0
20030516 070600,1.622000,1.622100,1.622000,1.622100,0
20030516 070700,1.622000,1.622100,1.622000,1.622100,0
20030516 070800,1.621900,1.622100,1.621900,1.622100,0
20030516 070900,1.622000,1.622000,1.622000,1.622000,0
20030516 071000,1.622100,1.622100,1.622100,1.622100,0
20030516 071100,1.622000,1.622100,1.622000,1.622100,0
20030516 071200,1.622200,1.622200,1.622100,1.622100,0
20030516 071300,1.622200,1.622200,1.622100,1.622200,0
20030516 071400,1.622100,1.622100,1.622000,1.622000,0
20030516 071500,1.622100,1.622200,1.622100,1.622200,0
20030516 071600,1.622100,1.622200,1.622100,1.622200,0
20030516 071800,1.622300,1.622300,1.622100,1.622100,0
20030516 071900,1.622000,1.622200,1.622000,1.622200,0
20030516 072000,1.622100,1.622700,1.622000,1.622700,0
20030516 072100,1.622500,1.622900,1.622500,1.622500,0
20030516 072200,1.622600,1.622800,1.622500,1.622500,0
20030516 072300,1.622600,1.622700,1.622500,1.622700,0
20030516 072400,1.622500,1.622700,1.622500,1.622500,0
20030516 072500,1.622600,1.622600,1.622500,1.622500,0
20030516 072600,1.622400,1.622400,1.622400,1.622400,0
20030516 072700,1.622500,1.622500,1.622400,1.622500,0
20030516 072800,1.622400,1.622500,1.622300,1.622500,0
20030516 073100,1.622600,1.622900,1.622600,1.622800,0
20030516 073200,1.622900,1.623300,1.622900,1.623200,0
20030516 073300,1.623100,1.623900,1.623100,1.623800,0
20030516 073400,1.623900,1.624200,1.623600,1.624100,0
20030516 073500,1.624000,1.625000,1.623900,1.625000,0
20030516 073600,1.624900,1.625900,1.624800,1.625800,0
20030516 073700,1.625900,1.625900,1.625000,1.625200,0
20030516 073800,1.625100,1.625500,1.625000,1.625100,0
20030516 073900,1.625000,1.625100,1.624600,1.624900,0
20030516 074000,1.625000,1.625100,1.624600,1.624600,0
20030516 074100,1.624500,1.624700,1.624500,1.624700,0
20030516 074200,1.624600,1.624700,1.624500,1.624600,0
20030516 074300,1.624500,1.625000,1.624400,1.625000,0
20030516 074400,1.625100,1.625700,1.625100,1.625400,0
20030516 074500,1.625300,1.625900,1.625100,1.625900,0
20030516 074600,1.625800,1.626500,1.625600,1.625800,0
20030516 074700,1.626000,1.626100,1.625800,1.626100,0
20030516 074800,1.626300,1.626300,1.626000,1.626100,0
20030516 074900,1.626200,1.626500,1.626100,1.626100,0
20030516 075000,1.626200,1.626200,1.626000,1.626100,0
20030516 075100,1.626000,1.626100,1.625800,1.625800,0
20030516 075200,1.625900,1.626100,1.625800,1.625800,0
20030516 075300,1.625900,1.626100,1.625900,1.626000,0
20030516 075400,1.625900,1.626000,1.625700,1.625800,0
20030516 075500,1.625900,1.626000,1.625800,1.625800,0
20030516 075700,1.625900,1.626100,1.625800,1.626100,0
20030516 075800,1.626000,1.626800,1.626000,1.626800,0
20030516 075900,1.626900,1.627100,1.626600,1.626800,0
20030516 080000,1.627000,1.627100,1.626800,1.627000,0
20030516 080100,1.626900,1.627000,1.626800,1.627000,0
20030516 080200,1.627100,1.627200,1.626800,1.626800,0
20030516 080300,1.626900,1.627100,1.626800,1.627100,0
20030516 080400,1.627000,1.627100,1.626800,1.627000,0
20030516 080500,1.627100,1.627700,1.627000,1.627500,0
20030516 080600,1.627400,1.627600,1.627000,1.627400,0
20030516 080700,1.627500,1.627900,1.627300,1.627300,0
20030516 080800,1.627200,1.627400,1.627200,1.627200,0
20030516 080900,1.627100,1.627500,1.627000,1.627000,0
20030516 081000,1.627100,1.627100,1.626400,1.626500,0
20030516 081100,1.626400,1.626400,1.625800,1.626400,0
20030516 081200,1.626300,1.626400,1.626000,1.626100,0
20030516 081300,1.626200,1.627100,1.626100,1.626500,0
20030516 081400,1.626400,1.626600,1.626200,1.626500,0
20030516 081500,1.626400,1.626500,1.626100,1.626400,0
20030516 081600,1.626500,1.626500,1.626000,1.626000,0
20030516 081700,1.626100,1.626400,1.626000,1.626100,0
20030516 081800,1.626200,1.626400,1.626200,1.626300,0
20030516 081900,1.626400,1.626500,1.626100,1.626300,0
20030516 082000,1.626400,1.626700,1.626400,1.626500,0
20030516 082100,1.626600,1.626700,1.626300,1.626300,0
20030516 082200,1.626400,1.626400,1.626300,1.626300,0
20030516 082300,1.626400,1.626700,1.626300,1.626400,0
20030516 082400,1.626500,1.626500,1.626400,1.626500,0
20030516 082500,1.626400,1.626600,1.626400,1.626500,0
20030516 082600,1.626400,1.626400,1.626300,1.626300,0
20030516 082700,1.626200,1.626400,1.626200,1.626300,0
20030516 082800,1.626400,1.626400,1.626200,1.626300,0
20030516 082900,1.626200,1.626700,1.626100,1.626700,0
20030516 083000,1.626600,1.627300,1.626600,1.627000,0
20030516 083100,1.626900,1.627100,1.626500,1.626700,0
20030516 083200,1.626800,1.627200,1.626800,1.626800,0
20030516 083300,1.626700,1.626800,1.626600,1.626800,0
20030516 083400,1.626700,1.626800,1.626700,1.626800,0
20030516 083600,1.626900,1.627000,1.626800,1.626800,0
20030516 083700,1.626600,1.627500,1.626500,1.627500,0
20030516 083800,1.627400,1.627500,1.627000,1.627100,0
20030516 083900,1.626900,1.627000,1.626800,1.626900,0
20030516 084000,1.626800,1.627100,1.626800,1.626800,0
20030516 084100,1.626700,1.627200,1.626700,1.627000,0
20030516 084200,1.626800,1.627200,1.626800,1.627200,0
20030516 084300,1.627300,1.627700,1.627300,1.627600,0
20030516 084400,1.627500,1.627700,1.627400,1.627600,0
20030516 084500,1.627500,1.627900,1.627300,1.627600,0
20030516 084600,1.627500,1.627700,1.627400,1.627600,0
20030516 084700,1.627700,1.627700,1.627400,1.627600,0
20030516 084800,1.627500,1.627500,1.627200,1.627200,0
20030516 084900,1.627100,1.627300,1.627000,1.627200,0
20030516 085000,1.627100,1.627100,1.626600,1.626800,0
20030516 085100,1.626700,1.626800,1.626600,1.626700,0
20030516 085200,1.626800,1.626800,1.626500,1.626500,0
20030516 085300,1.626600,1.626800,1.626600,1.626700,0
20030516 085400,1.626800,1.626800,1.626500,1.626600,0
20030516 085500,1.626700,1.626700,1.626500,1.626700,0
20030516 085600,1.626500,1.626600,1.626400,1.626500,0
20030516 085700,1.626400,1.626500,1.626300,1.626500,0
20030516 085800,1.626600,1.626600,1.626500,1.626500,0
20030516 090100,1.626400,1.626500,1.626400,1.626400,0
20030516 090200,1.626500,1.626500,1.626500,1.626500,0
20030516 090300,1.626400,1.626500,1.626400,1.626400,0
20030516 090400,1.626300,1.626400,1.626200,1.626300,0
20030516 090500,1.626200,1.626400,1.626100,1.626300,0
20030516 090600,1.626400,1.626400,1.626100,1.626300,0
20030516 090700,1.626200,1.626300,1.626200,1.626300,0
20030516 090800,1.626400,1.626500,1.626400,1.626500,0
20030516 091000,1.626400,1.626600,1.626400,1.626500,0
20030516 091300,1.626600,1.626600,1.626600,1.626600,0
20030516 091400,1.626500,1.626600,1.626400,1.626600,0
20030516 091500,1.626500,1.626800,1.626500,1.626700,0
20030516 091600,1.626800,1.626800,1.626700,1.626700,0
20030516 091700,1.626600,1.627100,1.626200,1.626600,0
20030516 091800,1.626700,1.627200,1.626600,1.626600,0
20030516 091900,1.626700,1.627200,1.626600,1.627200,0
20030516 092000,1.627100,1.628300,1.627100,1.628200,0
20030516 092100,1.628300,1.628500,1.627900,1.628000,0
20030516 092200,1.627900,1.627900,1.627500,1.627600,0
20030516 092300,1.627500,1.627700,1.627500,1.627600,0
20030516 092400,1.627500,1.627600,1.627100,1.627200,0
20030516 092500,1.627400,1.627400,1.626900,1.627000,0
20030516 092600,1.626900,1.626900,1.626200,1.626400,0
20030516 092700,1.626300,1.626500,1.626200,1.626500,0
20030516 092800,1.626600,1.626600,1.626100,1.626300,0
20030516 092900,1.626400,1.626500,1.626200,1.626400,0
20030516 093000,1.626200,1.626600,1.626200,1.626400,0
20030516 093100,1.626300,1.626300,1.626000,1.626000,0
20030516 093200,1.626100,1.626200,1.625900,1.626000,0
20030516 093300,1.625900,1.626000,1.625800,1.626000,0
20030516 093400,1.626100,1.627100,1.626000,1.626700,0
20030516 093500,1.626600,1.627000,1.626600,1.627000,0
20030516 093600,1.626900,1.627300,1.626900,1.627100,0
20030516 093700,1.627000,1.627000,1.626600,1.626600,0
20030516 093800,1.626700,1.627000,1.626600,1.626600,0
20030516 093900,1.626500,1.626500,1.626000,1.626000,0
20030516 094000,1.625900,1.626000,1.625500,1.626000,0
20030516 094100,1.626200,1.626300,1.625900,1.626000,0
20030516 094200,1.626100,1.626300,1.626000,1.626000,0
20030516 094300,1.626100,1.626200,1.625900,1.625900,0
20030516 094400,1.626000,1.626700,1.625900,1.626700,0
20030516 094500,1.626800,1.627400,1.626600,1.627400,0
20030516 094600,1.627200,1.627300,1.625400,1.625400,0
20030516 094700,1.625500,1.625500,1.624600,1.624800,0
20030516 094800,1.624600,1.625100,1.624500,1.625000,0
20030516 094900,1.624900,1.625400,1.624900,1.625300,0
20030516 095000,1.625500,1.626100,1.625500,1.625700,0
20030516 095100,1.625900,1.627300,1.625900,1.627000,0
20030516 095200,1.627100,1.627300,1.626800,1.627000,0
20030516 095300,1.627100,1.627400,1.627000,1.627200,0
20030516 095400,1.627300,1.627800,1.627300,1.627500,0
20030516 095500,1.627600,1.628800,1.627500,1.628300,0
20030516 095600,1.628100,1.628200,1.626900,1.627100,0
20030516 095700,1.627000,1.627500,1.627000,1.627400,0
20030516 095800,1.627300,1.627800,1.627300,1.627800,0
20030516 095900,1.627700,1.628300,1.627500,1.628300,0
20030516 100000,1.628400,1.629800,1.628400,1.629100,0
20030516 100100,1.629000,1.629000,1.628300,1.629000,0
20030516 100200,1.629100,1.629300,1.628400,1.628500,0
20030516 100300,1.628600,1.628600,1.627900,1.627900,0
20030516 100400,1.627800,1.627800,1.627200,1.627300,0
20030516 100500,1.627400,1.627500,1.627100,1.627400,0
20030516 100600,1.627500,1.627800,1.627500,1.627700,0
20030516 100700,1.627800,1.627800,1.627400,1.627500,0
20030516 100800,1.627400,1.627800,1.627200,1.627700,0
20030516 100900,1.627600,1.628000,1.627600,1.627800,0
20030516 101000,1.627900,1.628100,1.627500,1.627600,0
20030516 101100,1.627500,1.627700,1.627100,1.627600,0
20030516 101200,1.627700,1.628000,1.627600,1.627800,0
20030516 101300,1.628000,1.628000,1.627700,1.627700,0
20030516 101400,1.627600,1.627600,1.627300,1.627400,0
20030516 101500,1.627500,1.627500,1.627300,1.627300,0
20030516 101600,1.627400,1.627900,1.627400,1.627900,0
20030516 101700,1.627800,1.628000,1.627600,1.627800,0
20030516 101800,1.627900,1.628300,1.627700,1.627900,0
20030516 101900,1.628100,1.628200,1.627800,1.627900,0
20030516 102000,1.628000,1.628100,1.627800,1.627800,0
20030516 102100,1.627700,1.628000,1.627400,1.627400,0
20030516 102200,1.627300,1.627700,1.627300,1.627500,0
20030516 102300,1.627600,1.627600,1.627400,1.627600,0
20030516 102400,1.627500,1.628000,1.627500,1.628000,0
20030516 102500,1.627900,1.628200,1.627700,1.627800,0
20030516 102600,1.627700,1.627900,1.627400,1.627400,0
20030516 102700,1.627300,1.627300,1.626400,1.626700,0
20030516 102800,1.626600,1.626700,1.626500,1.626700,0
20030516 102900,1.626600,1.626600,1.626300,1.626300,0
20030516 103000,1.626400,1.626400,1.626000,1.626300,0
20030516 103100,1.626200,1.626300,1.625500,1.625700,0
20030516 103200,1.625800,1.626200,1.625700,1.625700,0
20030516 103300,1.625800,1.625900,1.625700,1.625900,0
20030516 103400,1.626000,1.626200,1.625700,1.626000,0
20030516 103500,1.626200,1.626300,1.625700,1.625800,0
20030516 103600,1.626000,1.626200,1.626000,1.626000,0
20030516 103700,1.625900,1.625900,1.625600,1.625600,0
20030516 103800,1.625700,1.625700,1.625400,1.625400,0
20030516 103900,1.625500,1.625600,1.625300,1.625300,0
20030516 104000,1.625400,1.625500,1.625300,1.625500,0
20030516 104100,1.625300,1.625500,1.625300,1.625300,0
20030516 104200,1.625500,1.625700,1.625400,1.625700,0
20030516 104300,1.625800,1.626000,1.625700,1.625900,0
20030516 104400,1.625700,1.625900,1.625600,1.625700,0
20030516 104500,1.625500,1.625900,1.625400,1.625900,0
20030516 104600,1.626000,1.626000,1.625600,1.625900,0
20030516 104700,1.625700,1.625700,1.625500,1.625600,0
20030516 104800,1.625500,1.625600,1.625500,1.625600,0
20030516 104900,1.625500,1.625600,1.625500,1.625500,0
20030516 105000,1.625400,1.625400,1.625300,1.625400,0
20030516 105100,1.625300,1.625300,1.625300,1.625300,0
20030516 105200,1.625500,1.625500,1.625400,1.625400,0
20030516 105300,1.625300,1.625400,1.625000,1.625000,0
20030516 105400,1.624900,1.624900,1.623500,1.624100,0
20030516 105500,1.624000,1.624000,1.623200,1.623700,0
20030516 105600,1.623800,1.624400,1.623800,1.624400,0
20030516 105700,1.624500,1.624500,1.624100,1.624200,0
20030516 105800,1.624100,1.624600,1.624100,1.624400,0
20030516 105900,1.624300,1.624800,1.624300,1.624800,0
20030516 110000,1.624900,1.625000,1.624800,1.625000,0
20030516 110100,1.625100,1.625600,1.625100,1.625300,0
20030516 110200,1.625400,1.625600,1.625200,1.625200,0
20030516 110300,1.625300,1.625700,1.625300,1.625600,0
20030516 110400,1.625700,1.625900,1.625700,1.625900,0
20030516 110500,1.626000,1.626000,1.625800,1.625900,0
20030516 110600,1.625800,1.625900,1.625700,1.625700,0
20030516 110700,1.625900,1.626400,1.625700,1.626000,0
20030516 110800,1.626100,1.626100,1.625800,1.625900,0
20030516 110900,1.625700,1.625700,1.625600,1.625600,0
20030516 111000,1.625700,1.625700,1.625500,1.625500,0
20030516 111100,1.625400,1.625400,1.625300,1.625300,0
20030516 111200,1.625200,1.625300,1.625200,1.625300,0
20030516 111300,1.625400,1.625500,1.625400,1.625500,0
20030516 111400,1.625600,1.625700,1.625600,1.625700,0
20030516 111500,1.625600,1.626000,1.625600,1.625900,0
20030516 111600,1.625700,1.626500,1.625700,1.626100,0
20030516 111700,1.626000,1.626200,1.626000,1.626000,0
20030516 111800,1.625900,1.626200,1.625700,1.626000,0
20030516 111900,1.625900,1.625900,1.625700,1.625700,0
20030516 112000,1.625600,1.626300,1.625600,1.626000,0
20030516 112200,1.625900,1.625900,1.625200,1.625200,0
20030516 112300,1.625000,1.625100,1.624500,1.624600,0
20030516 112400,1.624700,1.625200,1.624700,1.625200,0
20030516 112500,1.625300,1.625300,1.625100,1.625200,0
20030516 112600,1.625300,1.625300,1.625200,1.625300,0
20030516 112700,1.625200,1.625300,1.624900,1.624900,0
20030516 112800,1.625000,1.625000,1.625000,1.625000,0
20030516 112900,1.625200,1.625300,1.624800,1.624800,0
20030516 113000,1.624900,1.624900,1.624800,1.624900,0
20030516 113100,1.624800,1.624800,1.624600,1.624600,0
20030516 113200,1.624800,1.624800,1.624300,1.624500,0
20030516 113400,1.624400,1.624500,1.624300,1.624500,0
20030516 113500,1.624300,1.624400,1.624300,1.624300,0
20030516 113600,1.624200,1.624300,1.624200,1.624200,0
20030516 113700,1.624300,1.624300,1.624300,1.624300,0
20030516 113800,1.624200,1.624300,1.624100,1.624200,0
20030516 113900,1.624100,1.624200,1.624100,1.624200,0
20030516 114100,1.624300,1.624300,1.624200,1.624200,0
20030516 114200,1.624300,1.624600,1.624200,1.624600,0
20030516 114300,1.624500,1.624900,1.624400,1.624900,0
20030516 114400,1.624800,1.625000,1.624800,1.625000,0
20030516 114500,1.624900,1.625000,1.624600,1.624900,0
20030516 114600,1.624800,1.625000,1.624800,1.624900,0
20030516 114700,1.625000,1.625000,1.624900,1.624900,0
20030516 114800,1.624800,1.624900,1.624800,1.624900,0
20030516 115000,1.625000,1.625300,1.625000,1.625300,0
20030516 115100,1.625200,1.625300,1.624900,1.624900,0
20030516 115200,1.625000,1.625000,1.624600,1.624900,0
20030516 115300,1.624800,1.624800,1.624800,1.624800,0
20030516 115400,1.624900,1.624900,1.624800,1.624900,0
20030516 115500,1.624800,1.624800,1.624800,1.624800,0
20030516 115700,1.624900,1.624900,1.624000,1.624100,0
20030516 115800,1.624200,1.624800,1.624200,1.624600,0
20030516 115900,1.624800,1.624800,1.624600,1.624800,0
20030516 120000,1.624600,1.624700,1.624300,1.624300,0
20030516 120100,1.624400,1.624600,1.624400,1.624500,0
20030516 120200,1.624400,1.624700,1.624400,1.624400,0
20030516 120300,1.624500,1.624800,1.624400,1.624700,0
20030516 120400,1.624600,1.624800,1.624100,1.624500,0
20030516 120500,1.624400,1.624800,1.624300,1.624800,0
20030516 120600,1.624700,1.624900,1.624700,1.624900,0
20030516 120700,1.624800,1.624900,1.624700,1.624800,0
20030516 120800,1.624600,1.624900,1.624600,1.624800,0
20030516 120900,1.624600,1.624800,1.624300,1.624400,0
20030516 121000,1.624500,1.624500,1.624400,1.624500,0
20030516 121100,1.624600,1.624600,1.624500,1.624500,0
20030516 121300,1.624600,1.625000,1.624400,1.624900,0
20030516 121400,1.625000,1.625100,1.624900,1.624900,0
20030516 121500,1.625000,1.625500,1.625000,1.625300,0
20030516 121600,1.625200,1.625300,1.625200,1.625200,0
20030516 121700,1.625300,1.625300,1.624500,1.624500,0
20030516 121800,1.624400,1.624500,1.624400,1.624500,0
20030516 121900,1.624400,1.624500,1.624300,1.624500,0
20030516 122000,1.624400,1.624400,1.624300,1.624300,0
20030516 122100,1.624400,1.624500,1.624200,1.624300,0
20030516 122200,1.624200,1.624300,1.624200,1.624300,0
20030516 122300,1.624200,1.624200,1.624000,1.624000,0
20030516 122400,1.624100,1.624100,1.623900,1.623900,0
20030516 122500,1.624000,1.624100,1.623900,1.624100,0
20030516 122600,1.624000,1.624200,1.624000,1.624000,0
20030516 122700,1.624100,1.624300,1.624000,1.624200,0
20030516 122800,1.624100,1.624200,1.624000,1.624000,0
20030516 122900,1.623900,1.624000,1.623900,1.624000,0
20030516 123000,1.624100,1.624200,1.624000,1.624000,0
20030516 123200,1.624100,1.624200,1.624100,1.624100,0
20030516 123400,1.624200,1.624200,1.624100,1.624200,0
20030516 123500,1.624100,1.624100,1.624100,1.624100,0
20030516 123800,1.624000,1.624000,1.624000,1.624000,0
20030516 124000,1.623900,1.623900,1.623800,1.623800,0
20030516 124100,1.623700,1.623800,1.623700,1.623800,0
20030516 124200,1.623900,1.623900,1.623700,1.623700,0
20030516 124300,1.623600,1.623700,1.623600,1.623700,0
20030516 124400,1.623600,1.623600,1.623500,1.623600,0
20030516 124500,1.623700,1.623700,1.623300,1.623400,0
20030516 124700,1.623500,1.623500,1.623500,1.623500,0
20030516 124800,1.623300,1.623400,1.623200,1.623300,0
20030516 124900,1.623300,1.623300,1.623300,1.623300,0
20030516 125000,1.623400,1.623400,1.623300,1.623300,0
20030516 125200,1.623400,1.623500,1.623300,1.623300,0
20030516 125500,1.623200,1.623300,1.623100,1.623100,0
20030516 125600,1.623200,1.623300,1.623200,1.623300,0
20030516 125700,1.623200,1.624000,1.623200,1.623800,0
20030516 125800,1.623900,1.623900,1.623600,1.623600,0
20030516 125900,1.623700,1.623800,1.623600,1.623600,0
20030516 130000,1.623700,1.623700,1.623600,1.623600,0
20030516 130100,1.623700,1.623700,1.623500,1.623600,0
20030516 130400,1.623700,1.623700,1.623600,1.623600,0
20030516 130500,1.623700,1.623700,1.623700,1.623700,0
20030516 130600,1.623800,1.623900,1.623800,1.623900,0
20030516 130800,1.623800,1.623800,1.623800,1.623800,0
20030516 131000,1.623900,1.623900,1.623900,1.623900,0
20030516 131600,1.624000,1.624000,1.624000,1.624000,0
20030516 131700,1.624100,1.624300,1.624000,1.624100,0
20030516 131800,1.624200,1.624500,1.624200,1.624200,0
20030516 132500,1.624100,1.624100,1.624000,1.624000,0
20030516 132600,1.624100,1.624100,1.623900,1.623900,0
20030516 132700,1.624000,1.624100,1.623900,1.623900,0
20030516 132800,1.623800,1.623800,1.623700,1.623800,0
20030516 132900,1.623900,1.623900,1.623900,1.623900,0
20030516 133000,1.623800,1.623800,1.623800,1.623800,0
20030516 133100,1.623900,1.623900,1.623900,1.623900,0
20030516 133400,1.624000,1.624000,1.624000,1.624000,0
20030516 133500,1.624100,1.624300,1.624100,1.624300,0
20030516 133600,1.624400,1.624500,1.624400,1.624500,0
20030516 133700,1.624600,1.624800,1.624500,1.624800,0
20030516 133800,1.624900,1.625300,1.624900,1.625200,0
20030516 133900,1.625300,1.625500,1.625300,1.625300,0
20030516 134000,1.625400,1.625600,1.625400,1.625500,0
20030516 134100,1.625400,1.625400,1.625400,1.625400,0
20030516 134200,1.625300,1.625300,1.625300,1.625300,0
20030516 134600,1.625200,1.625200,1.625200,1.625200,0
20030516 134700,1.625300,1.625300,1.625300,1.625300,0
20030516 134800,1.625200,1.625300,1.625200,1.625300,0
20030516 134900,1.625200,1.625300,1.625100,1.625200,0
20030516 135000,1.625100,1.625600,1.625100,1.625600,0
20030516 135100,1.625500,1.625500,1.625400,1.625500,0
20030516 135200,1.625400,1.625400,1.625300,1.625300,0
20030516 135300,1.625400,1.625400,1.625200,1.625300,0
20030516 135400,1.625200,1.625300,1.625200,1.625300,0
20030516 135500,1.625200,1.625300,1.625200,1.625300,0
20030516 135600,1.625500,1.625500,1.625500,1.625500,0
20030516 135700,1.625400,1.625400,1.625200,1.625200,0
20030516 135900,1.625100,1.625300,1.624900,1.625300,0
20030516 140000,1.625200,1.625200,1.625200,1.625200,0
20030516 140100,1.625100,1.625300,1.624700,1.625300,0
20030516 140800,1.625200,1.625200,1.625200,1.625200,0
20030516 141100,1.625300,1.625400,1.625200,1.625200,0
20030516 141300,1.625100,1.625100,1.625100,1.625100,0
20030516 141600,1.625000,1.625000,1.625000,1.625000,0
20030516 141700,1.625100,1.625100,1.625100,1.625100,0
20030516 141800,1.625000,1.625100,1.624900,1.625100,0
20030516 141900,1.625000,1.625000,1.624500,1.624500,0
20030516 142000,1.624600,1.625000,1.624500,1.624700,0
20030516 142100,1.624800,1.624900,1.624600,1.624900,0
20030516 142200,1.624800,1.624800,1.624800,1.624800,0
20030516 142300,1.624600,1.624600,1.624600,1.624600,0
20030516 142500,1.624700,1.624700,1.624600,1.624600,0
20030516 142600,1.624700,1.624700,1.624600,1.624600,0
20030516 142800,1.624700,1.624700,1.624700,1.624700,0
20030516 142900,1.624800,1.624900,1.624800,1.624900,0
20030516 143200,1.624800,1.624800,1.624800,1.624800,0
20030516 143300,1.624900,1.625300,1.624900,1.625300,0
20030516 143400,1.625200,1.625200,1.625200,1.625200,0
20030516 143500,1.625300,1.625300,1.625300,1.625300,0
20030516 143700,1.625200,1.625200,1.625000,1.625000,0
20030516 143800,1.625100,1.625200,1.625100,1.625200,0
20030516 143900,1.625000,1.625000,1.625000,1.625000,0
20030516 144000,1.625100,1.625200,1.625100,1.625200,0
20030516 144200,1.625000,1.625000,1.625000,1.625000,0
20030516 144300,1.624900,1.624900,1.624900,1.624900,0
20030516 144500,1.624800,1.624800,1.624500,1.624600,0
20030516 144600,1.624800,1.624900,1.624600,1.624900,0
20030516 144700,1.624800,1.624800,1.624800,1.624800,0
20030516 144800,1.624900,1.625000,1.624800,1.624900,0
20030516 144900,1.624800,1.625300,1.624800,1.625000,0
20030516 145000,1.624900,1.625300,1.624900,1.625100,0
20030516 145100,1.625000,1.625200,1.624900,1.625000,0
20030516 145200,1.624900,1.624900,1.624900,1.624900,0
20030516 145300,1.624800,1.624900,1.624800,1.624800,0
20030516 145400,1.624900,1.624900,1.624700,1.624700,0
20030516 145500,1.624600,1.624600,1.624400,1.624400,0
20030516 145600,1.624300,1.624600,1.624300,1.624600,0
20030516 145800,1.624400,1.624400,1.624400,1.624400,0
20030516 145900,1.624600,1.624600,1.624300,1.624300,0
20030516 150000,1.624400,1.624600,1.624400,1.624500,0
20030516 150100,1.624600,1.624600,1.624600,1.624600,0
20030516 150200,1.624500,1.624500,1.624500,1.624500,0
20030516 150500,1.624400,1.624500,1.624400,1.624500,0
20030516 150700,1.624400,1.624400,1.624400,1.624400,0
20030516 150800,1.624500,1.624500,1.624400,1.624400,0
20030516 151100,1.624300,1.624300,1.624200,1.624200,0
20030516 151300,1.624100,1.624200,1.624000,1.624200,0
20030516 151400,1.624100,1.624300,1.624100,1.624200,0
20030516 151500,1.624100,1.624200,1.624100,1.624200,0
20030516 151600,1.624100,1.624100,1.624000,1.624000,0
20030516 151700,1.623900,1.624100,1.623900,1.624100,0
20030516 151800,1.624000,1.624000,1.623800,1.623800,0
20030516 152000,1.623900,1.623900,1.623700,1.623800,0
20030516 152100,1.623900,1.624000,1.623700,1.623800,0
20030516 152300,1.623700,1.623800,1.623700,1.623800,0
20030516 152400,1.623900,1.623900,1.623700,1.623700,0
20030516 152800,1.623800,1.623800,1.623800,1.623800,0
20030516 153100,1.623900,1.623900,1.623800,1.623800,0
20030516 153200,1.623900,1.623900,1.623800,1.623800,0
20030516 153400,1.623900,1.623900,1.623700,1.623700,0
20030516 153500,1.623600,1.623700,1.623500,1.623500,0
20030516 153600,1.623400,1.623400,1.622900,1.622900,0
20030516 153700,1.622700,1.622800,1.622400,1.622600,0
20030516 153800,1.622700,1.622900,1.622500,1.622700,0
20030516 153900,1.622800,1.622900,1.622800,1.622900,0
20030516 154100,1.623000,1.623100,1.623000,1.623100,0
20030516 154200,1.623200,1.623300,1.623200,1.623300,0
20030516 154300,1.623200,1.623300,1.623100,1.623300,0
20030516 154400,1.623200,1.623200,1.623200,1.623200,0
20030516 154500,1.623100,1.623200,1.623100,1.623100,0
20030516 154600,1.623200,1.623200,1.623200,1.623200,0
20030516 154700,1.623100,1.623100,1.622900,1.622900,0
20030516 154800,1.623000,1.623000,1.622800,1.622900,0
20030516 154900,1.622800,1.622900,1.622800,1.622800,0
20030516 155000,1.622900,1.623100,1.622300,1.623000,0
20030516 155200,1.623100,1.623100,1.622800,1.622800,0
20030516 155300,1.623000,1.623000,1.622800,1.622900,0
20030516 155400,1.622800,1.622800,1.622800,1.622800,0
20030516 155600,1.622900,1.623000,1.622800,1.622800,0
20030516 155800,1.622900,1.623000,1.622900,1.622900,0
20030516 155900,1.623000,1.623100,1.623000,1.623100,0
20030516 160000,1.623000,1.623000,1.623000,1.623000,0
20030516 160100,1.623100,1.623100,1.623100,1.623100,0
20030516 160200,1.623000,1.623100,1.623000,1.623000,0
20030516 160300,1.622900,1.623100,1.622900,1.623100,0
20030516 160400,1.623000,1.623100,1.622900,1.623000,0
20030516 160500,1.622900,1.623000,1.622700,1.622800,0
20030516 160600,1.622900,1.622900,1.622800,1.622800,0
20030516 160700,1.622900,1.622900,1.622800,1.622900,0
20030516 160800,1.622800,1.622800,1.622800,1.622800,0
20030516 160900,1.622900,1.622900,1.622900,1.622900,0
20030516 161000,1.622800,1.623000,1.622800,1.623000,0
20030516 161300,1.623200,1.623200,1.623200,1.623200,0
20030516 161600,1.623100,1.623200,1.623000,1.623100,0
20030516 161700,1.623000,1.623200,1.622900,1.623100,0
20030516 161800,1.623000,1.623100,1.623000,1.623100,0
20030516 161900,1.622900,1.623100,1.622600,1.622600,0
20030516 162000,1.622500,1.622600,1.622300,1.622400,0
20030516 162100,1.622300,1.622400,1.622200,1.622200,0
20030516 162200,1.622300,1.622500,1.622200,1.622300,0
20030516 162300,1.622200,1.622300,1.622100,1.622200,0
20030516 162400,1.622100,1.622100,1.621100,1.621600,0
20030516 162500,1.621500,1.621500,1.620900,1.620900,0
20030516 162600,1.620800,1.620800,1.620600,1.620700,0
20030516 162700,1.620800,1.621000,1.620700,1.620900,0
20030516 162800,1.621000,1.621300,1.620900,1.621200,0
20030516 162900,1.621300,1.621300,1.621200,1.621200,0
20030516 163000,1.621300,1.621500,1.621300,1.621500,0
