20091125 000000,1.794800,1.795000,1.794600,1.795000,0
20091125 000100,1.794900,1.794900,1.794700,1.794800,0
20091125 000200,1.794900,1.795000,1.794700,1.794700,0
20091125 000400,1.794600,1.794600,1.794500,1.794500,0
20091125 000500,1.794400,1.795000,1.794400,1.794900,0
20091125 000600,1.794800,1.795100,1.794700,1.795000,0
20091125 000700,1.795000,1.795000,1.794800,1.795000,0
20091125 000800,1.795000,1.795000,1.794600,1.795000,0
20091125 000900,1.794900,1.795100,1.794800,1.795000,0
20091125 001000,1.794900,1.794900,1.794700,1.794800,0
20091125 001100,1.794900,1.795200,1.794800,1.794800,0
20091125 001200,1.795200,1.795200,1.794600,1.794600,0
20091125 001300,1.794800,1.795100,1.794500,1.794600,0
20091125 001400,1.794700,1.794900,1.794400,1.794400,0
20091125 001500,1.794200,1.794600,1.794200,1.794600,0
20091125 001600,1.794400,1.794700,1.794200,1.794300,0
20091125 001700,1.794300,1.794700,1.794300,1.794600,0
20091125 001800,1.794600,1.794700,1.794500,1.794700,0
20091125 001900,1.794700,1.794700,1.794500,1.794700,0
20091125 002000,1.794600,1.794600,1.794300,1.794400,0
20091125 002100,1.794300,1.794600,1.794100,1.794100,0
20091125 002200,1.794000,1.794200,1.793700,1.793900,0
20091125 002300,1.793800,1.794100,1.793600,1.793800,0
20091125 002400,1.793800,1.793900,1.793800,1.793800,0
20091125 002500,1.793800,1.794100,1.793700,1.793900,0
20091125 002600,1.793900,1.794100,1.793900,1.794000,0
20091125 002700,1.793900,1.794200,1.793800,1.794000,0
20091125 002800,1.794100,1.794300,1.794100,1.794200,0
20091125 002900,1.794100,1.794200,1.793900,1.794000,0
20091125 003000,1.794100,1.794100,1.794000,1.794000,0
20091125 003100,1.794100,1.794100,1.793900,1.794000,0
20091125 003200,1.793900,1.794200,1.793700,1.793800,0
20091125 003300,1.793800,1.793900,1.793700,1.793800,0
20091125 003400,1.793700,1.794000,1.793600,1.793600,0
20091125 003500,1.793600,1.793800,1.793600,1.793700,0
20091125 003600,1.793800,1.794200,1.793800,1.793900,0
20091125 003700,1.794000,1.794800,1.794000,1.794400,0
20091125 003800,1.794500,1.794500,1.794400,1.794400,0
20091125 003900,1.794500,1.794900,1.794500,1.794600,0
20091125 004000,1.794700,1.795000,1.794500,1.794800,0
20091125 004100,1.794900,1.795500,1.794800,1.795500,0
20091125 004200,1.795400,1.795600,1.795200,1.795500,0
20091125 004300,1.795400,1.796100,1.795200,1.795800,0
20091125 004400,1.795900,1.796000,1.795600,1.795600,0
20091125 004500,1.795600,1.795600,1.795400,1.795500,0
20091125 004600,1.795400,1.796100,1.795400,1.796100,0
20091125 004700,1.796000,1.796100,1.796000,1.796100,0
20091125 004800,1.796000,1.796100,1.795900,1.795900,0
20091125 004900,1.795900,1.796500,1.795700,1.795700,0
20091125 005000,1.795900,1.796400,1.795900,1.796200,0
20091125 005100,1.796100,1.796500,1.795900,1.796400,0
20091125 005200,1.796500,1.796600,1.796300,1.796600,0
20091125 005300,1.796800,1.797100,1.796400,1.796500,0
20091125 005400,1.796400,1.796400,1.796000,1.796200,0
20091125 005500,1.796300,1.796300,1.795800,1.796200,0
20091125 005600,1.796300,1.796500,1.796100,1.796500,0
20091125 005700,1.796400,1.796500,1.796200,1.796400,0
20091125 005800,1.796300,1.796400,1.796200,1.796200,0
20091125 005900,1.796300,1.796300,1.795900,1.796000,0
20091125 010000,1.795900,1.797200,1.795900,1.797100,0
20091125 010100,1.796900,1.796900,1.796500,1.796800,0
20091125 010200,1.796700,1.796700,1.796300,1.796600,0
20091125 010300,1.796500,1.796800,1.796500,1.796800,0
20091125 010400,1.796600,1.796900,1.796600,1.796700,0
20091125 010500,1.796600,1.797400,1.796400,1.797000,0
20091125 010600,1.796800,1.797300,1.796800,1.797100,0
20091125 010700,1.797200,1.797600,1.797100,1.797400,0
20091125 010800,1.797300,1.797500,1.797300,1.797300,0
20091125 010900,1.797600,1.797800,1.797000,1.797000,0
20091125 011000,1.797100,1.797400,1.797100,1.797200,0
20091125 011100,1.797100,1.797200,1.797000,1.797100,0
20091125 011200,1.797200,1.797300,1.796900,1.796900,0
20091125 011300,1.796900,1.797200,1.796500,1.797100,0
20091125 011400,1.797000,1.797300,1.797000,1.797300,0
20091125 011500,1.797300,1.797800,1.797300,1.797800,0
20091125 011600,1.797800,1.797800,1.797300,1.797500,0
20091125 011700,1.797400,1.797500,1.797000,1.797100,0
20091125 011800,1.797000,1.797100,1.796500,1.796800,0
20091125 011900,1.796900,1.796900,1.796500,1.796700,0
20091125 012000,1.796700,1.796900,1.796500,1.796700,0
20091125 012100,1.796600,1.796700,1.796000,1.796200,0
20091125 012200,1.796100,1.796300,1.795700,1.795700,0
20091125 012300,1.795800,1.796300,1.795800,1.795800,0
20091125 012400,1.795700,1.796000,1.795700,1.795800,0
20091125 012500,1.795900,1.796400,1.795800,1.796200,0
20091125 012600,1.796100,1.796600,1.796000,1.796600,0
20091125 012700,1.796500,1.797500,1.796400,1.797100,0
20091125 012800,1.797200,1.797500,1.797100,1.797300,0
20091125 012900,1.797200,1.797300,1.797100,1.797200,0
20091125 013000,1.797300,1.797400,1.797100,1.797200,0
20091125 013100,1.797100,1.797500,1.797100,1.797200,0
20091125 013200,1.797100,1.797600,1.796600,1.796700,0
20091125 013300,1.796500,1.796500,1.796000,1.796000,0
20091125 013400,1.796100,1.796400,1.795900,1.796100,0
20091125 013500,1.796400,1.796700,1.795600,1.795900,0
20091125 013600,1.796000,1.796300,1.796000,1.796000,0
20091125 013700,1.796100,1.796100,1.795700,1.796000,0
20091125 013800,1.795900,1.796000,1.795800,1.796000,0
20091125 013900,1.796100,1.796600,1.796100,1.796600,0
20091125 014000,1.796500,1.797000,1.796500,1.796800,0
20091125 014100,1.796700,1.796800,1.796700,1.796800,0
20091125 014200,1.796800,1.796800,1.796200,1.796500,0
20091125 014300,1.796400,1.796500,1.796200,1.796200,0
20091125 014400,1.796200,1.796400,1.795400,1.795700,0
20091125 014500,1.795600,1.796100,1.795300,1.796000,0
20091125 014600,1.796100,1.796100,1.795800,1.796000,0
20091125 014700,1.795900,1.796100,1.795900,1.796100,0
20091125 014800,1.796100,1.796100,1.795700,1.795800,0
20091125 014900,1.795700,1.796000,1.795600,1.795800,0
20091125 015000,1.795900,1.796000,1.795800,1.795900,0
20091125 015100,1.795800,1.796300,1.795800,1.796200,0
20091125 015200,1.796300,1.796300,1.796100,1.796100,0
20091125 015300,1.796200,1.796400,1.796100,1.796100,0
20091125 015400,1.796300,1.796500,1.796100,1.796400,0
20091125 015500,1.796400,1.796700,1.796300,1.796600,0
20091125 015600,1.796500,1.796700,1.796400,1.796600,0
20091125 015700,1.796700,1.796700,1.796000,1.796200,0
20091125 015800,1.796200,1.796600,1.796000,1.796600,0
20091125 015900,1.796600,1.797100,1.796600,1.797000,0
20091125 020000,1.797100,1.797200,1.796200,1.796400,0
20091125 020100,1.796400,1.797200,1.796300,1.797000,0
20091125 020200,1.796900,1.797100,1.796300,1.796300,0
20091125 020300,1.796400,1.796400,1.795900,1.796100,0
20091125 020400,1.795900,1.796300,1.795700,1.796000,0
20091125 020500,1.796100,1.796500,1.796000,1.796100,0
20091125 020600,1.796200,1.796500,1.796000,1.796300,0
20091125 020700,1.796300,1.796600,1.795900,1.795900,0
20091125 020800,1.796000,1.796100,1.795900,1.796000,0
20091125 020900,1.795900,1.796300,1.795600,1.796100,0
20091125 021000,1.796100,1.796600,1.796000,1.796600,0
20091125 021100,1.796500,1.796600,1.796200,1.796300,0
20091125 021200,1.796400,1.796800,1.796300,1.796500,0
20091125 021300,1.796600,1.797000,1.796600,1.796700,0
20091125 021400,1.796600,1.796700,1.796100,1.796200,0
20091125 021500,1.796200,1.797000,1.796000,1.796800,0
20091125 021600,1.796900,1.797400,1.796500,1.796900,0
20091125 021700,1.796800,1.797300,1.796700,1.796900,0
20091125 021800,1.797100,1.797700,1.797000,1.797600,0
20091125 021900,1.797400,1.797600,1.796900,1.797100,0
20091125 022000,1.797000,1.797100,1.796500,1.796800,0
20091125 022100,1.796700,1.797400,1.796700,1.797400,0
20091125 022200,1.797300,1.797700,1.797300,1.797500,0
20091125 022300,1.797600,1.797600,1.797400,1.797400,0
20091125 022400,1.797500,1.797900,1.797100,1.797400,0
20091125 022500,1.797500,1.797500,1.796500,1.796800,0
20091125 022600,1.796700,1.796800,1.796100,1.796200,0
20091125 022700,1.796200,1.796600,1.796100,1.796600,0
20091125 022800,1.796500,1.797900,1.796500,1.797600,0
20091125 022900,1.797600,1.798100,1.797100,1.798100,0
20091125 023000,1.798000,1.798600,1.798000,1.798200,0
20091125 023100,1.798100,1.798200,1.797400,1.797900,0
20091125 023200,1.797900,1.798400,1.797700,1.798200,0
20091125 023300,1.798200,1.799100,1.798200,1.798500,0
20091125 023400,1.798400,1.798400,1.797900,1.798000,0
20091125 023500,1.798100,1.798100,1.797700,1.797700,0
20091125 023600,1.797700,1.797900,1.797500,1.797500,0
20091125 023700,1.797600,1.797800,1.797500,1.797700,0
20091125 023800,1.797800,1.798100,1.797700,1.798100,0
20091125 023900,1.798000,1.798200,1.797800,1.797900,0
20091125 024000,1.797800,1.798800,1.797700,1.798400,0
20091125 024100,1.798500,1.798500,1.798100,1.798200,0
20091125 024200,1.798100,1.798400,1.797800,1.798100,0
20091125 024300,1.798200,1.798200,1.797900,1.798100,0
20091125 024400,1.798000,1.798100,1.797900,1.797900,0
20091125 024500,1.797800,1.798100,1.797800,1.797800,0
20091125 024600,1.797800,1.798000,1.797800,1.797900,0
20091125 024700,1.797900,1.798100,1.797900,1.798000,0
20091125 024800,1.798100,1.798100,1.797700,1.797800,0
20091125 024900,1.797700,1.798000,1.797600,1.797900,0
20091125 025000,1.797900,1.798100,1.797600,1.797800,0
20091125 025100,1.797800,1.798200,1.797600,1.797700,0
20091125 025200,1.797700,1.798500,1.797700,1.798400,0
20091125 025300,1.798400,1.798600,1.798000,1.798000,0
20091125 025400,1.798100,1.798900,1.798100,1.798900,0
20091125 025500,1.799100,1.799100,1.798700,1.798900,0
20091125 025600,1.798900,1.799200,1.798600,1.799000,0
20091125 025700,1.798900,1.799800,1.798900,1.799800,0
20091125 025800,1.799600,1.799700,1.799100,1.799300,0
20091125 025900,1.799200,1.799400,1.798900,1.799300,0
20091125 030000,1.799200,1.799700,1.799200,1.799300,0
20091125 030100,1.799300,1.799400,1.798700,1.799100,0
20091125 030200,1.799000,1.799900,1.798700,1.799800,0
20091125 030300,1.799800,1.800800,1.799800,1.800200,0
20091125 030400,1.800200,1.800300,1.799900,1.800000,0
20091125 030500,1.799900,1.800300,1.799900,1.800000,0
20091125 030600,1.799900,1.800700,1.799900,1.800700,0
20091125 030700,1.800800,1.800800,1.800400,1.800600,0
20091125 030800,1.800600,1.800800,1.799900,1.800000,0
20091125 030900,1.800100,1.801500,1.800000,1.801400,0
20091125 031000,1.801400,1.801700,1.801300,1.801300,0
20091125 031100,1.801200,1.801700,1.801100,1.801400,0
20091125 031200,1.801300,1.801600,1.801000,1.801300,0
20091125 031300,1.801100,1.801900,1.800900,1.801600,0
20091125 031400,1.801500,1.801800,1.801200,1.801500,0
20091125 031500,1.801500,1.801500,1.800900,1.801200,0
20091125 031600,1.801300,1.801400,1.800800,1.801300,0
20091125 031700,1.801300,1.801400,1.801000,1.801200,0
20091125 031800,1.801200,1.802100,1.801000,1.802000,0
20091125 031900,1.802000,1.802400,1.801700,1.801700,0
20091125 032000,1.801900,1.802100,1.801400,1.801900,0
20091125 032100,1.801900,1.801900,1.801600,1.801900,0
20091125 032200,1.801800,1.802500,1.801600,1.802400,0
20091125 032300,1.802300,1.802500,1.801700,1.802300,0
20091125 032400,1.802200,1.802500,1.801700,1.801800,0
20091125 032500,1.801800,1.801800,1.801300,1.801600,0
20091125 032600,1.801400,1.802200,1.801300,1.802100,0
20091125 032700,1.802200,1.802400,1.801600,1.802300,0
20091125 032800,1.802500,1.802800,1.802100,1.802400,0
20091125 032900,1.802500,1.802900,1.802200,1.802300,0
20091125 033000,1.802500,1.802600,1.802000,1.802200,0
20091125 033100,1.802000,1.802400,1.801800,1.802300,0
20091125 033200,1.802300,1.802700,1.802100,1.802300,0
20091125 033300,1.802200,1.802600,1.802200,1.802400,0
20091125 033400,1.802500,1.802500,1.801700,1.801800,0
20091125 033500,1.801900,1.802100,1.801300,1.801800,0
20091125 033600,1.801900,1.802100,1.801500,1.801700,0
20091125 033700,1.801800,1.802400,1.801800,1.801900,0
20091125 033800,1.801900,1.802200,1.801500,1.802100,0
20091125 033900,1.802000,1.802100,1.801100,1.801200,0
20091125 034000,1.801100,1.801900,1.801100,1.801900,0
20091125 034100,1.801900,1.802400,1.801900,1.802200,0
20091125 034200,1.802000,1.802500,1.801600,1.801800,0
20091125 034300,1.801700,1.802200,1.801700,1.801900,0
20091125 034400,1.801900,1.802200,1.801400,1.801700,0
20091125 034500,1.801700,1.802300,1.801600,1.801900,0
20091125 034600,1.802000,1.802000,1.801500,1.801600,0
20091125 034700,1.801700,1.801800,1.801400,1.801700,0
20091125 034800,1.801600,1.802200,1.801600,1.802100,0
20091125 034900,1.802000,1.802200,1.801600,1.801800,0
20091125 035000,1.801800,1.802100,1.801700,1.801900,0
20091125 035100,1.802200,1.802400,1.801700,1.802000,0
20091125 035200,1.802100,1.802300,1.801800,1.802200,0
20091125 035300,1.802200,1.802300,1.801800,1.802000,0
20091125 035400,1.801900,1.802100,1.801500,1.801900,0
20091125 035500,1.801900,1.802100,1.801900,1.802100,0
20091125 035600,1.802300,1.802300,1.802100,1.802200,0
20091125 035700,1.802100,1.802300,1.801900,1.801900,0
20091125 035800,1.802000,1.802400,1.801900,1.802300,0
20091125 035900,1.802400,1.802800,1.802400,1.802400,0
20091125 040000,1.802600,1.802700,1.802100,1.802100,0
20091125 040100,1.802200,1.802900,1.802100,1.802700,0
20091125 040200,1.802600,1.803100,1.802500,1.802600,0
20091125 040300,1.802700,1.803400,1.802700,1.803300,0
20091125 040400,1.803400,1.804000,1.803400,1.803800,0
20091125 040500,1.803700,1.804000,1.803600,1.803700,0
20091125 040600,1.803800,1.804000,1.803100,1.803500,0
20091125 040700,1.803600,1.803600,1.803100,1.803400,0
20091125 040800,1.803400,1.803700,1.803000,1.803600,0
20091125 040900,1.803600,1.804000,1.803500,1.803600,0
20091125 041000,1.803500,1.803600,1.803200,1.803200,0
20091125 041100,1.803200,1.803300,1.802800,1.803300,0
20091125 041200,1.803400,1.803600,1.803100,1.803200,0
20091125 041300,1.803400,1.803600,1.802900,1.803000,0
20091125 041400,1.802900,1.803000,1.802700,1.802900,0
20091125 041500,1.802900,1.803000,1.801900,1.801900,0
20091125 041600,1.801800,1.801800,1.801100,1.801500,0
20091125 041700,1.801700,1.801700,1.801000,1.801200,0
20091125 041800,1.801300,1.801500,1.800900,1.801500,0
20091125 041900,1.801400,1.801700,1.801300,1.801500,0
20091125 042000,1.801600,1.801800,1.801500,1.801800,0
20091125 042100,1.801900,1.801900,1.801000,1.801200,0
20091125 042200,1.801100,1.801300,1.800700,1.800800,0
20091125 042300,1.800800,1.800900,1.799900,1.800100,0
20091125 042400,1.800100,1.800100,1.799400,1.799900,0
20091125 042500,1.799800,1.799800,1.799300,1.799400,0
20091125 042600,1.799300,1.799400,1.798900,1.799400,0
20091125 042700,1.799500,1.800000,1.799500,1.799600,0
20091125 042800,1.799600,1.800700,1.799300,1.800700,0
20091125 042900,1.800800,1.801600,1.800100,1.801100,0
20091125 043000,1.800800,1.800800,1.798200,1.798400,0
20091125 043100,1.798500,1.798600,1.796700,1.797200,0
20091125 043200,1.797300,1.797700,1.797000,1.797000,0
20091125 043300,1.796900,1.797500,1.796400,1.797000,0
20091125 043400,1.797100,1.798400,1.796800,1.797800,0
20091125 043500,1.797600,1.797600,1.796500,1.796700,0
20091125 043600,1.796600,1.796900,1.796100,1.796100,0
20091125 043700,1.796200,1.796300,1.795300,1.796000,0
20091125 043800,1.796000,1.796800,1.795600,1.796700,0
20091125 043900,1.796500,1.797000,1.796000,1.796700,0
20091125 044000,1.796700,1.797000,1.795700,1.795800,0
20091125 044100,1.795700,1.795800,1.795400,1.795600,0
20091125 044200,1.795700,1.796000,1.795600,1.795700,0
20091125 044300,1.795600,1.796000,1.795300,1.795600,0
20091125 044400,1.795800,1.796800,1.795700,1.796700,0
20091125 044500,1.796600,1.796600,1.796100,1.796200,0
20091125 044600,1.796300,1.796600,1.796300,1.796500,0
20091125 044700,1.796400,1.796600,1.796100,1.796400,0
20091125 044800,1.796600,1.797300,1.796500,1.797100,0
20091125 044900,1.797200,1.797200,1.796500,1.796500,0
20091125 045000,1.796400,1.796900,1.796200,1.796900,0
20091125 045100,1.796700,1.797100,1.796400,1.796400,0
20091125 045200,1.796500,1.796600,1.796000,1.796200,0
20091125 045300,1.796300,1.796900,1.796200,1.796600,0
20091125 045400,1.796700,1.796900,1.796100,1.796800,0
20091125 045500,1.796700,1.796800,1.796500,1.796600,0
20091125 045600,1.796700,1.797200,1.796500,1.797200,0
20091125 045700,1.797200,1.798100,1.797100,1.797900,0
20091125 045800,1.797900,1.798600,1.797800,1.798300,0
20091125 045900,1.798200,1.798500,1.798100,1.798200,0
20091125 050000,1.798100,1.798300,1.797800,1.797800,0
20091125 050100,1.797700,1.797700,1.797100,1.797300,0
20091125 050200,1.797200,1.797300,1.796600,1.796600,0
20091125 050300,1.796600,1.797600,1.796600,1.797300,0
20091125 050400,1.797400,1.797400,1.796900,1.797200,0
20091125 050500,1.797200,1.797600,1.797100,1.797400,0
20091125 050600,1.797400,1.798100,1.797300,1.797800,0
20091125 050700,1.797900,1.798500,1.797700,1.798300,0
20091125 050800,1.798400,1.799300,1.798300,1.798800,0
20091125 050900,1.798800,1.799500,1.798800,1.799300,0
20091125 051000,1.799200,1.799500,1.798900,1.799300,0
20091125 051100,1.799000,1.799200,1.798800,1.798800,0
20091125 051200,1.798700,1.798700,1.798300,1.798500,0
20091125 051300,1.798600,1.798700,1.797800,1.798000,0
20091125 051400,1.797900,1.798700,1.797900,1.798300,0
20091125 051500,1.798200,1.798300,1.797400,1.797700,0
20091125 051600,1.797500,1.798700,1.797500,1.798500,0
20091125 051700,1.798400,1.798800,1.798400,1.798500,0
20091125 051800,1.798400,1.799500,1.798400,1.799200,0
20091125 051900,1.799200,1.799800,1.799000,1.799300,0
20091125 052000,1.799200,1.799600,1.799000,1.799200,0
20091125 052100,1.799400,1.799800,1.799400,1.799700,0
20091125 052200,1.799700,1.800100,1.799500,1.799600,0
20091125 052300,1.799700,1.799800,1.799400,1.799500,0
20091125 052400,1.799500,1.800300,1.799500,1.800300,0
20091125 052500,1.800200,1.800400,1.799900,1.800300,0
20091125 052600,1.800300,1.800500,1.799700,1.800200,0
20091125 052700,1.800100,1.800600,1.800100,1.800200,0
20091125 052800,1.800100,1.800500,1.800000,1.800200,0
20091125 052900,1.800100,1.800700,1.799800,1.800300,0
20091125 053000,1.800200,1.800200,1.799700,1.799800,0
20091125 053100,1.799800,1.800300,1.799800,1.800200,0
20091125 053200,1.800300,1.800700,1.800200,1.800600,0
20091125 053300,1.800500,1.800700,1.800100,1.800600,0
20091125 053400,1.800500,1.800600,1.800000,1.800100,0
20091125 053500,1.800200,1.801800,1.799900,1.801300,0
20091125 053600,1.801400,1.801400,1.801000,1.801200,0
20091125 053700,1.801300,1.801300,1.800700,1.801000,0
20091125 053800,1.800900,1.801000,1.800800,1.800900,0
20091125 053900,1.801000,1.801000,1.800400,1.800900,0
20091125 054000,1.800900,1.801000,1.800700,1.800700,0
20091125 054100,1.800700,1.801300,1.800600,1.800900,0
20091125 054200,1.801000,1.801100,1.800900,1.800900,0
20091125 054300,1.800800,1.801300,1.800700,1.801200,0
20091125 054400,1.801300,1.802300,1.801200,1.801700,0
20091125 054500,1.801800,1.802000,1.801300,1.801300,0
20091125 054600,1.801400,1.802300,1.801200,1.802300,0
20091125 054700,1.802400,1.802400,1.801800,1.802200,0
20091125 054800,1.802300,1.802700,1.801900,1.802100,0
20091125 054900,1.802000,1.802800,1.802000,1.802500,0
20091125 055000,1.802600,1.802600,1.802000,1.802100,0
20091125 055100,1.802000,1.802100,1.801900,1.802000,0
20091125 055200,1.802000,1.802200,1.802000,1.802100,0
20091125 055300,1.802000,1.802200,1.801900,1.801900,0
20091125 055400,1.801900,1.802200,1.801800,1.802200,0
20091125 055500,1.802100,1.802800,1.802100,1.802400,0
20091125 055600,1.802500,1.802600,1.802200,1.802300,0
20091125 055700,1.802300,1.802400,1.801900,1.801900,0
20091125 055800,1.802000,1.802000,1.801700,1.801800,0
20091125 055900,1.801800,1.802100,1.801600,1.801600,0
20091125 060000,1.801700,1.802600,1.801300,1.802400,0
20091125 060100,1.802300,1.802500,1.802100,1.802300,0
20091125 060200,1.802400,1.802500,1.802000,1.802000,0
20091125 060300,1.802000,1.802300,1.801900,1.802000,0
20091125 060400,1.802100,1.802100,1.801300,1.801800,0
20091125 060500,1.801700,1.801800,1.801000,1.801500,0
20091125 060600,1.801400,1.802300,1.800900,1.802000,0
20091125 060700,1.802100,1.802200,1.801000,1.801000,0
20091125 060800,1.801000,1.801200,1.800000,1.800100,0
20091125 060900,1.800100,1.800600,1.800000,1.800600,0
20091125 061000,1.800600,1.800700,1.800300,1.800500,0
20091125 061100,1.800400,1.801000,1.800300,1.800800,0
20091125 061200,1.800700,1.800700,1.800500,1.800600,0
20091125 061300,1.800500,1.800700,1.800500,1.800500,0
20091125 061400,1.800400,1.800600,1.800100,1.800200,0
20091125 061500,1.800300,1.800300,1.799400,1.800000,0
20091125 061600,1.800000,1.800000,1.798700,1.798900,0
20091125 061700,1.798900,1.799100,1.798300,1.798400,0
20091125 061800,1.798300,1.799100,1.798200,1.799000,0
20091125 061900,1.799100,1.800000,1.799000,1.799600,0
20091125 062000,1.799600,1.800000,1.799500,1.799900,0
20091125 062100,1.799900,1.800200,1.799800,1.800000,0
20091125 062200,1.800100,1.800400,1.800000,1.800100,0
20091125 062300,1.800000,1.800200,1.799500,1.799600,0
20091125 062400,1.799600,1.799700,1.798900,1.799100,0
20091125 062500,1.799000,1.799400,1.798800,1.799400,0
20091125 062600,1.799400,1.800300,1.799400,1.799900,0
20091125 062700,1.799900,1.800400,1.799500,1.799800,0
20091125 062800,1.799700,1.800000,1.799100,1.799400,0
20091125 062900,1.799400,1.799700,1.799200,1.799700,0
20091125 063000,1.799600,1.801100,1.799400,1.801000,0
20091125 063100,1.801000,1.801000,1.799600,1.799700,0
20091125 063200,1.799600,1.800400,1.799600,1.800200,0
20091125 063300,1.800300,1.800400,1.799700,1.800000,0
20091125 063400,1.800100,1.800300,1.800000,1.800100,0
20091125 063500,1.800100,1.800300,1.799600,1.800200,0
20091125 063600,1.800200,1.800700,1.799900,1.800300,0
20091125 063700,1.800400,1.800500,1.800000,1.800100,0
20091125 063800,1.800100,1.800300,1.799600,1.799700,0
20091125 063900,1.799700,1.800000,1.799400,1.799600,0
20091125 064000,1.799500,1.800000,1.799400,1.799400,0
20091125 064100,1.799400,1.800100,1.798900,1.799600,0
20091125 064200,1.799500,1.799800,1.798900,1.799200,0
20091125 064300,1.799000,1.799700,1.798600,1.799400,0
20091125 064400,1.799500,1.799500,1.798900,1.798900,0
20091125 064500,1.799000,1.799600,1.798900,1.799400,0
20091125 064600,1.799400,1.800600,1.799300,1.800100,0
20091125 064700,1.800100,1.800200,1.799800,1.800100,0
20091125 064800,1.800100,1.800500,1.800000,1.800100,0
20091125 064900,1.800000,1.800300,1.799800,1.800300,0
20091125 065000,1.800400,1.800500,1.800000,1.800100,0
20091125 065100,1.800100,1.800300,1.799600,1.799600,0
20091125 065200,1.799700,1.800700,1.799700,1.800300,0
20091125 065300,1.800400,1.800400,1.800000,1.800100,0
20091125 065400,1.800200,1.800200,1.799800,1.799800,0
20091125 065500,1.799900,1.800000,1.799600,1.799800,0
20091125 065600,1.799700,1.800000,1.799100,1.799100,0
20091125 065700,1.799100,1.799500,1.798600,1.798600,0
20091125 065800,1.798600,1.799100,1.798600,1.799000,0
20091125 065900,1.799000,1.799300,1.798600,1.798700,0
20091125 070000,1.798800,1.799000,1.797600,1.797600,0
20091125 070100,1.797700,1.798000,1.796700,1.796800,0
20091125 070200,1.797000,1.797300,1.796900,1.796900,0
20091125 070300,1.797000,1.797100,1.796600,1.796800,0
20091125 070400,1.796700,1.796800,1.796000,1.796100,0
20091125 070500,1.796100,1.796600,1.795600,1.796200,0
20091125 070600,1.796100,1.796200,1.795400,1.796100,0
20091125 070700,1.796000,1.796600,1.795900,1.796300,0
20091125 070800,1.796500,1.797000,1.796000,1.796700,0
20091125 070900,1.796800,1.797200,1.796600,1.797100,0
20091125 071000,1.797200,1.797200,1.796900,1.797100,0
20091125 071100,1.797100,1.797500,1.797100,1.797400,0
20091125 071200,1.797500,1.797600,1.797300,1.797600,0
20091125 071300,1.797700,1.798200,1.797500,1.798000,0
20091125 071400,1.798200,1.798200,1.797300,1.797500,0
20091125 071500,1.797500,1.797700,1.797100,1.797200,0
20091125 071600,1.797200,1.797500,1.797000,1.797100,0
20091125 071700,1.797100,1.797200,1.796700,1.797000,0
20091125 071800,1.797100,1.797200,1.796900,1.797000,0
20091125 071900,1.797100,1.797500,1.796800,1.796800,0
20091125 072000,1.796900,1.797300,1.796800,1.797100,0
20091125 072100,1.797200,1.797300,1.796900,1.797100,0
20091125 072200,1.797100,1.797300,1.796500,1.796500,0
20091125 072300,1.796600,1.797000,1.796500,1.796600,0
20091125 072400,1.796600,1.796900,1.796300,1.796400,0
20091125 072500,1.796500,1.797000,1.796500,1.796700,0
20091125 072600,1.796800,1.797400,1.796800,1.797300,0
20091125 072700,1.797200,1.797600,1.797200,1.797600,0
20091125 072800,1.797600,1.797700,1.797300,1.797600,0
20091125 072900,1.797500,1.797700,1.797400,1.797500,0
20091125 073000,1.797600,1.797800,1.797500,1.797800,0
20091125 073100,1.797700,1.797700,1.797500,1.797600,0
20091125 073200,1.797700,1.797900,1.797500,1.797800,0
20091125 073300,1.797800,1.798000,1.797600,1.797700,0
20091125 073400,1.797600,1.797900,1.797400,1.797800,0
20091125 073500,1.797900,1.798200,1.797800,1.798000,0
20091125 073600,1.798100,1.798700,1.798000,1.798600,0
20091125 073700,1.798600,1.798600,1.798300,1.798400,0
20091125 073800,1.798500,1.798600,1.798000,1.798100,0
20091125 073900,1.798100,1.798200,1.797900,1.798000,0
20091125 074000,1.798100,1.798100,1.797600,1.797600,0
20091125 074100,1.797400,1.797700,1.797000,1.797600,0
20091125 074200,1.797400,1.797800,1.797300,1.797600,0
20091125 074300,1.797700,1.797700,1.797300,1.797300,0
20091125 074400,1.797400,1.797700,1.797200,1.797300,0
20091125 074500,1.797300,1.797500,1.797200,1.797500,0
20091125 074600,1.797600,1.797900,1.797400,1.797500,0
20091125 074700,1.797300,1.797700,1.797300,1.797500,0
20091125 074800,1.797700,1.797900,1.797400,1.797500,0
20091125 074900,1.797600,1.798500,1.797400,1.798000,0
20091125 075000,1.797900,1.798200,1.797700,1.797700,0
20091125 075100,1.797600,1.797900,1.797300,1.797600,0
20091125 075200,1.797500,1.797800,1.797400,1.797500,0
20091125 075300,1.797400,1.797900,1.797400,1.797700,0
20091125 075400,1.797600,1.797900,1.797500,1.797900,0
20091125 075500,1.797900,1.798100,1.797800,1.797900,0
20091125 075600,1.797800,1.798000,1.797800,1.797900,0
20091125 075700,1.798000,1.798000,1.797700,1.797700,0
20091125 075800,1.797700,1.797800,1.797200,1.797600,0
20091125 075900,1.797600,1.797800,1.797400,1.797800,0
20091125 080000,1.797600,1.797900,1.797400,1.797700,0
20091125 080100,1.797700,1.797900,1.797500,1.797500,0
20091125 080200,1.797500,1.797700,1.797400,1.797700,0
20091125 080300,1.797600,1.797700,1.797500,1.797600,0
20091125 080400,1.797600,1.797600,1.797300,1.797600,0
20091125 080500,1.797600,1.797800,1.797500,1.797500,0
20091125 080600,1.797500,1.797800,1.797500,1.797800,0
20091125 080700,1.797700,1.798200,1.797700,1.797800,0
20091125 080800,1.797600,1.798000,1.797600,1.797800,0
20091125 080900,1.797700,1.797700,1.797300,1.797500,0
20091125 081000,1.797400,1.797700,1.797400,1.797700,0
20091125 081100,1.797900,1.798200,1.797800,1.798000,0
20091125 081200,1.798000,1.798100,1.797500,1.797600,0
20091125 081300,1.797700,1.798000,1.797400,1.797400,0
20091125 081400,1.797500,1.797700,1.796900,1.797200,0
20091125 081500,1.797200,1.797400,1.797100,1.797100,0
20091125 081600,1.797200,1.797400,1.797100,1.797400,0
20091125 081700,1.797400,1.797800,1.797300,1.797500,0
20091125 081800,1.797500,1.797600,1.797300,1.797500,0
20091125 081900,1.797400,1.797700,1.796900,1.796900,0
20091125 082000,1.796800,1.797400,1.796600,1.797100,0
20091125 082100,1.797100,1.797300,1.796700,1.797100,0
20091125 082200,1.797200,1.797200,1.796900,1.796900,0
20091125 082300,1.797000,1.797300,1.796600,1.796800,0
20091125 082400,1.796900,1.797300,1.796600,1.796900,0
20091125 082500,1.796900,1.797100,1.796800,1.797000,0
20091125 082600,1.796900,1.797000,1.796700,1.796700,0
20091125 082700,1.796600,1.796800,1.796400,1.796600,0
20091125 082800,1.796700,1.796700,1.796300,1.796500,0
20091125 082900,1.796300,1.796800,1.796100,1.796600,0
20091125 083000,1.797500,1.798300,1.795500,1.796900,0
20091125 083100,1.796900,1.798200,1.796900,1.797400,0
20091125 083200,1.797400,1.797500,1.796700,1.796700,0
20091125 083300,1.796700,1.797500,1.796700,1.797200,0
20091125 083400,1.797200,1.797900,1.796500,1.797700,0
20091125 083500,1.797700,1.797900,1.797200,1.797400,0
20091125 083600,1.797400,1.797400,1.796300,1.796800,0
20091125 083700,1.796900,1.797000,1.796500,1.796500,0
20091125 083800,1.796600,1.796600,1.796300,1.796400,0
20091125 083900,1.796300,1.796700,1.796300,1.796500,0
20091125 084000,1.796700,1.797300,1.796500,1.797100,0
20091125 084100,1.797100,1.798200,1.797000,1.798100,0
20091125 084200,1.798200,1.798300,1.797800,1.797900,0
20091125 084300,1.797800,1.798100,1.797700,1.797900,0
20091125 084400,1.798000,1.798600,1.797900,1.798200,0
20091125 084500,1.798100,1.798500,1.798100,1.798400,0
20091125 084600,1.798500,1.798800,1.798100,1.798100,0
20091125 084700,1.798100,1.798100,1.797600,1.797700,0
20091125 084800,1.797600,1.797800,1.797500,1.797600,0
20091125 084900,1.797500,1.798000,1.797400,1.797500,0
20091125 085000,1.797500,1.798000,1.797300,1.797900,0
20091125 085100,1.798000,1.798100,1.797500,1.798100,0
20091125 085200,1.798200,1.798600,1.798100,1.798100,0
20091125 085300,1.798200,1.798500,1.798100,1.798300,0
20091125 085400,1.798400,1.798500,1.798200,1.798300,0
20091125 085500,1.798400,1.798600,1.798300,1.798500,0
20091125 085600,1.798500,1.798600,1.798200,1.798500,0
20091125 085700,1.798500,1.798600,1.798300,1.798400,0
20091125 085800,1.798500,1.798500,1.798000,1.798100,0
20091125 085900,1.798200,1.798900,1.797800,1.798600,0
20091125 090000,1.798700,1.799300,1.798300,1.798700,0
20091125 090100,1.798700,1.799300,1.798400,1.798700,0
20091125 090200,1.798600,1.799000,1.797900,1.798500,0
20091125 090300,1.798700,1.798800,1.797900,1.798000,0
20091125 090400,1.798200,1.799000,1.798200,1.799000,0
20091125 090500,1.799100,1.800000,1.799100,1.799900,0
20091125 090600,1.799800,1.799900,1.799400,1.799700,0
20091125 090700,1.799700,1.799800,1.799200,1.799300,0
20091125 090800,1.799400,1.800400,1.799400,1.800400,0
20091125 090900,1.800400,1.800700,1.800100,1.800200,0
20091125 091000,1.800300,1.801300,1.800000,1.800900,0
20091125 091100,1.801300,1.801800,1.801100,1.801600,0
20091125 091200,1.801700,1.802000,1.801100,1.801200,0
20091125 091300,1.801100,1.801200,1.801000,1.801200,0
20091125 091400,1.801100,1.801400,1.801000,1.801400,0
20091125 091500,1.801400,1.802400,1.801200,1.802300,0
20091125 091600,1.802200,1.802400,1.801500,1.801800,0
20091125 091700,1.801700,1.801700,1.801100,1.801100,0
20091125 091800,1.801100,1.801400,1.800400,1.800400,0
20091125 091900,1.800300,1.801000,1.800300,1.800300,0
20091125 092000,1.800300,1.800400,1.799900,1.800100,0
20091125 092100,1.800200,1.800500,1.799600,1.799600,0
20091125 092200,1.799700,1.800400,1.799700,1.800100,0
20091125 092300,1.799900,1.800200,1.799900,1.800200,0
20091125 092400,1.800100,1.800600,1.800100,1.800500,0
20091125 092500,1.800600,1.801500,1.800600,1.801500,0
20091125 092600,1.801400,1.801800,1.801300,1.801600,0
20091125 092700,1.801700,1.802200,1.801400,1.801700,0
20091125 092800,1.801700,1.802200,1.801600,1.802100,0
20091125 092900,1.802000,1.802400,1.801800,1.802200,0
20091125 093000,1.802200,1.802700,1.801500,1.801800,0
20091125 093100,1.801700,1.803100,1.801700,1.802900,0
20091125 093200,1.803000,1.803000,1.802000,1.802300,0
20091125 093300,1.802300,1.802400,1.801500,1.801900,0
20091125 093400,1.801900,1.802300,1.801400,1.801600,0
20091125 093500,1.801500,1.801900,1.800800,1.800900,0
20091125 093600,1.801000,1.801500,1.800700,1.801100,0
20091125 093700,1.800900,1.802200,1.800600,1.802200,0
20091125 093800,1.802100,1.802700,1.802100,1.802100,0
20091125 093900,1.802200,1.802400,1.801800,1.802100,0
20091125 094000,1.802200,1.802400,1.801700,1.802000,0
20091125 094100,1.802100,1.802400,1.801900,1.802300,0
20091125 094200,1.802400,1.802600,1.802100,1.802300,0
20091125 094300,1.802300,1.802800,1.802100,1.802600,0
20091125 094400,1.802500,1.802800,1.802000,1.802200,0
20091125 094500,1.802200,1.802300,1.801600,1.801900,0
20091125 094600,1.802000,1.802000,1.801400,1.801500,0
20091125 094700,1.801500,1.801700,1.800700,1.800800,0
20091125 094800,1.800900,1.801200,1.800800,1.801100,0
20091125 094900,1.801100,1.801600,1.800900,1.801600,0
20091125 095000,1.801600,1.801600,1.800700,1.800900,0
20091125 095100,1.800800,1.801000,1.800700,1.800800,0
20091125 095200,1.800800,1.800900,1.800500,1.800600,0
20091125 095300,1.800500,1.801600,1.800400,1.801500,0
20091125 095400,1.801800,1.802200,1.801500,1.801900,0
20091125 095500,1.801900,1.802000,1.801500,1.801500,0
20091125 095600,1.801600,1.802000,1.801000,1.801100,0
20091125 095700,1.801100,1.801700,1.801000,1.801200,0
20091125 095800,1.801300,1.801300,1.800500,1.800700,0
20091125 095900,1.800700,1.800800,1.799500,1.799800,0
20091125 100000,1.799700,1.800300,1.798900,1.800000,0
20091125 100100,1.800100,1.800100,1.799100,1.799200,0
20091125 100200,1.799300,1.799700,1.799000,1.799400,0
20091125 100300,1.799500,1.800000,1.799200,1.799500,0
20091125 100400,1.799400,1.799400,1.798600,1.799000,0
20091125 100500,1.799000,1.799500,1.799000,1.799100,0
20091125 100600,1.799200,1.799700,1.799000,1.799500,0
20091125 100700,1.799500,1.799600,1.799000,1.799400,0
20091125 100800,1.799500,1.799800,1.798700,1.799100,0
20091125 100900,1.799200,1.799400,1.799000,1.799200,0
20091125 101000,1.799100,1.799900,1.799100,1.799600,0
20091125 101100,1.799700,1.799900,1.799300,1.799900,0
20091125 101200,1.799800,1.800100,1.799400,1.799400,0
20091125 101300,1.799400,1.799400,1.799000,1.799300,0
20091125 101400,1.799200,1.799300,1.798800,1.799000,0
20091125 101500,1.799000,1.799400,1.798800,1.798800,0
20091125 101600,1.799000,1.799300,1.798600,1.799000,0
20091125 101700,1.799000,1.799200,1.798600,1.799200,0
20091125 101800,1.799200,1.799300,1.798000,1.798400,0
20091125 101900,1.798300,1.798500,1.798100,1.798100,0
20091125 102000,1.798100,1.798500,1.797700,1.797800,0
20091125 102100,1.797900,1.798400,1.797800,1.798200,0
20091125 102200,1.798100,1.798700,1.797900,1.798600,0
20091125 102300,1.798500,1.798900,1.798500,1.798700,0
20091125 102400,1.798600,1.799400,1.798600,1.799200,0
20091125 102500,1.799300,1.800200,1.799100,1.799400,0
20091125 102600,1.799400,1.799600,1.798600,1.799300,0
20091125 102700,1.799200,1.799600,1.799000,1.799400,0
20091125 102800,1.799500,1.799700,1.799000,1.799300,0
20091125 102900,1.799300,1.799400,1.798900,1.799300,0
20091125 103000,1.799300,1.799300,1.798200,1.798700,0
20091125 103100,1.798800,1.799000,1.797900,1.798100,0
20091125 103200,1.798000,1.798100,1.797800,1.797900,0
20091125 103300,1.797800,1.798400,1.797700,1.798300,0
20091125 103400,1.798200,1.799200,1.798200,1.798500,0
20091125 103500,1.798600,1.798800,1.797900,1.798000,0
20091125 103600,1.798000,1.798500,1.797800,1.798400,0
20091125 103700,1.798300,1.798800,1.798200,1.798600,0
20091125 103800,1.798400,1.798600,1.797500,1.797600,0
20091125 103900,1.797700,1.797800,1.797300,1.797600,0
20091125 104000,1.797900,1.798600,1.797700,1.798100,0
20091125 104100,1.798200,1.798400,1.798100,1.798300,0
20091125 104200,1.798200,1.798400,1.797900,1.798400,0
20091125 104300,1.798400,1.799000,1.798300,1.798300,0
20091125 104400,1.798500,1.798800,1.798000,1.798000,0
20091125 104500,1.798100,1.798400,1.797700,1.797700,0
20091125 104600,1.797800,1.798400,1.797800,1.797800,0
20091125 104700,1.797800,1.798000,1.797300,1.797300,0
20091125 104800,1.797500,1.797500,1.796500,1.797300,0
20091125 104900,1.797300,1.797600,1.796600,1.797000,0
20091125 105000,1.796900,1.797300,1.796700,1.797300,0
20091125 105100,1.797200,1.797600,1.797200,1.797300,0
20091125 105200,1.797400,1.797500,1.797200,1.797300,0
20091125 105300,1.797400,1.797700,1.797300,1.797400,0
20091125 105400,1.797500,1.798400,1.797200,1.798200,0
20091125 105500,1.798400,1.798600,1.798300,1.798600,0
20091125 105600,1.798500,1.799000,1.798500,1.798600,0
20091125 105700,1.798400,1.799000,1.798100,1.798400,0
20091125 105800,1.798400,1.798600,1.797900,1.797900,0
20091125 105900,1.798000,1.798900,1.797400,1.798900,0
20091125 110000,1.798500,1.798700,1.798200,1.798400,0
20091125 110100,1.798500,1.798700,1.798200,1.798600,0
20091125 110200,1.798700,1.798700,1.798200,1.798400,0
20091125 110300,1.798300,1.798300,1.797800,1.798200,0
20091125 110400,1.798100,1.798200,1.797800,1.798200,0
20091125 110500,1.798200,1.798300,1.798000,1.798000,0
20091125 110600,1.797900,1.798400,1.797900,1.798000,0
20091125 110700,1.798200,1.798200,1.797500,1.797500,0
20091125 110800,1.797300,1.798000,1.797300,1.797600,0
20091125 110900,1.797400,1.797900,1.797400,1.797700,0
20091125 111000,1.797900,1.798300,1.797800,1.798200,0
20091125 111100,1.798300,1.798300,1.797600,1.797900,0
20091125 111200,1.797900,1.798100,1.797600,1.797800,0
20091125 111300,1.797800,1.797900,1.797600,1.797900,0
20091125 111400,1.797700,1.798000,1.797600,1.797700,0
20091125 111500,1.797900,1.797900,1.797500,1.797800,0
20091125 111600,1.797800,1.798000,1.797500,1.797600,0
20091125 111700,1.797500,1.797700,1.797300,1.797300,0
20091125 111800,1.797300,1.797600,1.797300,1.797600,0
20091125 111900,1.797600,1.797800,1.797400,1.797800,0
20091125 112000,1.797800,1.798000,1.797600,1.797700,0
20091125 112100,1.797700,1.798100,1.797600,1.798000,0
20091125 112200,1.798000,1.798300,1.797900,1.798200,0
20091125 112300,1.798300,1.798600,1.798200,1.798300,0
20091125 112400,1.798300,1.799000,1.798300,1.798800,0
20091125 112500,1.799000,1.799000,1.798600,1.798700,0
20091125 112600,1.798700,1.798900,1.798400,1.798600,0
20091125 112700,1.798600,1.798800,1.798100,1.798200,0
20091125 112800,1.798300,1.798700,1.798300,1.798500,0
20091125 112900,1.798400,1.798700,1.798200,1.798200,0
20091125 113000,1.798200,1.798700,1.798100,1.798400,0
20091125 113100,1.798400,1.798600,1.797900,1.797900,0
20091125 113200,1.797900,1.798600,1.797900,1.798200,0
20091125 113300,1.798300,1.798300,1.797800,1.798000,0
20091125 113400,1.797900,1.798000,1.797300,1.797600,0
20091125 113500,1.797600,1.797600,1.797300,1.797500,0
20091125 113600,1.797400,1.797700,1.796900,1.796900,0
20091125 113700,1.796900,1.797300,1.796600,1.796600,0
20091125 113800,1.796700,1.796900,1.796400,1.796900,0
20091125 113900,1.796700,1.796900,1.795800,1.795900,0
20091125 114000,1.795900,1.796100,1.795500,1.796000,0
20091125 114100,1.796200,1.796200,1.795800,1.796100,0
20091125 114200,1.796000,1.796100,1.795800,1.795900,0
20091125 114300,1.795900,1.796100,1.795700,1.796100,0
20091125 114400,1.796000,1.796500,1.795800,1.796400,0
20091125 114500,1.796300,1.796700,1.796000,1.796700,0
20091125 114600,1.796400,1.796600,1.796000,1.796600,0
20091125 114700,1.796600,1.796800,1.796400,1.796400,0
20091125 114800,1.796500,1.796800,1.796100,1.796300,0
20091125 114900,1.796200,1.796400,1.796100,1.796100,0
20091125 115000,1.796200,1.796400,1.795900,1.796000,0
20091125 115100,1.795900,1.795900,1.795500,1.795500,0
20091125 115200,1.795600,1.795700,1.795000,1.795300,0
20091125 115300,1.795200,1.795400,1.794500,1.794600,0
20091125 115400,1.794500,1.795000,1.794200,1.794900,0
20091125 115500,1.795000,1.795800,1.795000,1.795700,0
20091125 115600,1.795800,1.796200,1.795800,1.796100,0
20091125 115700,1.796200,1.796400,1.795900,1.796100,0
20091125 115800,1.796100,1.796300,1.795900,1.796000,0
20091125 115900,1.796200,1.796300,1.795800,1.795800,0
20091125 120000,1.795900,1.795900,1.794800,1.794900,0
20091125 120100,1.795000,1.795300,1.794700,1.794700,0
20091125 120200,1.794700,1.795800,1.794700,1.795800,0
20091125 120300,1.795700,1.796000,1.795700,1.795900,0
20091125 120400,1.796100,1.796100,1.795700,1.796000,0
20091125 120500,1.796000,1.796000,1.795600,1.795700,0
20091125 120600,1.795800,1.795900,1.795400,1.795600,0
20091125 120700,1.795600,1.795600,1.795400,1.795500,0
20091125 120800,1.795600,1.796100,1.795400,1.795500,0
20091125 120900,1.795600,1.796200,1.795600,1.796100,0
20091125 121000,1.796100,1.796200,1.795800,1.796100,0
20091125 121100,1.796200,1.796200,1.795900,1.796100,0
20091125 121200,1.796200,1.796600,1.796000,1.796500,0
20091125 121300,1.796600,1.796800,1.796400,1.796600,0
20091125 121400,1.796700,1.796700,1.796500,1.796500,0
20091125 121500,1.796400,1.796600,1.796100,1.796400,0
20091125 121600,1.796400,1.796700,1.796300,1.796600,0
20091125 121700,1.796700,1.797000,1.796700,1.796900,0
20091125 121800,1.796900,1.797200,1.796900,1.797200,0
20091125 121900,1.797200,1.797400,1.796900,1.797300,0
20091125 122000,1.797100,1.797300,1.797100,1.797200,0
20091125 122100,1.797100,1.797300,1.797000,1.797000,0
20091125 122200,1.797100,1.797300,1.797000,1.797100,0
20091125 122300,1.797100,1.797100,1.796900,1.796900,0
20091125 122400,1.797100,1.797100,1.796800,1.796900,0
20091125 122500,1.796900,1.797200,1.796900,1.796900,0
20091125 122600,1.797000,1.797100,1.796800,1.797000,0
20091125 122700,1.796900,1.797200,1.796900,1.797200,0
20091125 122800,1.797200,1.797400,1.797100,1.797300,0
20091125 122900,1.797400,1.797400,1.797000,1.797300,0
20091125 123000,1.797400,1.797800,1.797100,1.797500,0
20091125 123100,1.797600,1.797700,1.797300,1.797700,0
20091125 123200,1.797700,1.797800,1.797500,1.797600,0
20091125 123300,1.797600,1.798200,1.797600,1.798200,0
20091125 123400,1.798200,1.798200,1.798000,1.798000,0
20091125 123500,1.798200,1.798200,1.797700,1.797700,0
20091125 123600,1.797600,1.797900,1.797500,1.797800,0
20091125 123700,1.797800,1.798000,1.797500,1.797700,0
20091125 123800,1.797800,1.798000,1.797400,1.797500,0
20091125 123900,1.797400,1.797700,1.797200,1.797200,0
20091125 124000,1.797300,1.797800,1.797300,1.797600,0
20091125 124100,1.797600,1.797800,1.797400,1.797600,0
20091125 124200,1.797700,1.797700,1.797400,1.797500,0
20091125 124300,1.797400,1.797600,1.797000,1.797200,0
20091125 124400,1.797000,1.797400,1.797000,1.797400,0
20091125 124500,1.797400,1.797400,1.797200,1.797200,0
20091125 124600,1.797200,1.797200,1.797100,1.797100,0
20091125 124700,1.797200,1.797300,1.796800,1.797100,0
20091125 124800,1.797100,1.797300,1.796900,1.797300,0
20091125 124900,1.797200,1.797700,1.797200,1.797600,0
20091125 125000,1.797700,1.797700,1.797400,1.797500,0
20091125 125100,1.797400,1.797500,1.797300,1.797400,0
20091125 125200,1.797500,1.797500,1.797100,1.797100,0
20091125 125300,1.797100,1.797300,1.797000,1.797000,0
20091125 125400,1.797100,1.797400,1.797000,1.797100,0
20091125 125500,1.797100,1.797200,1.796900,1.796900,0
20091125 125600,1.797000,1.797000,1.796700,1.796700,0
20091125 125700,1.796800,1.797000,1.796600,1.796600,0
20091125 125800,1.796600,1.796800,1.796200,1.796200,0
20091125 125900,1.796200,1.796500,1.796200,1.796400,0
20091125 130000,1.796600,1.796800,1.796500,1.796800,0
20091125 130100,1.796700,1.796700,1.796200,1.796400,0
20091125 130200,1.796500,1.796600,1.796500,1.796500,0
20091125 130300,1.796400,1.796500,1.795500,1.795600,0
20091125 130400,1.795700,1.795700,1.795200,1.795200,0
20091125 130500,1.795300,1.795300,1.794300,1.794300,0
20091125 130600,1.794400,1.794500,1.794000,1.794100,0
20091125 130700,1.794100,1.794200,1.793800,1.793900,0
20091125 130800,1.793900,1.794200,1.793900,1.794000,0
20091125 130900,1.794000,1.794100,1.793900,1.794100,0
20091125 131000,1.794300,1.794700,1.794300,1.794300,0
20091125 131100,1.794200,1.794500,1.793900,1.794100,0
20091125 131200,1.794200,1.794300,1.794100,1.794200,0
20091125 131300,1.794300,1.794900,1.794300,1.794900,0
20091125 131400,1.794900,1.795000,1.794600,1.794700,0
20091125 131500,1.794700,1.795200,1.794700,1.795100,0
20091125 131600,1.795100,1.795300,1.794900,1.794900,0
20091125 131700,1.794900,1.795000,1.794300,1.794300,0
20091125 131800,1.794200,1.794300,1.794100,1.794100,0
20091125 131900,1.794000,1.794600,1.794000,1.794500,0
20091125 132000,1.794400,1.794700,1.794200,1.794400,0
20091125 132100,1.794500,1.794900,1.794400,1.794900,0
20091125 132200,1.794800,1.794800,1.794300,1.794400,0
20091125 132300,1.794300,1.794300,1.793900,1.794100,0
20091125 132400,1.794100,1.794400,1.794100,1.794400,0
20091125 132500,1.794400,1.794900,1.794400,1.794900,0
20091125 132600,1.795000,1.795000,1.794700,1.794900,0
20091125 132700,1.794700,1.794700,1.793800,1.794200,0
20091125 132800,1.794100,1.794300,1.794000,1.794100,0
20091125 132900,1.794300,1.794600,1.794200,1.794300,0
20091125 133000,1.794300,1.794300,1.793600,1.793700,0
20091125 133100,1.793800,1.793900,1.793500,1.793800,0
20091125 133200,1.793900,1.794500,1.793900,1.794400,0
20091125 133300,1.794300,1.795100,1.794300,1.794900,0
20091125 133400,1.795000,1.795300,1.795000,1.795200,0
20091125 133500,1.795100,1.795300,1.794900,1.794900,0
20091125 133600,1.794900,1.795100,1.794900,1.794900,0
20091125 133700,1.795000,1.795100,1.794700,1.794900,0
20091125 133800,1.794800,1.795100,1.794700,1.794800,0
20091125 133900,1.794900,1.795000,1.794900,1.794900,0
20091125 134000,1.795000,1.795100,1.794800,1.794800,0
20091125 134100,1.794800,1.795100,1.794800,1.795100,0
20091125 134200,1.795100,1.795200,1.795100,1.795100,0
20091125 134300,1.795000,1.795000,1.795000,1.795000,0
20091125 134400,1.794900,1.795100,1.794900,1.795100,0
20091125 134500,1.795000,1.795000,1.794700,1.794800,0
20091125 134700,1.794900,1.795000,1.794800,1.794800,0
20091125 134800,1.794900,1.795000,1.794900,1.795000,0
20091125 134900,1.795100,1.795100,1.795000,1.795000,0
20091125 135000,1.795100,1.795200,1.794700,1.794800,0
20091125 135100,1.794800,1.794800,1.794700,1.794700,0
20091125 135200,1.794600,1.794900,1.794600,1.794800,0
20091125 135300,1.794900,1.794900,1.794800,1.794800,0
20091125 135400,1.794900,1.794900,1.794800,1.794800,0
20091125 135500,1.794800,1.795000,1.794800,1.795000,0
20091125 135600,1.794900,1.795000,1.794800,1.794800,0
20091125 135700,1.794800,1.794800,1.794600,1.794600,0
20091125 135800,1.794600,1.794700,1.794500,1.794500,0
20091125 135900,1.794500,1.794500,1.794300,1.794500,0
20091125 140000,1.794700,1.794900,1.794400,1.794500,0
20091125 140100,1.794500,1.794700,1.794400,1.794700,0
20091125 140200,1.794700,1.794900,1.794700,1.794800,0
20091125 140300,1.794700,1.794900,1.794600,1.794900,0
20091125 140400,1.794900,1.794900,1.794700,1.794800,0
20091125 140500,1.794800,1.794900,1.794400,1.794600,0
20091125 140600,1.794600,1.794600,1.793100,1.793100,0
20091125 140700,1.793200,1.793700,1.793100,1.793400,0
20091125 140800,1.793800,1.794000,1.793700,1.793900,0
20091125 140900,1.793900,1.794400,1.793900,1.794200,0
20091125 141000,1.794300,1.794400,1.793900,1.794100,0
20091125 141100,1.794200,1.794300,1.794000,1.794000,0
20091125 141200,1.794100,1.794200,1.794000,1.794100,0
20091125 141300,1.794000,1.794100,1.793900,1.794100,0
20091125 141400,1.794000,1.794100,1.793600,1.793700,0
20091125 141500,1.793200,1.793400,1.792900,1.793000,0
20091125 141600,1.793100,1.793200,1.792400,1.793100,0
20091125 141700,1.793000,1.793200,1.792700,1.793200,0
20091125 141800,1.793000,1.793100,1.792600,1.792600,0
20091125 141900,1.792700,1.792900,1.792300,1.792600,0
20091125 142000,1.792600,1.792700,1.792500,1.792500,0
20091125 142100,1.792500,1.792500,1.792100,1.792500,0
20091125 142200,1.792500,1.792700,1.792100,1.792500,0
20091125 142300,1.792600,1.793100,1.792100,1.792200,0
20091125 142400,1.792100,1.792700,1.791800,1.791800,0
20091125 142500,1.791800,1.792000,1.790900,1.790900,0
20091125 142600,1.791000,1.792300,1.790900,1.792100,0
20091125 142700,1.792000,1.792600,1.791900,1.792100,0
20091125 142800,1.792000,1.792400,1.791700,1.792400,0
20091125 142900,1.792300,1.792700,1.792100,1.792200,0
20091125 143000,1.792300,1.792500,1.791900,1.791900,0
20091125 143100,1.791800,1.792800,1.791800,1.792800,0
20091125 143200,1.792900,1.792900,1.792400,1.792600,0
20091125 143300,1.792600,1.793200,1.792600,1.793100,0
20091125 143400,1.793200,1.793400,1.793100,1.793200,0
20091125 143500,1.793400,1.794200,1.793400,1.794200,0
20091125 143600,1.794300,1.794300,1.793800,1.793900,0
20091125 143700,1.793900,1.794300,1.793700,1.794200,0
20091125 143800,1.794200,1.794500,1.794200,1.794300,0
20091125 143900,1.794200,1.794300,1.794100,1.794300,0
20091125 144000,1.794200,1.794400,1.794100,1.794400,0
20091125 144100,1.794500,1.794500,1.794000,1.794100,0
20091125 144200,1.794100,1.794200,1.793800,1.793900,0
20091125 144300,1.793900,1.794100,1.793200,1.793200,0
20091125 144400,1.793100,1.793300,1.792800,1.793200,0
20091125 144500,1.793100,1.793300,1.793100,1.793300,0
20091125 144600,1.793200,1.793400,1.793100,1.793200,0
20091125 144700,1.793100,1.793500,1.793000,1.793400,0
20091125 144800,1.793500,1.794300,1.793400,1.794200,0
20091125 144900,1.794300,1.794400,1.794100,1.794400,0
20091125 145000,1.794300,1.794300,1.794000,1.794100,0
20091125 145100,1.794000,1.794400,1.793900,1.794000,0
20091125 145200,1.794200,1.794200,1.793800,1.793900,0
20091125 145300,1.793800,1.793900,1.793700,1.793800,0
20091125 145400,1.793700,1.793800,1.793700,1.793800,0
20091125 145500,1.793900,1.794100,1.793600,1.794100,0
20091125 145600,1.794000,1.794500,1.793900,1.794400,0
20091125 145700,1.794500,1.794800,1.794500,1.794700,0
20091125 145800,1.794700,1.794800,1.794100,1.794200,0
20091125 145900,1.794300,1.794400,1.793500,1.793600,0
20091125 150000,1.793700,1.793900,1.793600,1.793700,0
20091125 150100,1.793800,1.794300,1.793800,1.793900,0
20091125 150200,1.793900,1.794400,1.793900,1.794200,0
20091125 150300,1.794400,1.794400,1.794200,1.794300,0
20091125 150400,1.794300,1.794500,1.793800,1.794100,0
20091125 150500,1.794100,1.794100,1.793700,1.793900,0
20091125 150600,1.793900,1.794000,1.793900,1.793900,0
20091125 150700,1.794000,1.794200,1.793800,1.794100,0
20091125 150800,1.794200,1.794400,1.794100,1.794200,0
20091125 150900,1.794200,1.794300,1.794200,1.794300,0
20091125 151000,1.794200,1.794300,1.794200,1.794200,0
20091125 151100,1.794300,1.794500,1.794200,1.794300,0
20091125 151200,1.794400,1.794600,1.794300,1.794500,0
20091125 151300,1.794500,1.794500,1.794200,1.794400,0
20091125 151400,1.794400,1.794400,1.794200,1.794200,0
20091125 151500,1.794100,1.794200,1.794000,1.794100,0
20091125 151600,1.794000,1.794200,1.793800,1.793900,0
20091125 151700,1.794000,1.794000,1.793900,1.794000,0
20091125 151800,1.793900,1.794000,1.793700,1.793900,0
20091125 151900,1.794000,1.794100,1.793800,1.793800,0
20091125 152000,1.793900,1.793900,1.793900,1.793900,0
20091125 152100,1.793900,1.794000,1.793600,1.793800,0
20091125 152200,1.793900,1.794000,1.793800,1.793800,0
20091125 152300,1.793800,1.793800,1.793800,1.793800,0
20091125 152400,1.793800,1.794000,1.793600,1.793800,0
20091125 152500,1.793800,1.793900,1.793400,1.793800,0
20091125 152600,1.793800,1.793800,1.793400,1.793400,0
20091125 152700,1.793600,1.793700,1.793400,1.793600,0
20091125 152800,1.793700,1.793900,1.793700,1.793800,0
20091125 152900,1.794000,1.794400,1.793900,1.794300,0
20091125 153000,1.794200,1.794500,1.794200,1.794500,0
20091125 153100,1.794400,1.794500,1.794300,1.794500,0
20091125 153200,1.794400,1.794500,1.794300,1.794400,0
20091125 153300,1.794500,1.794500,1.794300,1.794400,0
20091125 153400,1.794300,1.794400,1.793900,1.794000,0
20091125 153500,1.794100,1.794300,1.794000,1.794200,0
20091125 153600,1.794200,1.794300,1.794100,1.794300,0
20091125 153700,1.794400,1.794500,1.794200,1.794400,0
20091125 153800,1.794400,1.794400,1.794200,1.794400,0
20091125 153900,1.794400,1.794600,1.794300,1.794500,0
20091125 154000,1.794600,1.794700,1.794500,1.794500,0
20091125 154100,1.794600,1.794700,1.794600,1.794700,0
20091125 154200,1.794700,1.794700,1.794500,1.794500,0
20091125 154300,1.794600,1.794700,1.794500,1.794600,0
20091125 154400,1.794700,1.794700,1.794400,1.794400,0
20091125 154500,1.794400,1.794500,1.794000,1.794000,0
20091125 154600,1.794200,1.794500,1.793800,1.793900,0
20091125 154700,1.793900,1.794000,1.793800,1.793800,0
20091125 154800,1.793900,1.794200,1.793800,1.794100,0
20091125 154900,1.794000,1.794500,1.794000,1.794500,0
20091125 155000,1.794400,1.794400,1.794000,1.794100,0
20091125 155100,1.793900,1.794100,1.793900,1.793900,0
20091125 155200,1.793900,1.794000,1.793900,1.794000,0
20091125 155300,1.794000,1.794100,1.793800,1.793800,0
20091125 155400,1.793900,1.794000,1.793700,1.793800,0
20091125 155500,1.793900,1.794100,1.793700,1.794100,0
20091125 155600,1.794000,1.794100,1.794000,1.794100,0
20091125 155700,1.794200,1.794200,1.794000,1.794100,0
20091125 155800,1.794200,1.794200,1.794000,1.794000,0
20091125 155900,1.794000,1.794000,1.793600,1.793800,0
20091125 160000,1.793500,1.793800,1.793400,1.793800,0
20091125 160100,1.793900,1.794000,1.793700,1.793800,0
20091125 160200,1.793700,1.793800,1.793600,1.793800,0
20091125 160300,1.793800,1.793800,1.793100,1.793300,0
20091125 160400,1.793300,1.793400,1.793200,1.793200,0
20091125 160500,1.793200,1.793200,1.793200,1.793200,0
20091125 160600,1.793300,1.793400,1.793300,1.793400,0
20091125 160700,1.793500,1.793600,1.793400,1.793600,0
20091125 160800,1.793400,1.793800,1.793300,1.793600,0
20091125 160900,1.793500,1.793600,1.793500,1.793600,0
20091125 161000,1.793500,1.793700,1.793400,1.793500,0
20091125 161100,1.793600,1.793600,1.793300,1.793500,0
20091125 161200,1.793300,1.793700,1.793300,1.793500,0
20091125 161300,1.793300,1.793500,1.793200,1.793400,0
20091125 161400,1.793300,1.793500,1.793300,1.793400,0
20091125 161500,1.793500,1.793600,1.793500,1.793600,0
20091125 161600,1.793600,1.793700,1.793200,1.793200,0
20091125 161700,1.793200,1.793300,1.793100,1.793100,0
20091125 161800,1.793200,1.793200,1.793000,1.793200,0
20091125 161900,1.793600,1.793700,1.793200,1.793700,0
20091125 162000,1.793600,1.793700,1.793200,1.793300,0
20091125 162100,1.793300,1.793700,1.793000,1.793700,0
20091125 162200,1.793700,1.793800,1.793400,1.793400,0
20091125 162300,1.793400,1.793400,1.793200,1.793300,0
20091125 162400,1.793300,1.793500,1.793300,1.793500,0
20091125 162500,1.793700,1.793700,1.793700,1.793700,0
20091125 162600,1.793400,1.793900,1.793400,1.793700,0
20091125 162700,1.793700,1.794000,1.793700,1.793900,0
20091125 162800,1.794000,1.794100,1.793700,1.793700,0
20091125 162900,1.793700,1.793700,1.793400,1.793400,0
20091125 163000,1.793500,1.793500,1.793200,1.793400,0
20091125 163100,1.793300,1.793400,1.793300,1.793300,0
20091125 163200,1.793300,1.793300,1.793100,1.793100,0
20091125 163300,1.792900,1.793300,1.792900,1.793200,0
20091125 163400,1.793200,1.793400,1.793200,1.793200,0
20091125 163500,1.793100,1.793400,1.793000,1.793400,0
20091125 163600,1.793300,1.793400,1.793300,1.793300,0
20091125 163700,1.793400,1.793400,1.793300,1.793400,0
20091125 163800,1.793300,1.793400,1.793200,1.793300,0
20091125 163900,1.793300,1.793700,1.793300,1.793700,0
20091125 164000,1.793600,1.793900,1.793600,1.793600,0
20091125 164100,1.793700,1.793800,1.793600,1.793600,0
20091125 164200,1.793500,1.793700,1.793200,1.793600,0
20091125 164300,1.793700,1.794000,1.793600,1.794000,0
20091125 164400,1.793900,1.794000,1.793900,1.793900,0
20091125 164500,1.793600,1.793700,1.792700,1.792900,0
20091125 164600,1.793000,1.793000,1.792200,1.792200,0
20091125 164700,1.792100,1.792700,1.792100,1.792400,0
20091125 164800,1.792600,1.792700,1.792400,1.792400,0
20091125 164900,1.792600,1.792600,1.792100,1.792300,0
20091125 165000,1.792300,1.792600,1.792100,1.792600,0
20091125 165100,1.792100,1.792100,1.791900,1.792000,0
20091125 165200,1.791900,1.792100,1.791900,1.792000,0
20091125 165300,1.792000,1.792400,1.792000,1.792100,0
20091125 165400,1.792100,1.792200,1.791600,1.791800,0
20091125 165500,1.791700,1.792300,1.791700,1.792000,0
20091125 165600,1.791900,1.792200,1.791600,1.791600,0
20091125 165700,1.791700,1.792100,1.791400,1.791500,0
20091125 165800,1.791400,1.792000,1.791400,1.791800,0
20091125 165900,1.792300,1.792300,1.791900,1.792000,0
20091125 170000,1.792200,1.792400,1.791900,1.792100,0
20091125 170100,1.792000,1.792100,1.791900,1.792000,0
20091125 170200,1.791900,1.792100,1.791700,1.792000,0
20091125 170400,1.792100,1.792200,1.792100,1.792200,0
20091125 170500,1.792300,1.792300,1.792100,1.792100,0
20091125 170600,1.792000,1.792000,1.791900,1.792000,0
20091125 170700,1.792000,1.792000,1.791900,1.791900,0
20091125 170800,1.791900,1.791900,1.791700,1.791700,0
20091125 170900,1.791900,1.792100,1.791900,1.792100,0
20091125 171300,1.792200,1.792200,1.792200,1.792200,0
20091125 171400,1.792300,1.792300,1.792300,1.792300,0
20091125 171500,1.792200,1.792300,1.791900,1.791900,0
20091125 171600,1.792100,1.792100,1.792100,1.792100,0
20091125 171700,1.792200,1.792200,1.792200,1.792200,0
20091125 171800,1.792300,1.792600,1.792300,1.792400,0
20091125 171900,1.792400,1.792400,1.792400,1.792400,0
20091125 172000,1.792400,1.792700,1.792300,1.792500,0
20091125 172100,1.792600,1.793500,1.792600,1.793200,0
20091125 172200,1.793100,1.793100,1.792700,1.792700,0
20091125 172300,1.792700,1.793000,1.792400,1.793000,0
20091125 172400,1.792900,1.793000,1.792400,1.793000,0
20091125 172500,1.793000,1.793000,1.792500,1.792800,0
20091125 172700,1.792700,1.792800,1.792700,1.792800,0
20091125 172900,1.792800,1.793000,1.792800,1.792800,0
20091125 173000,1.793000,1.793200,1.792700,1.792800,0
20091125 173100,1.792900,1.793200,1.792900,1.793100,0
20091125 173200,1.793000,1.793000,1.792700,1.793000,0
20091125 173300,1.792800,1.793000,1.792800,1.792800,0
20091125 173500,1.792700,1.792700,1.791900,1.791900,0
20091125 173600,1.791800,1.792100,1.791700,1.791800,0
20091125 173700,1.791700,1.792000,1.791500,1.791700,0
20091125 173900,1.791800,1.792900,1.791800,1.792900,0
20091125 174000,1.792800,1.793000,1.792800,1.792900,0
20091125 174100,1.792900,1.792900,1.792900,1.792900,0
20091125 174200,1.793100,1.793100,1.792900,1.792900,0
20091125 174300,1.792900,1.792900,1.792900,1.792900,0
20091125 174400,1.792900,1.793200,1.792500,1.792700,0
20091125 174500,1.792700,1.793000,1.792600,1.792700,0
20091125 174600,1.792800,1.793000,1.792800,1.792900,0
20091125 174700,1.792800,1.792900,1.792400,1.792500,0
20091125 174800,1.792400,1.792400,1.792100,1.792300,0
20091125 174900,1.792400,1.792600,1.792100,1.792100,0
20091125 175000,1.792200,1.792200,1.792100,1.792100,0
20091125 175100,1.791800,1.791800,1.791600,1.791800,0
20091125 175200,1.791900,1.791900,1.791800,1.791800,0
20091125 175300,1.791700,1.791800,1.791400,1.791700,0
20091125 175400,1.791700,1.791700,1.791500,1.791600,0
20091125 175500,1.791400,1.791500,1.791000,1.791500,0
20091125 175600,1.791600,1.791600,1.791200,1.791400,0
20091125 175700,1.791500,1.791800,1.791400,1.791800,0
20091125 175800,1.791700,1.792000,1.791400,1.791500,0
20091125 175900,1.791500,1.791600,1.791300,1.791600,0
20091125 180000,1.791500,1.791900,1.791100,1.791600,0
20091125 180100,1.791700,1.791700,1.791600,1.791600,0
20091125 180200,1.791500,1.791600,1.791500,1.791600,0
20091125 180300,1.791500,1.791600,1.791500,1.791600,0
20091125 180400,1.791500,1.791700,1.791500,1.791700,0
20091125 180500,1.791600,1.791600,1.791300,1.791500,0
20091125 180600,1.791600,1.791900,1.791600,1.791900,0
20091125 180700,1.791800,1.792100,1.791800,1.791900,0
20091125 180800,1.792000,1.792200,1.792000,1.792200,0
20091125 180900,1.792100,1.792200,1.792100,1.792100,0
20091125 181000,1.792000,1.792200,1.792000,1.792200,0
20091125 181100,1.792300,1.792400,1.792200,1.792200,0
20091125 181200,1.792100,1.792200,1.792100,1.792100,0
20091125 181300,1.792200,1.792600,1.792200,1.792500,0
20091125 181400,1.792600,1.793000,1.792600,1.792900,0
20091125 181500,1.792900,1.793900,1.792900,1.793900,0
20091125 181600,1.794000,1.794000,1.793800,1.793900,0
20091125 181700,1.794000,1.794700,1.793700,1.794500,0
20091125 181800,1.794300,1.795200,1.794300,1.795100,0
20091125 181900,1.795100,1.795600,1.795000,1.795500,0
20091125 182000,1.795200,1.795500,1.795000,1.795200,0
20091125 182100,1.795100,1.795300,1.795100,1.795300,0
20091125 182200,1.795500,1.795800,1.795300,1.795300,0
20091125 182300,1.795300,1.795500,1.795300,1.795300,0
20091125 182400,1.795100,1.795400,1.794900,1.795100,0
20091125 182500,1.795000,1.795700,1.795000,1.795600,0
20091125 182600,1.795700,1.796500,1.795700,1.796200,0
20091125 182700,1.796100,1.796100,1.795700,1.795800,0
20091125 182800,1.795700,1.796000,1.795700,1.795800,0
20091125 182900,1.796100,1.796100,1.795800,1.796100,0
20091125 183000,1.796000,1.796200,1.796000,1.796200,0
20091125 183100,1.796100,1.796400,1.795900,1.796100,0
20091125 183200,1.796200,1.796600,1.796100,1.796100,0
20091125 183300,1.796000,1.796000,1.794800,1.794800,0
20091125 183400,1.794800,1.795300,1.794800,1.795100,0
20091125 183500,1.795200,1.795300,1.795100,1.795300,0
20091125 183600,1.795400,1.795400,1.794900,1.795200,0
20091125 183700,1.795500,1.796200,1.795300,1.796000,0
20091125 183800,1.796100,1.796200,1.796100,1.796100,0
20091125 183900,1.796100,1.796500,1.796100,1.796500,0
20091125 184000,1.796500,1.796600,1.796500,1.796600,0
20091125 184100,1.796500,1.796600,1.796300,1.796600,0
20091125 184200,1.796700,1.796800,1.796600,1.796700,0
20091125 184300,1.796600,1.797000,1.796600,1.796900,0
20091125 184400,1.797000,1.797000,1.796600,1.796700,0
20091125 184500,1.796600,1.796800,1.796300,1.796300,0
20091125 184600,1.796500,1.796500,1.795700,1.796100,0
20091125 184700,1.796200,1.796600,1.796100,1.796100,0
20091125 184800,1.796200,1.796500,1.796000,1.796100,0
20091125 184900,1.796100,1.796400,1.796100,1.796300,0
20091125 185000,1.796300,1.796500,1.796100,1.796400,0
20091125 185100,1.796300,1.796500,1.796200,1.796400,0
20091125 185200,1.796300,1.796500,1.796300,1.796500,0
20091125 185300,1.796700,1.797000,1.796400,1.797000,0
20091125 185400,1.796900,1.797000,1.796900,1.797000,0
20091125 185500,1.796900,1.796900,1.796500,1.796500,0
20091125 185600,1.796500,1.796600,1.796500,1.796500,0
20091125 185700,1.796500,1.796500,1.796500,1.796500,0
20091125 185800,1.796500,1.796700,1.796500,1.796600,0
20091125 185900,1.796800,1.796800,1.796500,1.796500,0
20091125 190000,1.796600,1.796800,1.796500,1.796600,0
20091125 190100,1.796500,1.796800,1.796500,1.796800,0
20091125 190200,1.796800,1.796800,1.796500,1.796700,0
20091125 190300,1.796600,1.796900,1.796600,1.796900,0
20091125 190400,1.796900,1.797600,1.796900,1.797600,0
20091125 190500,1.797500,1.798000,1.797200,1.797500,0
20091125 190600,1.797500,1.797800,1.797200,1.797800,0
20091125 190700,1.797700,1.797800,1.797600,1.797600,0
20091125 190800,1.797700,1.798100,1.797700,1.798000,0
20091125 190900,1.798200,1.798300,1.797700,1.797900,0
20091125 191000,1.798000,1.798300,1.798000,1.798200,0
20091125 191100,1.798200,1.798400,1.798100,1.798400,0
20091125 191200,1.798500,1.798800,1.798300,1.798300,0
20091125 191300,1.798300,1.798400,1.798300,1.798400,0
20091125 191400,1.798300,1.798300,1.798300,1.798300,0
20091125 191500,1.798400,1.798600,1.798200,1.798400,0
20091125 191600,1.798500,1.798500,1.797700,1.798000,0
20091125 191700,1.797900,1.798100,1.797500,1.797500,0
20091125 191800,1.797700,1.797700,1.797400,1.797700,0
20091125 191900,1.797800,1.798100,1.797300,1.797700,0
20091125 192000,1.798000,1.798000,1.797500,1.797700,0
20091125 192100,1.797600,1.797600,1.797600,1.797600,0
20091125 192200,1.797800,1.798200,1.797700,1.798000,0
20091125 192300,1.797900,1.798100,1.797800,1.798100,0
20091125 192400,1.798000,1.798200,1.797800,1.797800,0
20091125 192500,1.798000,1.798400,1.797900,1.798400,0
20091125 192600,1.798700,1.799000,1.798600,1.798700,0
20091125 192700,1.798800,1.799100,1.798600,1.799000,0
20091125 192800,1.799000,1.799100,1.798500,1.798700,0
20091125 192900,1.798700,1.798900,1.798700,1.798800,0
20091125 193000,1.798700,1.802200,1.798700,1.801600,0
20091125 193100,1.801500,1.802100,1.801200,1.801600,0
20091125 193200,1.801600,1.802100,1.801300,1.801300,0
20091125 193300,1.801100,1.801300,1.800500,1.801000,0
20091125 193400,1.800900,1.801100,1.800700,1.800800,0
20091125 193500,1.800900,1.800900,1.799800,1.800000,0
20091125 193600,1.800100,1.800400,1.799900,1.800000,0
20091125 193700,1.800000,1.800300,1.799900,1.800200,0
20091125 193800,1.800100,1.800600,1.800100,1.800500,0
20091125 193900,1.800500,1.800700,1.800200,1.800400,0
20091125 194000,1.800400,1.800500,1.799900,1.800000,0
20091125 194100,1.800100,1.800700,1.799900,1.800700,0
20091125 194200,1.800600,1.801000,1.800600,1.801000,0
20091125 194300,1.801100,1.801200,1.800300,1.801100,0
20091125 194400,1.801000,1.801200,1.800700,1.800700,0
20091125 194500,1.800900,1.800900,1.800500,1.800800,0
20091125 194600,1.801000,1.801100,1.800600,1.801100,0
20091125 194700,1.800800,1.800900,1.800500,1.800800,0
20091125 194800,1.800900,1.801200,1.800800,1.801000,0
20091125 194900,1.800900,1.801400,1.800900,1.801200,0
20091125 195000,1.801300,1.801600,1.801200,1.801500,0
20091125 195100,1.801500,1.801700,1.801200,1.801200,0
20091125 195200,1.801400,1.801600,1.801000,1.801300,0
20091125 195300,1.801200,1.801600,1.800800,1.801600,0
20091125 195400,1.801700,1.802400,1.801300,1.802400,0
20091125 195500,1.802200,1.803000,1.802200,1.802500,0
20091125 195600,1.802500,1.802600,1.801900,1.802500,0
20091125 195700,1.802300,1.802700,1.802100,1.802100,0
20091125 195800,1.802000,1.802300,1.802000,1.802100,0
20091125 195900,1.802200,1.802200,1.802000,1.802200,0
20091125 200000,1.802100,1.802100,1.801300,1.801700,0
20091125 200100,1.801700,1.801700,1.801200,1.801600,0
20091125 200200,1.801600,1.801700,1.801200,1.801200,0
20091125 200300,1.801500,1.801500,1.800700,1.800700,0
20091125 200400,1.800800,1.801100,1.800000,1.800500,0
20091125 200500,1.800500,1.801100,1.800400,1.800800,0
20091125 200600,1.800500,1.800500,1.800000,1.800100,0
20091125 200700,1.799900,1.800200,1.799800,1.800100,0
20091125 200800,1.800000,1.800100,1.799800,1.799800,0
20091125 200900,1.800000,1.800200,1.799500,1.800000,0
20091125 201000,1.799900,1.800000,1.799700,1.799800,0
20091125 201100,1.799900,1.800400,1.799700,1.800400,0
20091125 201200,1.800500,1.801400,1.800000,1.801000,0
20091125 201300,1.800900,1.800900,1.800300,1.800600,0
20091125 201400,1.800700,1.800700,1.799900,1.800100,0
20091125 201500,1.800000,1.800200,1.799600,1.800200,0
20091125 201600,1.800400,1.800700,1.800100,1.800200,0
20091125 201700,1.800300,1.800700,1.800300,1.800500,0
20091125 201800,1.799800,1.800200,1.799800,1.800200,0
20091125 201900,1.800000,1.800000,1.799600,1.799700,0
20091125 202000,1.799800,1.799800,1.799200,1.799500,0
20091125 202100,1.799400,1.799400,1.799100,1.799400,0
20091125 202200,1.799100,1.799800,1.798900,1.799200,0
20091125 202300,1.799300,1.800100,1.799200,1.799900,0
20091125 202400,1.800100,1.800500,1.799900,1.800300,0
20091125 202500,1.800300,1.800300,1.799500,1.799500,0
20091125 202600,1.799600,1.800000,1.799500,1.799800,0
20091125 202700,1.799700,1.799900,1.799700,1.799800,0
20091125 202800,1.799700,1.799900,1.799600,1.799700,0
20091125 202900,1.799600,1.800700,1.799600,1.800400,0
20091125 203000,1.800500,1.800700,1.800400,1.800400,0
20091125 203100,1.800300,1.800600,1.800300,1.800600,0
20091125 203200,1.800500,1.800600,1.800200,1.800400,0
20091125 203300,1.800500,1.800500,1.800300,1.800400,0
20091125 203500,1.800200,1.800600,1.800100,1.800600,0
20091125 203600,1.800400,1.800400,1.799900,1.800400,0
20091125 203700,1.800500,1.800800,1.800400,1.800700,0
20091125 203800,1.800600,1.800600,1.800400,1.800500,0
20091125 203900,1.800400,1.800500,1.800300,1.800500,0
20091125 204000,1.800400,1.800600,1.800400,1.800500,0
20091125 204100,1.800400,1.800400,1.800300,1.800300,0
20091125 204200,1.800400,1.800400,1.800200,1.800200,0
20091125 204300,1.800100,1.800100,1.799500,1.799600,0
20091125 204400,1.799700,1.799700,1.799600,1.799600,0
20091125 204500,1.799700,1.800100,1.799500,1.799700,0
20091125 204600,1.799700,1.799900,1.799500,1.799600,0
20091125 204700,1.799900,1.799900,1.799400,1.799500,0
20091125 204800,1.799300,1.799600,1.799200,1.799400,0
20091125 204900,1.799300,1.799900,1.799300,1.799500,0
20091125 205000,1.799500,1.799700,1.799100,1.799600,0
20091125 205100,1.799600,1.799700,1.799400,1.799500,0
20091125 205200,1.799400,1.800100,1.799400,1.800100,0
20091125 205300,1.800100,1.800700,1.800100,1.800400,0
20091125 205400,1.800400,1.801400,1.800300,1.801400,0
20091125 205500,1.801100,1.801400,1.801000,1.801100,0
20091125 205600,1.801200,1.801500,1.800900,1.801100,0
20091125 205700,1.801200,1.801300,1.800900,1.801100,0
20091125 205800,1.801000,1.801100,1.800600,1.800900,0
20091125 205900,1.801100,1.801100,1.801000,1.801000,0
20091125 210000,1.800900,1.801000,1.800600,1.800900,0
20091125 210100,1.801000,1.801400,1.800700,1.801400,0
20091125 210200,1.801600,1.801700,1.800700,1.801300,0
20091125 210300,1.801300,1.801800,1.801300,1.801800,0
20091125 210400,1.801900,1.802100,1.801400,1.802100,0
20091125 210500,1.802300,1.802700,1.802100,1.802700,0
20091125 210600,1.802900,1.804900,1.802900,1.804400,0
20091125 210700,1.804300,1.805900,1.804200,1.805100,0
20091125 210800,1.805100,1.806100,1.804800,1.804800,0
20091125 210900,1.804800,1.804800,1.803500,1.803800,0
20091125 211000,1.803800,1.804200,1.803500,1.804100,0
20091125 211100,1.804000,1.804000,1.803300,1.803600,0
20091125 211200,1.804000,1.804300,1.803700,1.804200,0
20091125 211300,1.804400,1.805100,1.804100,1.804400,0
20091125 211400,1.804400,1.804400,1.803700,1.804000,0
20091125 211500,1.804000,1.804100,1.803400,1.803600,0
20091125 211600,1.803600,1.803900,1.803600,1.803700,0
20091125 211700,1.803700,1.803800,1.802500,1.802800,0
20091125 211800,1.802800,1.803200,1.802600,1.803100,0
20091125 211900,1.803200,1.803200,1.802200,1.802200,0
20091125 212000,1.802400,1.802800,1.802100,1.802200,0
20091125 212100,1.802200,1.802600,1.802100,1.802400,0
20091125 212200,1.802300,1.803100,1.802000,1.803000,0
20091125 212300,1.803100,1.803800,1.803100,1.803500,0
20091125 212400,1.803800,1.804100,1.803400,1.803600,0
20091125 212500,1.803800,1.804200,1.803800,1.804200,0
20091125 212600,1.804300,1.804900,1.804200,1.804600,0
20091125 212700,1.804500,1.804600,1.804100,1.804200,0
20091125 212800,1.804300,1.804600,1.804200,1.804400,0
20091125 212900,1.804400,1.804400,1.804200,1.804400,0
20091125 213000,1.804300,1.805000,1.803800,1.804700,0
20091125 213100,1.804600,1.805300,1.804600,1.805100,0
20091125 213200,1.805200,1.805300,1.804700,1.804800,0
20091125 213300,1.804900,1.805600,1.804800,1.805600,0
20091125 213400,1.805700,1.806000,1.805300,1.805300,0
20091125 213500,1.805100,1.805500,1.804200,1.804200,0
20091125 213600,1.804400,1.805100,1.804400,1.805000,0
20091125 213700,1.805000,1.805400,1.805000,1.805300,0
20091125 213800,1.805200,1.805400,1.804900,1.804900,0
20091125 213900,1.805000,1.805200,1.804900,1.805000,0
20091125 214000,1.805100,1.805200,1.804800,1.804800,0
20091125 214100,1.804900,1.805300,1.804900,1.805000,0
20091125 214200,1.804800,1.805200,1.804700,1.805100,0
20091125 214300,1.805100,1.805100,1.804800,1.804800,0
20091125 214400,1.804700,1.804700,1.804700,1.804700,0
20091125 214500,1.804700,1.805000,1.804400,1.805000,0
20091125 214600,1.804900,1.805200,1.804800,1.805200,0
20091125 214700,1.805200,1.805200,1.804800,1.804800,0
20091125 214800,1.804900,1.805200,1.804700,1.805000,0
20091125 214900,1.804900,1.805500,1.804700,1.805000,0
20091125 215000,1.804900,1.805300,1.804200,1.805300,0
20091125 215100,1.805300,1.805500,1.805000,1.805100,0
20091125 215200,1.805100,1.805500,1.804900,1.805400,0
20091125 215300,1.805300,1.805500,1.804600,1.805300,0
20091125 215400,1.805400,1.805400,1.805100,1.805200,0
20091125 215500,1.805300,1.805300,1.804900,1.804900,0
20091125 215600,1.804800,1.805000,1.804600,1.804600,0
20091125 215700,1.804400,1.805100,1.804400,1.805100,0
20091125 215800,1.805200,1.805200,1.804600,1.805100,0
20091125 215900,1.805200,1.805400,1.804800,1.805400,0
20091125 220000,1.805600,1.805600,1.805200,1.805200,0
20091125 220100,1.805100,1.805200,1.805100,1.805200,0
20091125 220200,1.805100,1.805100,1.805000,1.805000,0
20091125 220300,1.804900,1.805500,1.804700,1.805400,0
20091125 220400,1.805300,1.805300,1.804900,1.804900,0
20091125 220500,1.805000,1.805000,1.804600,1.804800,0
20091125 220600,1.804700,1.804900,1.804600,1.804800,0
20091125 220700,1.804900,1.804900,1.804200,1.804200,0
20091125 220800,1.804300,1.804500,1.804200,1.804500,0
20091125 220900,1.804500,1.804500,1.803900,1.803900,0
20091125 221000,1.803800,1.804600,1.803800,1.804500,0
20091125 221100,1.804400,1.804400,1.803700,1.803800,0
20091125 221200,1.803900,1.804000,1.803600,1.803800,0
20091125 221300,1.803800,1.804100,1.803800,1.804100,0
20091125 221400,1.803900,1.804200,1.803800,1.804000,0
20091125 221500,1.803900,1.803900,1.803700,1.803900,0
20091125 221600,1.803900,1.803900,1.803700,1.803700,0
20091125 221700,1.803600,1.803600,1.803400,1.803500,0
20091125 221800,1.803400,1.803900,1.803400,1.803800,0
20091125 221900,1.803600,1.803800,1.803600,1.803800,0
20091125 222000,1.803700,1.804800,1.803700,1.804800,0
20091125 222100,1.804700,1.805300,1.804700,1.805100,0
20091125 222200,1.805000,1.805300,1.804900,1.805000,0
20091125 222300,1.804900,1.805200,1.804900,1.805000,0
20091125 222400,1.805000,1.805100,1.805000,1.805100,0
20091125 222500,1.805100,1.805600,1.804900,1.805600,0
20091125 222600,1.805400,1.806000,1.805400,1.805700,0
20091125 222700,1.805700,1.806400,1.805700,1.806300,0
20091125 222800,1.806100,1.806500,1.805800,1.806200,0
20091125 222900,1.806400,1.806600,1.806100,1.806200,0
20091125 223000,1.806100,1.806100,1.805300,1.805600,0
20091125 223100,1.804700,1.806100,1.804600,1.806100,0
20091125 223200,1.806000,1.806600,1.805500,1.805500,0
20091125 223300,1.805500,1.806100,1.805300,1.805800,0
20091125 223400,1.805900,1.806200,1.804900,1.804900,0
20091125 223500,1.805100,1.807200,1.805100,1.805800,0
20091125 223600,1.805800,1.805800,1.804200,1.804600,0
20091125 223700,1.804800,1.805700,1.804400,1.805700,0
20091125 223800,1.805600,1.805900,1.805100,1.805200,0
20091125 223900,1.805200,1.805700,1.804900,1.805700,0
20091125 224000,1.805500,1.806400,1.805500,1.805800,0
20091125 224100,1.806000,1.807200,1.805700,1.807200,0
20091125 224200,1.807300,1.809100,1.807100,1.808600,0
20091125 224300,1.808700,1.809400,1.808200,1.808800,0
20091125 224400,1.808600,1.809000,1.807700,1.808500,0
20091125 224500,1.808300,1.809600,1.808200,1.808800,0
20091125 224600,1.809000,1.809400,1.808700,1.809000,0
20091125 224700,1.809100,1.809500,1.808700,1.809100,0
20091125 224800,1.809000,1.809000,1.808100,1.808300,0
20091125 224900,1.808200,1.808600,1.808100,1.808600,0
20091125 225000,1.808700,1.808700,1.807900,1.808200,0
20091125 225100,1.808100,1.808800,1.807900,1.808700,0
20091125 225200,1.808600,1.808800,1.808500,1.808600,0
20091125 225300,1.808500,1.808600,1.807900,1.808000,0
20091125 225400,1.807900,1.808000,1.807300,1.807500,0
20091125 225500,1.807600,1.807800,1.807300,1.807500,0
20091125 225600,1.807600,1.807900,1.807400,1.807500,0
20091125 225700,1.807600,1.807800,1.807300,1.807800,0
20091125 225800,1.807900,1.808200,1.807700,1.807900,0
20091125 225900,1.807800,1.808300,1.807200,1.807600,0
20091125 230000,1.807500,1.807800,1.806400,1.806500,0
20091125 230100,1.806600,1.806800,1.805900,1.806300,0
20091125 230200,1.806200,1.807500,1.806200,1.806900,0
20091125 230300,1.806900,1.807500,1.806800,1.807400,0
20091125 230400,1.807300,1.808100,1.807000,1.807700,0
20091125 230500,1.807900,1.808300,1.807600,1.808000,0
20091125 230600,1.808100,1.809600,1.807900,1.808700,0
20091125 230700,1.808900,1.809300,1.808600,1.809000,0
20091125 230800,1.809100,1.809200,1.808300,1.808600,0
20091125 230900,1.808700,1.808800,1.808400,1.808500,0
20091125 231000,1.808600,1.808600,1.807500,1.807700,0
20091125 231100,1.807700,1.808300,1.807200,1.808100,0
20091125 231200,1.808000,1.808200,1.807800,1.807900,0
20091125 231300,1.808000,1.808500,1.808000,1.808200,0
20091125 231400,1.808300,1.808500,1.808000,1.808200,0
20091125 231500,1.808400,1.808400,1.807700,1.808100,0
20091125 231600,1.808200,1.808200,1.807800,1.807800,0
20091125 231700,1.807700,1.807900,1.807600,1.807900,0
20091125 231800,1.807900,1.807900,1.807300,1.807400,0
20091125 231900,1.807500,1.807600,1.807400,1.807400,0
20091125 232000,1.807400,1.807600,1.807200,1.807300,0
20091125 232100,1.807100,1.807500,1.807100,1.807400,0
20091125 232200,1.807300,1.807400,1.806800,1.807300,0
20091125 232300,1.807400,1.807500,1.807200,1.807300,0
20091125 232400,1.807400,1.808000,1.807400,1.807900,0
20091125 232500,1.808100,1.808100,1.807700,1.807700,0
20091125 232600,1.807600,1.808100,1.807500,1.807800,0
20091125 232700,1.808000,1.808600,1.807800,1.808400,0
20091125 232800,1.808500,1.808500,1.807700,1.808000,0
20091125 232900,1.808000,1.808100,1.808000,1.808000,0
20091125 233000,1.808000,1.808200,1.807900,1.808100,0
20091125 233100,1.808000,1.808200,1.807600,1.807600,0
20091125 233200,1.807700,1.807800,1.807500,1.807600,0
20091125 233300,1.807500,1.807900,1.807500,1.807800,0
20091125 233400,1.807900,1.808200,1.807700,1.808000,0
20091125 233500,1.808000,1.808000,1.807300,1.807500,0
20091125 233600,1.807500,1.807500,1.807200,1.807200,0
20091125 233700,1.807200,1.807300,1.807000,1.807000,0
20091125 233800,1.806800,1.807100,1.806600,1.807000,0
20091125 233900,1.807100,1.807100,1.806800,1.807000,0
20091125 234000,1.806900,1.806900,1.806800,1.806800,0
20091125 234100,1.806800,1.807000,1.806500,1.807000,0
20091125 234200,1.807100,1.807100,1.806600,1.807100,0
20091125 234300,1.807100,1.807400,1.806900,1.807000,0
20091125 234400,1.807000,1.807500,1.807000,1.807000,0
20091125 234500,1.806900,1.807200,1.806700,1.806900,0
20091125 234600,1.807000,1.807000,1.806800,1.807000,0
20091125 234700,1.807300,1.807300,1.807000,1.807000,0
20091125 234800,1.807100,1.807100,1.806600,1.806800,0
20091125 234900,1.806900,1.807200,1.806700,1.807200,0
20091125 235000,1.807300,1.807600,1.807300,1.807600,0
20091125 235100,1.807300,1.807400,1.807000,1.807300,0
20091125 235200,1.807400,1.807700,1.807100,1.807100,0
20091125 235300,1.807000,1.807100,1.806800,1.806900,0
20091125 235400,1.806900,1.807100,1.806600,1.806700,0
20091125 235500,1.806800,1.806900,1.806300,1.806900,0
20091125 235600,1.807000,1.808100,1.806800,1.807300,0
20091125 235700,1.807800,1.807800,1.806900,1.807300,0
20091125 235800,1.807700,1.807700,1.806800,1.806800,0
20091125 235900,1.806700,1.807500,1.806400,1.807500,0
