20141020 000000,1.835780,1.835840,1.835730,1.835840,0
20141020 000100,1.835780,1.835910,1.835680,1.835720,0
20141020 000200,1.835740,1.835940,1.835740,1.835910,0
20141020 000300,1.835890,1.835910,1.835750,1.835880,0
20141020 000400,1.835840,1.835970,1.835800,1.835900,0
20141020 000500,1.835870,1.835870,1.835650,1.835650,0
20141020 000600,1.835630,1.835730,1.835510,1.835730,0
20141020 000700,1.835770,1.835820,1.835730,1.835730,0
20141020 000800,1.835810,1.835920,1.835550,1.835550,0
20141020 000900,1.835590,1.835940,1.835510,1.835940,0
20141020 001000,1.835910,1.836230,1.835910,1.836030,0
20141020 001100,1.836070,1.836370,1.836070,1.836320,0
20141020 001200,1.836350,1.836350,1.836090,1.836200,0
20141020 001300,1.836230,1.836230,1.836040,1.836060,0
20141020 001400,1.836030,1.836170,1.836030,1.836170,0
20141020 001500,1.836150,1.836150,1.836010,1.836020,0
20141020 001600,1.835900,1.835900,1.835760,1.835810,0
20141020 001700,1.835760,1.836460,1.835740,1.836430,0
20141020 001800,1.836480,1.836560,1.836140,1.836460,0
20141020 001900,1.836480,1.836480,1.836440,1.836460,0
20141020 002000,1.836430,1.836510,1.836240,1.836400,0
20141020 002100,1.836410,1.836410,1.836250,1.836280,0
20141020 002200,1.836240,1.836240,1.835910,1.835910,0
20141020 002300,1.835980,1.836170,1.835980,1.836060,0
20141020 002400,1.836060,1.836070,1.835800,1.835800,0
20141020 002500,1.835770,1.835800,1.835380,1.835450,0
20141020 002600,1.835430,1.835650,1.835420,1.835650,0
20141020 002700,1.835660,1.835900,1.835660,1.835880,0
20141020 002800,1.835870,1.835870,1.835780,1.835800,0
20141020 002900,1.835780,1.835930,1.835700,1.835740,0
20141020 003000,1.835750,1.835750,1.835690,1.835690,0
20141020 003100,1.835750,1.835810,1.835690,1.835700,0
20141020 003200,1.835650,1.835650,1.835650,1.835650,0
20141020 003300,1.835650,1.835780,1.835570,1.835780,0
20141020 003400,1.835760,1.835810,1.835720,1.835810,0
20141020 003500,1.835840,1.835840,1.835820,1.835820,0
20141020 003600,1.835820,1.835820,1.835740,1.835740,0
20141020 003700,1.835740,1.835830,1.835740,1.835810,0
20141020 003800,1.835810,1.835810,1.835710,1.835740,0
20141020 003900,1.835710,1.835710,1.835470,1.835470,0
20141020 004000,1.835430,1.835680,1.835420,1.835680,0
20141020 004100,1.835670,1.835720,1.835670,1.835720,0
20141020 004200,1.835700,1.836130,1.835670,1.836070,0
20141020 004300,1.836070,1.836450,1.836070,1.836380,0
20141020 004400,1.836340,1.836340,1.836150,1.836150,0
20141020 004500,1.836150,1.836150,1.835840,1.835840,0
20141020 004600,1.835880,1.836000,1.835700,1.835790,0
20141020 004700,1.835760,1.836040,1.835760,1.835970,0
20141020 004800,1.836000,1.836030,1.835950,1.836030,0
20141020 004900,1.836050,1.836110,1.835820,1.835840,0
20141020 005000,1.835780,1.835840,1.835780,1.835810,0
20141020 005100,1.835760,1.835840,1.835650,1.835730,0
20141020 005200,1.835700,1.835900,1.835700,1.835700,0
20141020 005300,1.835730,1.835780,1.835530,1.835530,0
20141020 005400,1.835500,1.835750,1.835500,1.835530,0
20141020 005500,1.835590,1.835710,1.835500,1.835560,0
20141020 005600,1.835600,1.835600,1.835230,1.835230,0
20141020 005700,1.835250,1.835650,1.835250,1.835610,0
20141020 005800,1.835620,1.835640,1.835620,1.835640,0
20141020 005900,1.835670,1.835970,1.835670,1.835950,0
20141020 010000,1.835950,1.835980,1.835690,1.835850,0
20141020 010100,1.835800,1.836030,1.835800,1.835900,0
20141020 010200,1.835960,1.836190,1.835940,1.836150,0
20141020 010300,1.836170,1.836170,1.835810,1.835810,0
20141020 010400,1.835840,1.835910,1.835840,1.835900,0
20141020 010500,1.835920,1.836160,1.835920,1.836120,0
20141020 010600,1.836150,1.836350,1.835930,1.835930,0
20141020 010700,1.835980,1.836010,1.835810,1.835810,0
20141020 010800,1.835790,1.836090,1.835790,1.835970,0
20141020 010900,1.836000,1.836140,1.835980,1.836040,0
20141020 011000,1.835990,1.836310,1.835990,1.836310,0
20141020 011100,1.836220,1.836290,1.836110,1.836210,0
20141020 011200,1.836240,1.836420,1.836240,1.836420,0
20141020 011300,1.836360,1.836360,1.835670,1.835670,0
20141020 011400,1.835600,1.835780,1.835320,1.835650,0
20141020 011500,1.835680,1.835710,1.835590,1.835650,0
20141020 011600,1.835600,1.835600,1.835530,1.835530,0
20141020 011700,1.835540,1.835740,1.835540,1.835700,0
20141020 011800,1.835730,1.835730,1.835540,1.835540,0
20141020 011900,1.835550,1.835650,1.835550,1.835650,0
20141020 012000,1.835740,1.835770,1.835610,1.835640,0
20141020 012100,1.835580,1.835630,1.835370,1.835370,0
20141020 012200,1.835400,1.835820,1.835400,1.835810,0
20141020 012300,1.835900,1.836030,1.835830,1.835870,0
20141020 012400,1.835900,1.835990,1.835820,1.835990,0
20141020 012500,1.835970,1.835980,1.835890,1.835890,0
20141020 012600,1.835890,1.836030,1.835890,1.835960,0
20141020 012700,1.835960,1.836060,1.835940,1.836000,0
20141020 012800,1.836020,1.836200,1.835970,1.836070,0
20141020 012900,1.835990,1.836130,1.835990,1.836050,0
20141020 013000,1.836150,1.836200,1.835720,1.835740,0
20141020 013100,1.835710,1.835710,1.835520,1.835560,0
20141020 013200,1.835540,1.835570,1.835530,1.835570,0
20141020 013300,1.835540,1.835720,1.835540,1.835690,0
20141020 013400,1.835700,1.835710,1.835670,1.835710,0
20141020 013500,1.835680,1.835680,1.835530,1.835530,0
20141020 013600,1.835550,1.835590,1.835510,1.835580,0
20141020 013700,1.835610,1.835620,1.835570,1.835570,0
20141020 013800,1.835590,1.835600,1.835550,1.835600,0
20141020 013900,1.835570,1.835570,1.835550,1.835550,0
20141020 014000,1.835520,1.835800,1.835520,1.835780,0
20141020 014100,1.835820,1.835820,1.835750,1.835750,0
20141020 014200,1.835740,1.835750,1.835710,1.835730,0
20141020 014300,1.835770,1.835830,1.835700,1.835700,0
20141020 014400,1.835710,1.835730,1.835700,1.835700,0
20141020 014500,1.835730,1.836010,1.835700,1.836010,0
20141020 014600,1.836030,1.836030,1.835850,1.835890,0
20141020 014700,1.835870,1.836090,1.835870,1.836090,0
20141020 014800,1.836090,1.836090,1.836010,1.836010,0
20141020 014900,1.836000,1.836070,1.835780,1.835780,0
20141020 015000,1.835770,1.835810,1.835650,1.835810,0
20141020 015100,1.835780,1.835780,1.835640,1.835740,0
20141020 015200,1.835760,1.836020,1.835480,1.835990,0
20141020 015300,1.835990,1.835990,1.835620,1.835850,0
20141020 015400,1.835850,1.836090,1.835850,1.835950,0
20141020 015500,1.835990,1.835990,1.835720,1.835820,0
20141020 015600,1.835810,1.836030,1.835810,1.835920,0
20141020 015700,1.836030,1.836100,1.835860,1.835890,0
20141020 015800,1.836010,1.836010,1.835830,1.835860,0
20141020 015900,1.835850,1.835860,1.835650,1.835700,0
20141020 020000,1.835670,1.835840,1.835600,1.835790,0
20141020 020100,1.835790,1.835830,1.835740,1.835830,0
20141020 020200,1.835810,1.835910,1.835780,1.835780,0
20141020 020300,1.835780,1.835950,1.835780,1.835790,0
20141020 020400,1.835790,1.835880,1.835730,1.835880,0
20141020 020500,1.835880,1.836140,1.835830,1.836130,0
20141020 020600,1.836170,1.836200,1.836140,1.836140,0
20141020 020700,1.836170,1.836180,1.836030,1.836150,0
20141020 020800,1.836170,1.836360,1.836150,1.836360,0
20141020 020900,1.836390,1.836610,1.836380,1.836510,0
20141020 021000,1.836510,1.837050,1.836480,1.837050,0
20141020 021100,1.837050,1.838060,1.837050,1.837670,0
20141020 021200,1.837690,1.838170,1.837560,1.838170,0
20141020 021300,1.838320,1.838370,1.837660,1.838100,0
20141020 021400,1.838080,1.838190,1.837830,1.837830,0
20141020 021500,1.837840,1.837970,1.837590,1.837600,0
20141020 021600,1.837580,1.837580,1.837340,1.837440,0
20141020 021700,1.837300,1.837300,1.837010,1.837030,0
20141020 021800,1.837010,1.837380,1.837010,1.837380,0
20141020 021900,1.837470,1.837560,1.837340,1.837390,0
20141020 022000,1.837390,1.837610,1.837380,1.837500,0
20141020 022100,1.837490,1.837880,1.837250,1.837350,0
20141020 022200,1.837330,1.837570,1.837330,1.837360,0
20141020 022300,1.837350,1.837360,1.836900,1.836900,0
20141020 022400,1.836920,1.837210,1.836680,1.837210,0
20141020 022500,1.837230,1.837230,1.836450,1.836740,0
20141020 022600,1.836740,1.836890,1.836420,1.836420,0
20141020 022700,1.836400,1.836540,1.836300,1.836430,0
20141020 022800,1.836460,1.836950,1.836460,1.836670,0
20141020 022900,1.836650,1.836650,1.836360,1.836380,0
20141020 023000,1.836390,1.836450,1.836290,1.836340,0
20141020 023100,1.836320,1.836790,1.836150,1.836710,0
20141020 023200,1.836700,1.836700,1.836470,1.836530,0
20141020 023300,1.836530,1.837290,1.836530,1.837220,0
20141020 023400,1.837270,1.837290,1.836670,1.836840,0
20141020 023500,1.836840,1.836980,1.836720,1.836860,0
20141020 023600,1.836880,1.837160,1.836820,1.836880,0
20141020 023700,1.836860,1.837030,1.836830,1.837010,0
20141020 023800,1.836940,1.837480,1.836900,1.837430,0
20141020 023900,1.837470,1.837670,1.837420,1.837650,0
20141020 024000,1.837670,1.837840,1.837650,1.837660,0
20141020 024100,1.837680,1.838120,1.837630,1.838120,0
20141020 024200,1.838120,1.838350,1.838060,1.838230,0
20141020 024300,1.838210,1.838290,1.838130,1.838260,0
20141020 024400,1.838280,1.838390,1.838270,1.838350,0
20141020 024500,1.838370,1.838380,1.838170,1.838200,0
20141020 024600,1.838240,1.838240,1.837790,1.837860,0
20141020 024700,1.837840,1.837880,1.837530,1.837530,0
20141020 024800,1.837510,1.837870,1.837410,1.837800,0
20141020 024900,1.837820,1.838040,1.837710,1.837940,0
20141020 025000,1.837900,1.838450,1.837900,1.838380,0
20141020 025100,1.838460,1.838460,1.838120,1.838140,0
20141020 025200,1.838160,1.838290,1.837950,1.838030,0
20141020 025300,1.838070,1.838320,1.837650,1.837790,0
20141020 025400,1.837750,1.837930,1.837680,1.837840,0
20141020 025500,1.837810,1.837890,1.837510,1.837800,0
20141020 025600,1.837780,1.837780,1.837170,1.837400,0
20141020 025700,1.837380,1.837410,1.837260,1.837330,0
20141020 025800,1.837300,1.837300,1.836560,1.836560,0
20141020 025900,1.836550,1.836580,1.836370,1.836370,0
20141020 030000,1.836420,1.836900,1.836370,1.836850,0
20141020 030100,1.836800,1.837090,1.836750,1.837070,0
20141020 030200,1.837070,1.837240,1.836870,1.837170,0
20141020 030300,1.837140,1.837430,1.837080,1.837380,0
20141020 030400,1.837330,1.837650,1.837330,1.837410,0
20141020 030500,1.837410,1.837410,1.837000,1.837140,0
20141020 030600,1.837090,1.837370,1.836910,1.837340,0
20141020 030700,1.837380,1.837550,1.837150,1.837440,0
20141020 030800,1.837440,1.837640,1.837430,1.837520,0
20141020 030900,1.837530,1.837980,1.837310,1.837350,0
20141020 031000,1.837320,1.837750,1.837280,1.837580,0
20141020 031100,1.837660,1.838410,1.837660,1.838410,0
20141020 031200,1.838370,1.838590,1.838170,1.838310,0
20141020 031300,1.838390,1.838550,1.838190,1.838350,0
20141020 031400,1.838310,1.838620,1.838280,1.838590,0
20141020 031500,1.838630,1.838970,1.838500,1.838970,0
20141020 031600,1.838860,1.839090,1.838580,1.838600,0
20141020 031700,1.838610,1.838730,1.838530,1.838610,0
20141020 031800,1.838670,1.838900,1.838330,1.838400,0
20141020 031900,1.838380,1.838660,1.838180,1.838180,0
20141020 032000,1.838170,1.838170,1.837940,1.837940,0
20141020 032100,1.837950,1.838240,1.837800,1.837970,0
20141020 032200,1.837970,1.838530,1.837950,1.838530,0
20141020 032300,1.838530,1.838550,1.838000,1.838220,0
20141020 032400,1.838260,1.838320,1.837540,1.838320,0
20141020 032500,1.838250,1.838490,1.838030,1.838150,0
20141020 032600,1.838130,1.838370,1.838030,1.838220,0
20141020 032700,1.838170,1.838610,1.838170,1.838580,0
20141020 032800,1.838610,1.838640,1.838430,1.838430,0
20141020 032900,1.838460,1.838530,1.837840,1.837850,0
20141020 033000,1.837850,1.838020,1.837820,1.837960,0
20141020 033100,1.837930,1.838370,1.837930,1.838370,0
20141020 033200,1.838450,1.838560,1.838160,1.838210,0
20141020 033300,1.838190,1.838250,1.837970,1.838250,0
20141020 033400,1.838230,1.838230,1.837850,1.837850,0
20141020 033500,1.837860,1.837910,1.837670,1.837870,0
20141020 033600,1.837890,1.838010,1.837780,1.837900,0
20141020 033700,1.838000,1.838000,1.837350,1.837440,0
20141020 033800,1.837420,1.837740,1.837250,1.837550,0
20141020 033900,1.837530,1.837990,1.837450,1.837950,0
20141020 034000,1.837940,1.838280,1.837800,1.838280,0
20141020 034100,1.838260,1.838330,1.838170,1.838280,0
20141020 034200,1.838240,1.838440,1.838150,1.838200,0
20141020 034300,1.838140,1.838330,1.837860,1.838330,0
20141020 034400,1.838350,1.838560,1.838300,1.838560,0
20141020 034500,1.838560,1.838640,1.837970,1.838000,0
20141020 034600,1.838020,1.838130,1.837630,1.837630,0
20141020 034700,1.837680,1.837890,1.837600,1.837770,0
20141020 034800,1.837740,1.837880,1.837640,1.837770,0
20141020 034900,1.837740,1.838190,1.837490,1.838190,0
20141020 035000,1.838220,1.838530,1.838010,1.838530,0
20141020 035100,1.838480,1.838670,1.838240,1.838240,0
20141020 035200,1.838240,1.838620,1.837740,1.838100,0
20141020 035300,1.838080,1.838300,1.837900,1.837900,0
20141020 035400,1.837880,1.837890,1.837590,1.837670,0
20141020 035500,1.837650,1.837650,1.837400,1.837510,0
20141020 035600,1.837540,1.837860,1.837480,1.837510,0
20141020 035700,1.837470,1.838100,1.837310,1.837960,0
20141020 035800,1.837950,1.837950,1.837340,1.837500,0
20141020 035900,1.837560,1.838130,1.837550,1.838010,0
20141020 040000,1.837990,1.838390,1.837950,1.838220,0
20141020 040100,1.838230,1.838490,1.838020,1.838260,0
20141020 040200,1.838270,1.838640,1.838260,1.838590,0
20141020 040300,1.838620,1.838690,1.838080,1.838100,0
20141020 040400,1.838150,1.838360,1.837740,1.837830,0
20141020 040500,1.837750,1.838800,1.837700,1.838220,0
20141020 040600,1.838220,1.838400,1.838160,1.838190,0
20141020 040700,1.838220,1.838280,1.838080,1.838170,0
20141020 040800,1.838170,1.838170,1.837730,1.837850,0
20141020 040900,1.837870,1.838360,1.837840,1.838310,0
20141020 041000,1.838340,1.838400,1.838110,1.838200,0
20141020 041100,1.838250,1.838440,1.838170,1.838440,0
20141020 041200,1.838440,1.838970,1.838240,1.838910,0
20141020 041300,1.838880,1.839160,1.838680,1.838970,0
20141020 041400,1.838930,1.839210,1.838880,1.838990,0
20141020 041500,1.838960,1.839060,1.838750,1.838980,0
20141020 041600,1.838930,1.838930,1.838570,1.838610,0
20141020 041700,1.838580,1.838670,1.838370,1.838670,0
20141020 041800,1.838810,1.838810,1.837500,1.837970,0
20141020 041900,1.837980,1.838210,1.837870,1.838200,0
20141020 042000,1.838220,1.838470,1.838020,1.838470,0
20141020 042100,1.838500,1.838670,1.838500,1.838610,0
20141020 042200,1.838550,1.838640,1.837960,1.837960,0
20141020 042300,1.837940,1.838010,1.837670,1.838010,0
20141020 042400,1.838040,1.838240,1.838020,1.838180,0
20141020 042500,1.838160,1.838370,1.838100,1.838280,0
20141020 042600,1.838190,1.838230,1.837680,1.837910,0
20141020 042700,1.837910,1.838180,1.837910,1.838140,0
20141020 042800,1.838150,1.838590,1.838140,1.838460,0
20141020 042900,1.838440,1.838700,1.838440,1.838670,0
20141020 043000,1.838700,1.838750,1.838560,1.838700,0
20141020 043100,1.838700,1.838940,1.838680,1.838920,0
20141020 043200,1.838960,1.839000,1.838840,1.838900,0
20141020 043300,1.838920,1.838980,1.838730,1.838950,0
20141020 043400,1.839000,1.839080,1.838800,1.838880,0
20141020 043500,1.838950,1.839240,1.838850,1.838850,0
20141020 043600,1.838880,1.839480,1.838880,1.839420,0
20141020 043700,1.839420,1.839420,1.838750,1.838800,0
20141020 043800,1.838830,1.839150,1.838830,1.838940,0
20141020 043900,1.838920,1.838960,1.838590,1.838710,0
20141020 044000,1.838740,1.839140,1.838690,1.838800,0
20141020 044100,1.838800,1.838810,1.838650,1.838790,0
20141020 044200,1.838800,1.838890,1.838730,1.838760,0
20141020 044300,1.838770,1.838910,1.838510,1.838510,0
20141020 044400,1.838480,1.838550,1.838250,1.838350,0
20141020 044500,1.838350,1.838510,1.838250,1.838300,0
20141020 044600,1.838360,1.838610,1.838300,1.838600,0
20141020 044700,1.838600,1.838880,1.838600,1.838850,0
20141020 044800,1.838860,1.838900,1.838700,1.838900,0
20141020 044900,1.838950,1.839020,1.838810,1.839020,0
20141020 045000,1.839010,1.839290,1.839010,1.839120,0
20141020 045100,1.839240,1.840090,1.839190,1.839950,0
20141020 045200,1.839980,1.839990,1.839650,1.839780,0
20141020 045300,1.839680,1.839960,1.839480,1.839550,0
20141020 045400,1.839620,1.839910,1.839580,1.839800,0
20141020 045500,1.839790,1.840180,1.839790,1.840180,0
20141020 045600,1.840160,1.840160,1.839320,1.839320,0
20141020 045700,1.839230,1.839690,1.839210,1.839450,0
20141020 045800,1.839410,1.839790,1.839410,1.839680,0
20141020 045900,1.839680,1.840270,1.839680,1.840270,0
20141020 050000,1.840240,1.840400,1.839900,1.840090,0
20141020 050100,1.840030,1.840160,1.839760,1.839870,0
20141020 050200,1.840030,1.840370,1.839920,1.840270,0
20141020 050300,1.840300,1.840300,1.840120,1.840120,0
20141020 050400,1.840210,1.840300,1.840000,1.840020,0
20141020 050500,1.840000,1.840020,1.839630,1.839630,0
20141020 050600,1.839690,1.839720,1.839420,1.839560,0
20141020 050700,1.839590,1.839710,1.839520,1.839630,0
20141020 050800,1.839600,1.839600,1.839310,1.839390,0
20141020 050900,1.839360,1.839420,1.839170,1.839240,0
20141020 051000,1.839260,1.839550,1.839260,1.839550,0
20141020 051100,1.839530,1.839660,1.839490,1.839560,0
20141020 051200,1.839530,1.839550,1.839390,1.839470,0
20141020 051300,1.839500,1.839630,1.839250,1.839250,0
20141020 051400,1.839250,1.839620,1.839250,1.839560,0
20141020 051500,1.839560,1.839590,1.839150,1.839180,0
20141020 051600,1.839190,1.839230,1.838700,1.838710,0
20141020 051700,1.838730,1.838850,1.838640,1.838680,0
20141020 051800,1.838550,1.838550,1.838110,1.838110,0
20141020 051900,1.838090,1.838200,1.838040,1.838130,0
20141020 052000,1.838130,1.838210,1.837730,1.838180,0
20141020 052100,1.838140,1.838420,1.838140,1.838360,0
20141020 052200,1.838380,1.838770,1.838330,1.838350,0
20141020 052300,1.838360,1.839220,1.838360,1.838760,0
20141020 052400,1.838840,1.838840,1.838330,1.838330,0
20141020 052500,1.838290,1.838610,1.838240,1.838570,0
20141020 052600,1.838540,1.838640,1.838310,1.838610,0
20141020 052700,1.838700,1.838740,1.838610,1.838660,0
20141020 052800,1.838680,1.839030,1.838680,1.839030,0
20141020 052900,1.839010,1.839400,1.838810,1.839400,0
20141020 053000,1.839350,1.839350,1.838900,1.838920,0
20141020 053100,1.838870,1.839020,1.838560,1.838620,0
20141020 053200,1.838640,1.838790,1.838520,1.838750,0
20141020 053300,1.838790,1.838920,1.838730,1.838920,0
20141020 053400,1.838960,1.838960,1.838630,1.838790,0
20141020 053500,1.838760,1.838760,1.838140,1.838460,0
20141020 053600,1.838450,1.838580,1.838150,1.838230,0
20141020 053700,1.838320,1.838320,1.837980,1.838190,0
20141020 053800,1.838170,1.838320,1.838060,1.838320,0
20141020 053900,1.838330,1.838460,1.838280,1.838280,0
20141020 054000,1.838260,1.838500,1.838260,1.838270,0
20141020 054100,1.838230,1.838560,1.838220,1.838530,0
20141020 054200,1.838560,1.838560,1.838350,1.838350,0
20141020 054300,1.838380,1.838410,1.838210,1.838380,0
20141020 054400,1.838350,1.838630,1.838330,1.838380,0
20141020 054500,1.838330,1.839430,1.838260,1.839400,0
20141020 054600,1.839420,1.839800,1.839210,1.839410,0
20141020 054700,1.839430,1.839520,1.839360,1.839400,0
20141020 054800,1.839400,1.839600,1.839290,1.839510,0
20141020 054900,1.839510,1.839780,1.839510,1.839600,0
20141020 055000,1.839570,1.839960,1.839570,1.839930,0
20141020 055100,1.839950,1.840100,1.839810,1.840050,0
20141020 055200,1.839950,1.839950,1.839710,1.839810,0
20141020 055300,1.839770,1.839770,1.839630,1.839740,0
20141020 055400,1.839750,1.840210,1.839700,1.840180,0
20141020 055500,1.840200,1.840200,1.839780,1.839950,0
20141020 055600,1.839960,1.840100,1.839880,1.840070,0
20141020 055700,1.840050,1.840070,1.839880,1.839940,0
20141020 055800,1.839970,1.839970,1.839730,1.839730,0
20141020 055900,1.839680,1.839760,1.839390,1.839450,0
20141020 060000,1.839450,1.839500,1.838050,1.838500,0
20141020 060100,1.838580,1.839360,1.838470,1.839210,0
20141020 060200,1.839220,1.839260,1.838900,1.838930,0
20141020 060300,1.838890,1.838890,1.838400,1.838400,0
20141020 060400,1.838420,1.838420,1.838110,1.838110,0
20141020 060500,1.838140,1.838190,1.837870,1.837930,0
20141020 060600,1.837960,1.837970,1.837720,1.837720,0
20141020 060700,1.837690,1.837810,1.837500,1.837700,0
20141020 060800,1.837750,1.838010,1.837700,1.837950,0
20141020 060900,1.838060,1.838190,1.837880,1.837920,0
20141020 061000,1.837980,1.838530,1.837900,1.838390,0
20141020 061100,1.838390,1.839710,1.838390,1.839410,0
20141020 061200,1.839400,1.839520,1.839190,1.839190,0
20141020 061300,1.839210,1.839290,1.838850,1.838860,0
20141020 061400,1.838880,1.839020,1.838500,1.838500,0
20141020 061500,1.838500,1.838570,1.838290,1.838290,0
20141020 061600,1.838270,1.838470,1.838270,1.838430,0
20141020 061700,1.838410,1.838440,1.838300,1.838340,0
20141020 061800,1.838360,1.838520,1.838240,1.838300,0
20141020 061900,1.838340,1.838420,1.838090,1.838420,0
20141020 062000,1.838500,1.838500,1.837950,1.838180,0
20141020 062100,1.838210,1.838230,1.837790,1.837970,0
20141020 062200,1.837920,1.838030,1.837920,1.838000,0
20141020 062300,1.838140,1.838250,1.837970,1.838070,0
20141020 062400,1.838040,1.838390,1.838040,1.838330,0
20141020 062500,1.838300,1.838570,1.838050,1.838210,0
20141020 062600,1.838180,1.838650,1.838180,1.838630,0
20141020 062700,1.838670,1.839050,1.838670,1.839040,0
20141020 062800,1.839040,1.839290,1.838890,1.839090,0
20141020 062900,1.839110,1.839110,1.838840,1.838870,0
20141020 063000,1.838880,1.839070,1.838760,1.838940,0
20141020 063100,1.838960,1.839410,1.838720,1.839410,0
20141020 063200,1.839410,1.839450,1.839320,1.839450,0
20141020 063300,1.839450,1.839600,1.839370,1.839590,0
20141020 063400,1.839570,1.839820,1.839520,1.839710,0
20141020 063500,1.839680,1.839680,1.839520,1.839550,0
20141020 063600,1.839610,1.839770,1.839560,1.839750,0
20141020 063700,1.839770,1.839910,1.839420,1.839620,0
20141020 063800,1.839580,1.839600,1.839070,1.839240,0
20141020 063900,1.839270,1.839600,1.839270,1.839510,0
20141020 064000,1.839480,1.840050,1.839480,1.840020,0
20141020 064100,1.840020,1.840020,1.839590,1.839590,0
20141020 064200,1.839570,1.839570,1.839330,1.839350,0
20141020 064300,1.839350,1.839370,1.838980,1.839140,0
20141020 064400,1.839160,1.839270,1.839080,1.839080,0
20141020 064500,1.839190,1.839410,1.839180,1.839410,0
20141020 064600,1.839380,1.839600,1.839170,1.839600,0
20141020 064700,1.839570,1.840030,1.839570,1.839960,0
20141020 064800,1.840000,1.840080,1.839450,1.839450,0
20141020 064900,1.839450,1.839680,1.839340,1.839470,0
20141020 065000,1.839470,1.839830,1.839470,1.839830,0
20141020 065100,1.839790,1.840110,1.839680,1.839770,0
20141020 065200,1.839740,1.839790,1.839580,1.839680,0
20141020 065300,1.839660,1.839660,1.839500,1.839570,0
20141020 065400,1.839540,1.840070,1.839540,1.840000,0
20141020 065500,1.840000,1.840000,1.839470,1.839740,0
20141020 065600,1.839720,1.839850,1.839410,1.839410,0
20141020 065700,1.839510,1.839660,1.839470,1.839490,0
20141020 065800,1.839410,1.840040,1.839350,1.840000,0
20141020 065900,1.839970,1.840200,1.839850,1.839850,0
20141020 070000,1.839880,1.840700,1.839880,1.840530,0
20141020 070100,1.840530,1.840750,1.840000,1.840060,0
20141020 070200,1.840040,1.840200,1.839970,1.840200,0
20141020 070300,1.840230,1.840380,1.840200,1.840340,0
20141020 070400,1.840310,1.840340,1.840010,1.840150,0
20141020 070500,1.840250,1.840480,1.840140,1.840390,0
20141020 070600,1.840370,1.840890,1.840320,1.840840,0
20141020 070700,1.840890,1.841290,1.840890,1.841240,0
20141020 070800,1.841240,1.841240,1.840610,1.840920,0
20141020 070900,1.840940,1.841050,1.840680,1.840710,0
20141020 071000,1.840600,1.840660,1.840240,1.840340,0
20141020 071100,1.840360,1.840410,1.840110,1.840210,0
20141020 071200,1.840180,1.840350,1.840010,1.840350,0
20141020 071300,1.840330,1.840460,1.840070,1.840460,0
20141020 071400,1.840450,1.840640,1.840390,1.840570,0
20141020 071500,1.840590,1.840750,1.840450,1.840720,0
20141020 071600,1.840740,1.840850,1.840570,1.840780,0
20141020 071700,1.840800,1.841170,1.840800,1.840850,0
20141020 071800,1.840870,1.841110,1.840740,1.840990,0
20141020 071900,1.840990,1.841020,1.840630,1.840630,0
20141020 072000,1.840670,1.840770,1.840170,1.840720,0
20141020 072100,1.840690,1.840980,1.840610,1.840980,0
20141020 072200,1.840960,1.840970,1.840640,1.840670,0
20141020 072300,1.840670,1.840930,1.840640,1.840650,0
20141020 072400,1.840620,1.841000,1.840620,1.840880,0
20141020 072500,1.840850,1.841020,1.840560,1.840650,0
20141020 072600,1.840620,1.840670,1.840420,1.840420,0
20141020 072700,1.840450,1.840730,1.840450,1.840730,0
20141020 072800,1.840690,1.840720,1.840600,1.840630,0
20141020 072900,1.840660,1.840730,1.840520,1.840590,0
20141020 073000,1.840600,1.840750,1.840600,1.840680,0
20141020 073100,1.840700,1.840710,1.840510,1.840560,0
20141020 073200,1.840590,1.840670,1.840480,1.840530,0
20141020 073300,1.840510,1.840530,1.840450,1.840510,0
20141020 073400,1.840500,1.840670,1.840460,1.840600,0
20141020 073500,1.840560,1.840580,1.840360,1.840380,0
20141020 073600,1.840410,1.840540,1.840370,1.840500,0
20141020 073700,1.840480,1.840560,1.840390,1.840550,0
20141020 073800,1.840580,1.840650,1.840400,1.840400,0
20141020 073900,1.840500,1.840690,1.840460,1.840650,0
20141020 074000,1.840670,1.841000,1.840670,1.840910,0
20141020 074100,1.840890,1.840920,1.840540,1.840720,0
20141020 074200,1.840690,1.840690,1.840200,1.840340,0
20141020 074300,1.840420,1.840600,1.840310,1.840350,0
20141020 074400,1.840340,1.840770,1.840250,1.840770,0
20141020 074500,1.840790,1.840790,1.840490,1.840500,0
20141020 074600,1.840490,1.840490,1.840110,1.840300,0
20141020 074700,1.840300,1.840400,1.840180,1.840230,0
20141020 074800,1.840200,1.840210,1.840050,1.840050,0
20141020 074900,1.840080,1.840200,1.840040,1.840090,0
20141020 075000,1.840160,1.840200,1.840020,1.840020,0
20141020 075100,1.840000,1.840220,1.839860,1.840220,0
20141020 075200,1.840250,1.840250,1.840130,1.840130,0
20141020 075300,1.840150,1.840290,1.840010,1.840020,0
20141020 075400,1.840010,1.840260,1.840010,1.840210,0
20141020 075500,1.840230,1.840510,1.840230,1.840410,0
20141020 075600,1.840410,1.840490,1.840280,1.840310,0
20141020 075700,1.840380,1.840480,1.840380,1.840430,0
20141020 075800,1.840440,1.840440,1.840350,1.840440,0
20141020 075900,1.840420,1.840460,1.839900,1.839900,0
20141020 080000,1.839950,1.839970,1.839750,1.839880,0
20141020 080100,1.839880,1.839930,1.839780,1.839930,0
20141020 080200,1.839970,1.839970,1.839970,1.839970,0
20141020 080300,1.840020,1.840170,1.839840,1.839990,0
20141020 080400,1.839970,1.839990,1.839760,1.839850,0
20141020 080500,1.839880,1.839890,1.839660,1.839750,0
20141020 080600,1.839780,1.839980,1.839700,1.839950,0
20141020 080700,1.839930,1.840000,1.839830,1.839980,0
20141020 080800,1.840010,1.840160,1.839630,1.839630,0
20141020 080900,1.839650,1.839760,1.839650,1.839660,0
20141020 081000,1.839670,1.839990,1.839480,1.839950,0
20141020 081100,1.839950,1.840600,1.839950,1.840510,0
20141020 081200,1.840510,1.840510,1.840090,1.840090,0
20141020 081300,1.840070,1.840100,1.839800,1.840020,0
20141020 081400,1.840040,1.840070,1.839670,1.839700,0
20141020 081500,1.839680,1.839710,1.839260,1.839550,0
20141020 081600,1.839550,1.839680,1.839320,1.839410,0
20141020 081700,1.839430,1.839510,1.838910,1.839040,0
20141020 081800,1.839070,1.839310,1.839050,1.839270,0
20141020 081900,1.839300,1.839440,1.839070,1.839190,0
20141020 082000,1.839220,1.839610,1.839220,1.839610,0
20141020 082100,1.839640,1.839640,1.839330,1.839430,0
20141020 082200,1.839430,1.839720,1.839320,1.839450,0
20141020 082300,1.839490,1.839610,1.839200,1.839310,0
20141020 082400,1.839340,1.839630,1.839310,1.839350,0
20141020 082500,1.839400,1.839460,1.839190,1.839300,0
20141020 082600,1.839310,1.839660,1.839310,1.839420,0
20141020 082700,1.839370,1.839550,1.839360,1.839490,0
20141020 082800,1.839440,1.839460,1.839350,1.839460,0
20141020 082900,1.839430,1.839430,1.839050,1.839250,0
20141020 083000,1.839270,1.839570,1.839110,1.839360,0
20141020 083100,1.839300,1.839760,1.839300,1.839730,0
20141020 083200,1.839700,1.839770,1.839540,1.839590,0
20141020 083300,1.839610,1.839730,1.839540,1.839650,0
20141020 083400,1.839620,1.839840,1.839610,1.839840,0
20141020 083500,1.839810,1.839810,1.839540,1.839750,0
20141020 083600,1.839710,1.839740,1.838670,1.838770,0
20141020 083700,1.838740,1.838860,1.838710,1.838800,0
20141020 083800,1.838800,1.839150,1.838780,1.839070,0
20141020 083900,1.839100,1.839350,1.838950,1.838980,0
20141020 084000,1.838950,1.839160,1.838950,1.839120,0
20141020 084100,1.839100,1.839200,1.838890,1.838900,0
20141020 084200,1.838890,1.839410,1.838890,1.839230,0
20141020 084300,1.839220,1.839580,1.839130,1.839540,0
20141020 084400,1.839540,1.839840,1.839440,1.839740,0
20141020 084500,1.839740,1.839970,1.839660,1.839860,0
20141020 084600,1.839870,1.839980,1.839810,1.839910,0
20141020 084700,1.839970,1.839990,1.839500,1.839500,0
20141020 084800,1.839480,1.839720,1.839460,1.839580,0
20141020 084900,1.839650,1.839760,1.839570,1.839570,0
20141020 085000,1.839570,1.839570,1.839180,1.839530,0
20141020 085100,1.839510,1.839510,1.839070,1.839070,0
20141020 085200,1.839040,1.839410,1.838960,1.839410,0
20141020 085300,1.839410,1.839440,1.839210,1.839230,0
20141020 085400,1.839250,1.839790,1.839210,1.839660,0
20141020 085500,1.839690,1.839930,1.839690,1.839930,0
20141020 085600,1.839860,1.840240,1.839860,1.840090,0
20141020 085700,1.840090,1.840120,1.839820,1.839820,0
20141020 085800,1.839800,1.839800,1.839310,1.839540,0
20141020 085900,1.839570,1.839590,1.839230,1.839450,0
20141020 090000,1.839370,1.839470,1.839130,1.839290,0
20141020 090100,1.839150,1.839590,1.839150,1.839570,0
20141020 090200,1.839570,1.839890,1.839510,1.839760,0
20141020 090300,1.839780,1.840020,1.839470,1.839550,0
20141020 090400,1.839600,1.839600,1.839060,1.839140,0
20141020 090500,1.839140,1.839350,1.838770,1.838950,0
20141020 090600,1.838920,1.839500,1.838920,1.839320,0
20141020 090700,1.839360,1.839760,1.839360,1.839700,0
20141020 090800,1.839710,1.839770,1.839190,1.839290,0
20141020 090900,1.839260,1.839260,1.839050,1.839100,0
20141020 091000,1.839080,1.839300,1.839080,1.839240,0
20141020 091100,1.839210,1.839600,1.839180,1.839500,0
20141020 091200,1.839470,1.839470,1.838820,1.838870,0
20141020 091300,1.838790,1.838820,1.838200,1.838370,0
20141020 091400,1.838380,1.838920,1.838330,1.838410,0
20141020 091500,1.838390,1.838470,1.837760,1.837760,0
20141020 091600,1.837750,1.837760,1.837420,1.837590,0
20141020 091700,1.837590,1.837590,1.837230,1.837250,0
20141020 091800,1.837280,1.838030,1.837280,1.837920,0
20141020 091900,1.837940,1.837980,1.837090,1.837090,0
20141020 092000,1.837190,1.837300,1.836890,1.837090,0
20141020 092100,1.837070,1.837660,1.836990,1.837260,0
20141020 092200,1.837270,1.838490,1.837270,1.838490,0
20141020 092300,1.838590,1.838920,1.838310,1.838750,0
20141020 092400,1.838730,1.838900,1.838510,1.838510,0
20141020 092500,1.838600,1.838660,1.838280,1.838490,0
20141020 092600,1.838520,1.838800,1.838520,1.838560,0
20141020 092700,1.838510,1.838530,1.838120,1.838130,0
20141020 092800,1.838100,1.838430,1.838090,1.838340,0
20141020 092900,1.838370,1.838600,1.838250,1.838510,0
20141020 093000,1.838530,1.838660,1.838260,1.838260,0
20141020 093100,1.838290,1.838360,1.837830,1.838290,0
20141020 093200,1.838290,1.839130,1.838250,1.838520,0
20141020 093300,1.838520,1.838730,1.838140,1.838140,0
20141020 093400,1.838240,1.838280,1.837840,1.838220,0
20141020 093500,1.838240,1.838400,1.838200,1.838270,0
20141020 093600,1.838220,1.838390,1.838020,1.838280,0
20141020 093700,1.838280,1.838420,1.837850,1.838240,0
20141020 093800,1.838260,1.838260,1.837780,1.838030,0
20141020 093900,1.838010,1.838210,1.837880,1.837950,0
20141020 094000,1.837960,1.838040,1.837240,1.837300,0
20141020 094100,1.837300,1.837770,1.837300,1.837650,0
20141020 094200,1.837660,1.838050,1.837630,1.838050,0
20141020 094300,1.838020,1.838410,1.837570,1.837570,0
20141020 094400,1.837540,1.837930,1.837540,1.837840,0
20141020 094500,1.837890,1.838120,1.837730,1.838080,0
20141020 094600,1.838140,1.838210,1.837940,1.838020,0
20141020 094700,1.838050,1.838350,1.838000,1.838190,0
20141020 094800,1.838170,1.838250,1.838050,1.838160,0
20141020 094900,1.838130,1.838160,1.837600,1.837600,0
20141020 095000,1.837620,1.837720,1.837500,1.837600,0
20141020 095100,1.837580,1.837640,1.837350,1.837640,0
20141020 095200,1.837560,1.837880,1.837560,1.837720,0
20141020 095300,1.837750,1.838210,1.837750,1.838050,0
20141020 095400,1.838010,1.838210,1.837860,1.838100,0
20141020 095500,1.838070,1.838230,1.837990,1.838120,0
20141020 095600,1.838120,1.838450,1.837730,1.837730,0
20141020 095700,1.837710,1.838120,1.837710,1.837740,0
20141020 095800,1.837810,1.837810,1.837540,1.837540,0
20141020 095900,1.837510,1.837540,1.837150,1.837230,0
20141020 100000,1.837200,1.837450,1.836860,1.837100,0
20141020 100100,1.837160,1.837430,1.837110,1.837340,0
20141020 100200,1.837300,1.837400,1.836630,1.836630,0
20141020 100300,1.836630,1.836700,1.836130,1.836130,0
20141020 100400,1.836130,1.836150,1.835390,1.835670,0
20141020 100500,1.835690,1.835690,1.835390,1.835620,0
20141020 100600,1.835660,1.835700,1.835360,1.835700,0
20141020 100700,1.835710,1.835940,1.835710,1.835940,0
20141020 100800,1.835940,1.836290,1.834900,1.835260,0
20141020 100900,1.835260,1.835690,1.835180,1.835480,0
20141020 101000,1.835480,1.835530,1.834850,1.834970,0
20141020 101100,1.835060,1.835330,1.834750,1.835330,0
20141020 101200,1.835310,1.835540,1.835220,1.835440,0
20141020 101300,1.835470,1.835510,1.835000,1.835160,0
20141020 101400,1.835140,1.835240,1.834890,1.835190,0
20141020 101500,1.835210,1.835540,1.835150,1.835160,0
20141020 101600,1.835180,1.835580,1.835180,1.835560,0
20141020 101700,1.835580,1.835780,1.835270,1.835270,0
20141020 101800,1.835280,1.835840,1.835080,1.835280,0
20141020 101900,1.835270,1.835560,1.835160,1.835280,0
20141020 102000,1.835300,1.835410,1.835160,1.835280,0
20141020 102100,1.835300,1.835340,1.834940,1.834940,0
20141020 102200,1.834970,1.834970,1.834620,1.834650,0
20141020 102300,1.834570,1.834980,1.834570,1.834900,0
20141020 102400,1.834850,1.835200,1.834760,1.834900,0
20141020 102500,1.834980,1.835420,1.834930,1.835420,0
20141020 102600,1.835450,1.835650,1.835350,1.835520,0
20141020 102700,1.835550,1.835870,1.835520,1.835680,0
20141020 102800,1.835710,1.836090,1.835650,1.836090,0
20141020 102900,1.836060,1.836070,1.835910,1.835910,0
20141020 103000,1.835890,1.835890,1.835520,1.835570,0
20141020 103100,1.835540,1.835660,1.835540,1.835570,0
20141020 103200,1.835590,1.835740,1.835160,1.835170,0
20141020 103300,1.835120,1.835140,1.834720,1.834810,0
20141020 103400,1.834810,1.835110,1.834770,1.835110,0
20141020 103500,1.835130,1.835430,1.835020,1.835430,0
20141020 103600,1.835400,1.836100,1.835380,1.836100,0
20141020 103700,1.836080,1.836320,1.835920,1.836110,0
20141020 103800,1.836130,1.836160,1.836090,1.836150,0
20141020 103900,1.836130,1.836310,1.836130,1.836150,0
20141020 104000,1.836120,1.836120,1.835700,1.835730,0
20141020 104100,1.835730,1.835970,1.835690,1.835730,0
20141020 104200,1.835750,1.835750,1.835160,1.835170,0
20141020 104300,1.835210,1.835500,1.835120,1.835470,0
20141020 104400,1.835470,1.835610,1.835340,1.835560,0
20141020 104500,1.835580,1.835810,1.835320,1.835320,0
20141020 104600,1.835270,1.835580,1.835240,1.835430,0
20141020 104700,1.835430,1.835430,1.835300,1.835300,0
20141020 104800,1.835320,1.835420,1.835000,1.835420,0
20141020 104900,1.835400,1.835650,1.835250,1.835650,0
20141020 105000,1.835650,1.836130,1.835650,1.836080,0
20141020 105100,1.836040,1.836080,1.835790,1.835850,0
20141020 105200,1.835820,1.835830,1.835550,1.835800,0
20141020 105300,1.835800,1.836450,1.835800,1.836390,0
20141020 105400,1.836420,1.836740,1.836400,1.836510,0
20141020 105500,1.836500,1.836670,1.836230,1.836300,0
20141020 105600,1.836330,1.836440,1.835730,1.835890,0
20141020 105700,1.835830,1.836000,1.835470,1.835970,0
20141020 105800,1.836000,1.836040,1.835690,1.835820,0
20141020 105900,1.835840,1.836580,1.835840,1.836510,0
20141020 110000,1.836350,1.836620,1.836260,1.836390,0
20141020 110100,1.836370,1.836640,1.836280,1.836540,0
20141020 110200,1.836550,1.836740,1.836380,1.836380,0
20141020 110300,1.836380,1.836810,1.836350,1.836610,0
20141020 110400,1.836590,1.837110,1.836590,1.837090,0
20141020 110500,1.837180,1.837250,1.836650,1.837040,0
20141020 110600,1.837060,1.837440,1.837020,1.837130,0
20141020 110700,1.837190,1.837260,1.836950,1.837010,0
20141020 110800,1.836980,1.836980,1.836610,1.836610,0
20141020 110900,1.836540,1.836630,1.836460,1.836530,0
20141020 111000,1.836510,1.836860,1.836390,1.836790,0
20141020 111100,1.836770,1.837120,1.836650,1.837010,0
20141020 111200,1.837010,1.837010,1.836810,1.836850,0
20141020 111300,1.836850,1.836850,1.836670,1.836710,0
20141020 111400,1.836750,1.836770,1.836620,1.836740,0
20141020 111500,1.836770,1.836770,1.836600,1.836610,0
20141020 111600,1.836580,1.836800,1.836550,1.836710,0
20141020 111700,1.836710,1.837200,1.836660,1.837040,0
20141020 111800,1.837040,1.837150,1.837040,1.837110,0
20141020 111900,1.837110,1.837310,1.837110,1.837270,0
20141020 112000,1.837300,1.837510,1.837100,1.837500,0
20141020 112100,1.837450,1.837450,1.837280,1.837300,0
20141020 112200,1.837280,1.837460,1.837280,1.837460,0
20141020 112300,1.837480,1.837480,1.837150,1.837150,0
20141020 112400,1.837170,1.837190,1.837060,1.837130,0
20141020 112500,1.837100,1.837130,1.836920,1.836980,0
20141020 112600,1.837000,1.837360,1.836910,1.837300,0
20141020 112700,1.837330,1.837770,1.837330,1.837710,0
20141020 112800,1.837690,1.837790,1.837520,1.837610,0
20141020 112900,1.837630,1.837720,1.837320,1.837370,0
20141020 113000,1.837430,1.837510,1.837420,1.837460,0
20141020 113100,1.837430,1.837500,1.837400,1.837500,0
20141020 113200,1.837520,1.837650,1.837430,1.837610,0
20141020 113300,1.837640,1.837710,1.837270,1.837270,0
20141020 113400,1.837250,1.837270,1.836970,1.836970,0
20141020 113500,1.837000,1.837210,1.836880,1.837130,0
20141020 113600,1.837100,1.837270,1.837100,1.837220,0
20141020 113700,1.837250,1.837320,1.836950,1.836950,0
20141020 113800,1.836980,1.837450,1.836980,1.837370,0
20141020 113900,1.837370,1.837690,1.837330,1.837690,0
20141020 114000,1.837720,1.837720,1.837120,1.837370,0
20141020 114100,1.837340,1.837550,1.837330,1.837330,0
20141020 114200,1.837290,1.837320,1.837250,1.837250,0
20141020 114300,1.837280,1.837520,1.836950,1.837360,0
20141020 114400,1.837420,1.837440,1.837270,1.837390,0
20141020 114500,1.837370,1.837470,1.837220,1.837320,0
20141020 114600,1.837340,1.837340,1.837010,1.837040,0
20141020 114700,1.837120,1.837330,1.837080,1.837190,0
20141020 114800,1.837190,1.837210,1.837160,1.837200,0
20141020 114900,1.837200,1.837200,1.836800,1.836800,0
20141020 115000,1.836900,1.836980,1.836900,1.836980,0
20141020 115100,1.837010,1.837080,1.836920,1.837040,0
20141020 115200,1.837010,1.837060,1.836960,1.836960,0
20141020 115300,1.836930,1.837070,1.836930,1.837070,0
20141020 115400,1.837040,1.837100,1.836940,1.836970,0
20141020 115500,1.836990,1.837210,1.836920,1.837210,0
20141020 115600,1.837210,1.837210,1.836980,1.837000,0
20141020 115700,1.837030,1.837060,1.836970,1.837000,0
20141020 115800,1.837040,1.837090,1.836870,1.836930,0
20141020 115900,1.836940,1.837000,1.836700,1.836830,0
20141020 120000,1.836830,1.836830,1.836700,1.836780,0
20141020 120100,1.836780,1.836850,1.836510,1.836600,0
20141020 120200,1.836630,1.836960,1.836630,1.836750,0
20141020 120300,1.836750,1.836960,1.836730,1.836910,0
20141020 120400,1.836880,1.836880,1.836430,1.836450,0
20141020 120500,1.836460,1.836830,1.836460,1.836830,0
20141020 120600,1.836830,1.836900,1.836740,1.836850,0
20141020 120700,1.836880,1.837050,1.836750,1.836750,0
20141020 120800,1.836850,1.836960,1.836830,1.836860,0
20141020 120900,1.836880,1.837070,1.836860,1.836950,0
20141020 121000,1.836940,1.836960,1.836660,1.836680,0
20141020 121100,1.836710,1.836830,1.836650,1.836670,0
20141020 121200,1.836640,1.836670,1.836620,1.836640,0
20141020 121300,1.836630,1.836880,1.836610,1.836630,0
20141020 121400,1.836660,1.836850,1.836660,1.836700,0
20141020 121500,1.836730,1.836860,1.836640,1.836640,0
20141020 121600,1.836720,1.836750,1.836450,1.836540,0
20141020 121700,1.836560,1.836580,1.836320,1.836350,0
20141020 121800,1.836320,1.836730,1.836280,1.836710,0
20141020 121900,1.836740,1.836740,1.836630,1.836630,0
20141020 122000,1.836650,1.836650,1.836490,1.836540,0
20141020 122100,1.836620,1.836890,1.836620,1.836880,0
20141020 122200,1.836900,1.837190,1.836880,1.837180,0
20141020 122300,1.837190,1.837250,1.837080,1.837080,0
20141020 122400,1.837100,1.837260,1.837080,1.837240,0
20141020 122500,1.837270,1.837480,1.837240,1.837400,0
20141020 122600,1.837400,1.837590,1.837310,1.837590,0
20141020 122700,1.837590,1.837740,1.837590,1.837720,0
20141020 122800,1.837650,1.837740,1.837650,1.837730,0
20141020 122900,1.837700,1.837700,1.837290,1.837310,0
20141020 123000,1.837310,1.837390,1.837120,1.837310,0
20141020 123100,1.837300,1.837690,1.837280,1.837690,0
20141020 123200,1.837690,1.837710,1.837300,1.837300,0
20141020 123300,1.837330,1.837360,1.837180,1.837290,0
20141020 123400,1.837320,1.837370,1.837320,1.837370,0
20141020 123500,1.837400,1.837610,1.837340,1.837610,0
20141020 123600,1.837580,1.837600,1.837550,1.837600,0
20141020 123700,1.837570,1.837610,1.837410,1.837410,0
20141020 123800,1.837380,1.837380,1.837240,1.837370,0
20141020 123900,1.837390,1.837470,1.836820,1.836820,0
20141020 124000,1.836800,1.836850,1.836630,1.836710,0
20141020 124100,1.836710,1.836900,1.836680,1.836750,0
20141020 124200,1.836720,1.836720,1.836510,1.836590,0
20141020 124300,1.836570,1.836630,1.836570,1.836600,0
20141020 124400,1.836580,1.836700,1.836490,1.836680,0
20141020 124500,1.836650,1.836890,1.836640,1.836880,0
20141020 124600,1.836900,1.836900,1.836880,1.836880,0
20141020 124700,1.836910,1.836990,1.836790,1.836930,0
20141020 124800,1.836950,1.836950,1.836920,1.836920,0
20141020 124900,1.837000,1.837670,1.837000,1.837430,0
20141020 125000,1.837380,1.837520,1.837320,1.837520,0
20141020 125100,1.837550,1.837550,1.837310,1.837370,0
20141020 125200,1.837400,1.837590,1.836920,1.837100,0
20141020 125300,1.837000,1.837230,1.836160,1.836160,0
20141020 125400,1.836130,1.836490,1.836110,1.836330,0
20141020 125500,1.836310,1.836540,1.836310,1.836540,0
20141020 125600,1.836510,1.836560,1.836180,1.836180,0
20141020 125700,1.836200,1.836290,1.836110,1.836230,0
20141020 125800,1.836380,1.836690,1.836230,1.836630,0
20141020 125900,1.836670,1.837190,1.836570,1.837110,0
20141020 130000,1.837090,1.837360,1.837010,1.837340,0
20141020 130100,1.837350,1.838230,1.837260,1.837980,0
20141020 130200,1.838000,1.838520,1.837900,1.838360,0
20141020 130300,1.838390,1.838550,1.838200,1.838360,0
20141020 130400,1.838280,1.838280,1.837770,1.837940,0
20141020 130500,1.837940,1.838110,1.837920,1.838110,0
20141020 130600,1.838140,1.838140,1.838000,1.838020,0
20141020 130700,1.838010,1.838010,1.837790,1.837810,0
20141020 130800,1.837840,1.838290,1.837840,1.838210,0
20141020 130900,1.838260,1.838400,1.838140,1.838140,0
20141020 131000,1.838130,1.838500,1.838130,1.838500,0
20141020 131100,1.838530,1.838530,1.838530,1.838530,0
20141020 131200,1.838500,1.838620,1.838420,1.838620,0
20141020 131300,1.838640,1.838690,1.838540,1.838640,0
20141020 131400,1.838680,1.838810,1.838660,1.838660,0
20141020 131500,1.838640,1.838640,1.838480,1.838590,0
20141020 131600,1.838570,1.838570,1.838120,1.838240,0
20141020 131700,1.838220,1.838220,1.838020,1.838020,0
20141020 131800,1.838030,1.838030,1.838010,1.838010,0
20141020 131900,1.837980,1.838100,1.837830,1.838000,0
20141020 132000,1.838000,1.838270,1.837960,1.838100,0
20141020 132100,1.838100,1.839210,1.838050,1.839170,0
20141020 132200,1.839150,1.839780,1.839110,1.839640,0
20141020 132300,1.839600,1.839710,1.839460,1.839460,0
20141020 132400,1.839430,1.839740,1.839430,1.839740,0
20141020 132500,1.839740,1.839740,1.839610,1.839630,0
20141020 132600,1.839650,1.839810,1.839630,1.839670,0
20141020 132700,1.839640,1.839770,1.839510,1.839680,0
20141020 132800,1.839690,1.839810,1.839580,1.839650,0
20141020 132900,1.839670,1.839750,1.839450,1.839700,0
20141020 133000,1.839720,1.839750,1.839500,1.839500,0
20141020 133100,1.839530,1.839680,1.839450,1.839640,0
20141020 133200,1.839610,1.839610,1.839210,1.839210,0
20141020 133300,1.839240,1.839400,1.839240,1.839270,0
20141020 133400,1.839300,1.839320,1.839120,1.839140,0
20141020 133500,1.839120,1.839160,1.839010,1.839060,0
20141020 133600,1.839040,1.839160,1.839040,1.839140,0
20141020 133700,1.839170,1.839170,1.838960,1.839150,0
20141020 133800,1.839170,1.839220,1.838890,1.839000,0
20141020 133900,1.838980,1.839050,1.838830,1.838930,0
20141020 134000,1.838930,1.839160,1.838870,1.839140,0
20141020 134100,1.839150,1.839540,1.839110,1.839500,0
20141020 134200,1.839530,1.839570,1.839300,1.839440,0
20141020 134300,1.839400,1.839490,1.839400,1.839480,0
20141020 134400,1.839450,1.839520,1.839260,1.839460,0
20141020 134500,1.839430,1.839460,1.839170,1.839170,0
20141020 134600,1.839150,1.839150,1.838880,1.839010,0
20141020 134700,1.838900,1.839120,1.838900,1.839070,0
20141020 134800,1.839070,1.839100,1.838990,1.839090,0
20141020 134900,1.839120,1.839120,1.839050,1.839070,0
20141020 135000,1.839090,1.839130,1.839070,1.839130,0
20141020 135100,1.839110,1.839240,1.839070,1.839240,0
20141020 135200,1.839240,1.839510,1.839220,1.839390,0
20141020 135300,1.839370,1.839730,1.839300,1.839730,0
20141020 135400,1.839700,1.839740,1.839430,1.839720,0
20141020 135500,1.839710,1.839750,1.839250,1.839360,0
20141020 135600,1.839390,1.839720,1.839320,1.839720,0
20141020 135700,1.839730,1.840090,1.839710,1.840080,0
20141020 135800,1.840040,1.840040,1.839980,1.839990,0
20141020 135900,1.839970,1.839970,1.839610,1.839860,0
20141020 140000,1.839810,1.839810,1.839580,1.839720,0
20141020 140100,1.839750,1.839810,1.839400,1.839420,0
20141020 140200,1.839410,1.839410,1.838910,1.838910,0
20141020 140300,1.838950,1.839280,1.838890,1.839250,0
20141020 140400,1.839250,1.839430,1.839200,1.839200,0
20141020 140500,1.839200,1.839240,1.838800,1.838800,0
20141020 140600,1.838770,1.838770,1.838670,1.838700,0
20141020 140700,1.838700,1.838900,1.838690,1.838880,0
20141020 140800,1.839010,1.839100,1.838960,1.838960,0
20141020 140900,1.838990,1.838990,1.838800,1.838820,0
20141020 141000,1.838850,1.839080,1.838820,1.838950,0
20141020 141100,1.838920,1.839210,1.838870,1.839210,0
20141020 141200,1.839060,1.839550,1.839060,1.839400,0
20141020 141300,1.839380,1.839580,1.839300,1.839470,0
20141020 141400,1.839590,1.839620,1.839180,1.839180,0
20141020 141500,1.839160,1.839330,1.839080,1.839270,0
20141020 141600,1.839260,1.839350,1.839240,1.839300,0
20141020 141700,1.839300,1.839300,1.839220,1.839220,0
20141020 141800,1.839250,1.839260,1.839210,1.839260,0
20141020 141900,1.838920,1.838920,1.838790,1.838870,0
20141020 142000,1.838840,1.838900,1.838790,1.838850,0
20141020 142100,1.838740,1.838840,1.838700,1.838840,0
20141020 142200,1.838870,1.839060,1.838820,1.839060,0
20141020 142300,1.838990,1.839050,1.838870,1.839030,0
20141020 142400,1.839080,1.839220,1.839070,1.839220,0
20141020 142500,1.839250,1.839320,1.839230,1.839320,0
20141020 142600,1.839350,1.839460,1.839240,1.839240,0
20141020 142700,1.839220,1.839310,1.839210,1.839310,0
20141020 142800,1.839340,1.839340,1.838900,1.838960,0
20141020 142900,1.839030,1.839100,1.838950,1.838960,0
20141020 143000,1.839080,1.839150,1.838940,1.839150,0
20141020 143100,1.839100,1.839100,1.838940,1.838960,0
20141020 143200,1.838990,1.839190,1.838990,1.839070,0
20141020 143300,1.839050,1.839050,1.838960,1.839020,0
20141020 143400,1.839110,1.839200,1.839110,1.839160,0
20141020 143500,1.839180,1.839200,1.839130,1.839140,0
20141020 143600,1.839170,1.839290,1.839170,1.839250,0
20141020 143700,1.839310,1.839310,1.839250,1.839250,0
20141020 143800,1.839260,1.839690,1.839200,1.839660,0
20141020 143900,1.839700,1.839830,1.839480,1.839830,0
20141020 144000,1.839830,1.839830,1.839450,1.839590,0
20141020 144100,1.839520,1.839520,1.839450,1.839470,0
20141020 144200,1.839400,1.839510,1.839370,1.839480,0
20141020 144300,1.839500,1.839750,1.839480,1.839650,0
20141020 144400,1.839720,1.839720,1.839650,1.839650,0
20141020 144500,1.839620,1.839620,1.839560,1.839600,0
20141020 144600,1.839730,1.839810,1.839590,1.839590,0
20141020 144700,1.839550,1.839560,1.839550,1.839560,0
20141020 144800,1.839550,1.839560,1.839540,1.839540,0
20141020 144900,1.839530,1.839580,1.839510,1.839510,0
20141020 145000,1.839470,1.839590,1.839440,1.839590,0
20141020 145100,1.839540,1.839540,1.839490,1.839490,0
20141020 145200,1.839490,1.839490,1.839450,1.839450,0
20141020 145300,1.839520,1.839520,1.839490,1.839520,0
20141020 145400,1.839480,1.839550,1.839470,1.839550,0
20141020 145500,1.839500,1.839710,1.839500,1.839700,0
20141020 145600,1.839660,1.839730,1.839630,1.839660,0
20141020 145700,1.839690,1.839690,1.839670,1.839670,0
20141020 145800,1.839690,1.839700,1.839500,1.839500,0
20141020 145900,1.839410,1.839450,1.839120,1.839170,0
20141020 150000,1.839200,1.839330,1.839090,1.839140,0
20141020 150100,1.839150,1.839370,1.839140,1.839370,0
20141020 150200,1.839340,1.839370,1.838880,1.839040,0
20141020 150300,1.839080,1.839080,1.839020,1.839060,0
20141020 150400,1.839040,1.839040,1.838820,1.838820,0
20141020 150500,1.838840,1.838910,1.838790,1.838910,0
20141020 150600,1.838890,1.838920,1.838700,1.838880,0
20141020 150700,1.838910,1.839040,1.838910,1.839010,0
20141020 150800,1.838990,1.839040,1.838050,1.838060,0
20141020 150900,1.838080,1.838250,1.838030,1.838120,0
20141020 151000,1.838130,1.838520,1.838130,1.838520,0
20141020 151100,1.838560,1.838600,1.838430,1.838480,0
20141020 151200,1.838500,1.838660,1.838400,1.838660,0
20141020 151300,1.838640,1.838920,1.838560,1.838910,0
20141020 151400,1.838940,1.839070,1.838710,1.838710,0
20141020 151500,1.838720,1.838850,1.838700,1.838850,0
20141020 151600,1.838800,1.838920,1.838800,1.838910,0
20141020 151700,1.838870,1.838870,1.838750,1.838870,0
20141020 151800,1.838900,1.839040,1.838900,1.838990,0
20141020 151900,1.839020,1.839090,1.839000,1.839050,0
20141020 152000,1.839010,1.839160,1.838950,1.839160,0
20141020 152100,1.839140,1.839140,1.838900,1.838930,0
20141020 152200,1.838890,1.838940,1.838740,1.838770,0
20141020 152300,1.838800,1.838900,1.838770,1.838900,0
20141020 152400,1.838870,1.839000,1.838870,1.838940,0
20141020 152500,1.839000,1.839050,1.838850,1.838850,0
20141020 152600,1.838890,1.838960,1.838710,1.838710,0
20141020 152700,1.838640,1.838680,1.838640,1.838680,0
20141020 152800,1.838660,1.838660,1.838300,1.838380,0
20141020 152900,1.838400,1.838400,1.837960,1.838230,0
20141020 153000,1.838300,1.838320,1.838230,1.838290,0
20141020 153100,1.838290,1.838290,1.838060,1.838060,0
20141020 153200,1.838120,1.838200,1.837950,1.837950,0
20141020 153300,1.837920,1.838270,1.837880,1.837950,0
20141020 153400,1.837970,1.838000,1.837720,1.838000,0
20141020 153500,1.837890,1.837890,1.837740,1.837810,0
20141020 153600,1.837790,1.837980,1.837790,1.837980,0
20141020 153700,1.837980,1.838030,1.837930,1.837930,0
20141020 153800,1.837980,1.838030,1.837860,1.837860,0
20141020 153900,1.837910,1.838090,1.837880,1.838090,0
20141020 154000,1.838070,1.838090,1.837900,1.838020,0
20141020 154100,1.838080,1.838360,1.838050,1.838260,0
20141020 154200,1.838220,1.838330,1.838100,1.838250,0
20141020 154300,1.838220,1.838280,1.838220,1.838280,0
20141020 154400,1.838280,1.838390,1.838220,1.838220,0
20141020 154500,1.838280,1.838450,1.838270,1.838320,0
20141020 154600,1.838380,1.838480,1.838350,1.838400,0
20141020 154700,1.838370,1.838480,1.838240,1.838240,0
20141020 154800,1.838270,1.838380,1.838270,1.838320,0
20141020 154900,1.838350,1.838350,1.838260,1.838290,0
20141020 155000,1.838260,1.838290,1.838020,1.838070,0
20141020 155100,1.838120,1.838420,1.838120,1.838390,0
20141020 155200,1.838370,1.838380,1.838210,1.838280,0
20141020 155300,1.838300,1.838360,1.838190,1.838360,0
20141020 155400,1.838300,1.838650,1.838260,1.838520,0
20141020 155500,1.838550,1.838800,1.838550,1.838800,0
20141020 155600,1.838800,1.838970,1.838660,1.838690,0
20141020 155700,1.838690,1.838720,1.838490,1.838620,0
20141020 155800,1.838590,1.838620,1.838560,1.838610,0
20141020 155900,1.838580,1.838580,1.838400,1.838470,0
20141020 160000,1.838450,1.838950,1.838450,1.838920,0
20141020 160100,1.838940,1.838960,1.838770,1.838780,0
20141020 160200,1.838800,1.838800,1.838750,1.838750,0
20141020 160300,1.838720,1.839190,1.838580,1.839190,0
20141020 160400,1.839160,1.839570,1.839150,1.839510,0
20141020 160500,1.839470,1.839560,1.839360,1.839440,0
20141020 160600,1.839490,1.839780,1.839490,1.839580,0
20141020 160700,1.839550,1.839900,1.839500,1.839850,0
20141020 160800,1.839850,1.839850,1.839670,1.839670,0
20141020 160900,1.839650,1.839700,1.839570,1.839700,0
20141020 161000,1.839670,1.839670,1.839570,1.839570,0
20141020 161100,1.839570,1.839600,1.839540,1.839570,0
20141020 161200,1.839530,1.839570,1.839500,1.839500,0
20141020 161300,1.839460,1.839750,1.839400,1.839750,0
20141020 161400,1.839700,1.839910,1.839700,1.839800,0
20141020 161500,1.839700,1.839700,1.839600,1.839600,0
20141020 161600,1.839600,1.839660,1.839420,1.839420,0
20141020 161700,1.839440,1.839440,1.838510,1.838510,0
20141020 161800,1.838540,1.838730,1.838540,1.838650,0
20141020 161900,1.838650,1.839310,1.838650,1.839290,0
20141020 162000,1.839270,1.839270,1.839200,1.839250,0
20141020 162100,1.839270,1.839300,1.839260,1.839260,0
20141020 162200,1.839240,1.839240,1.839190,1.839190,0
20141020 162300,1.839170,1.839410,1.839170,1.839410,0
20141020 162400,1.839430,1.839430,1.839350,1.839350,0
20141020 162500,1.839300,1.839320,1.839300,1.839300,0
20141020 162600,1.839300,1.839390,1.839300,1.839360,0
20141020 162700,1.839410,1.839420,1.839410,1.839420,0
20141020 162800,1.839460,1.839480,1.839430,1.839480,0
20141020 162900,1.839510,1.839840,1.839470,1.839820,0
20141020 163000,1.839820,1.840420,1.839650,1.840260,0
20141020 163100,1.840220,1.840510,1.840080,1.840270,0
20141020 163200,1.840250,1.840250,1.839990,1.840020,0
20141020 163300,1.840020,1.840250,1.839990,1.840250,0
20141020 163400,1.840200,1.840240,1.840150,1.840240,0
20141020 163500,1.840240,1.840310,1.840200,1.840200,0
20141020 163600,1.840150,1.840150,1.840100,1.840100,0
20141020 163700,1.840090,1.840100,1.839860,1.839880,0
20141020 163800,1.839880,1.839910,1.839860,1.839860,0
20141020 163900,1.839860,1.839860,1.839280,1.839370,0
20141020 164000,1.839260,1.839260,1.838810,1.838980,0
20141020 164100,1.838960,1.839060,1.838930,1.839060,0
20141020 164200,1.839000,1.839650,1.838940,1.839630,0
20141020 164300,1.839640,1.840130,1.839600,1.839990,0
20141020 164400,1.840010,1.840010,1.839670,1.839820,0
20141020 164500,1.839790,1.839790,1.839490,1.839650,0
20141020 164600,1.839620,1.839620,1.839400,1.839450,0
20141020 164700,1.839450,1.839490,1.839230,1.839310,0
20141020 164800,1.839300,1.839560,1.839300,1.839310,0
20141020 164900,1.839420,1.839540,1.839140,1.839140,0
20141020 165000,1.839140,1.839420,1.839080,1.839420,0
20141020 165100,1.839450,1.839450,1.839280,1.839400,0
20141020 165200,1.839370,1.839450,1.839320,1.839420,0
20141020 165300,1.839460,1.839520,1.839450,1.839480,0
20141020 165400,1.839470,1.839830,1.839430,1.839790,0
20141020 165500,1.839760,1.839920,1.839550,1.839600,0
20141020 165600,1.839570,1.839850,1.839570,1.839790,0
20141020 165700,1.839810,1.839840,1.839740,1.839740,0
20141020 165800,1.839900,1.839990,1.839880,1.839890,0
20141020 165900,1.839930,1.840130,1.839780,1.840000,0
20141020 170000,1.839990,1.839990,1.839890,1.839940,0
20141020 170100,1.839940,1.839960,1.839540,1.839860,0
20141020 170200,1.839860,1.839950,1.839690,1.839850,0
20141020 170300,1.839850,1.839890,1.839090,1.839420,0
20141020 170400,1.839560,1.839710,1.839560,1.839700,0
20141020 170500,1.839700,1.840020,1.839700,1.839800,0
20141020 170600,1.839800,1.839850,1.839800,1.839850,0
20141020 170700,1.839820,1.839820,1.839650,1.839650,0
20141020 170800,1.839650,1.839700,1.839260,1.839500,0
20141020 170900,1.839500,1.840000,1.839500,1.839800,0
20141020 171000,1.839750,1.839750,1.839750,1.839750,0
20141020 171100,1.839700,1.839700,1.839300,1.839350,0
20141020 171200,1.839350,1.839400,1.839300,1.839300,0
20141020 171300,1.839300,1.839400,1.839100,1.839100,0
20141020 171400,1.839000,1.839450,1.838900,1.839450,0
20141020 171500,1.839450,1.839450,1.839350,1.839350,0
20141020 171600,1.839350,1.839650,1.839350,1.839650,0
20141020 171700,1.839550,1.839550,1.839260,1.839260,0
20141020 171800,1.839350,1.839500,1.839350,1.839370,0
20141020 171900,1.839300,1.839480,1.839300,1.839480,0
20141020 172000,1.839450,1.839600,1.839450,1.839600,0
20141020 172100,1.839600,1.839650,1.839600,1.839600,0
20141020 172200,1.839600,1.839600,1.839500,1.839600,0
20141020 172300,1.839400,1.839600,1.839300,1.839330,0
20141020 172400,1.839300,1.839350,1.839300,1.839350,0
20141020 172500,1.839350,1.839350,1.839290,1.839350,0
20141020 172600,1.839300,1.839410,1.839300,1.839330,0
20141020 172700,1.839310,1.839360,1.839300,1.839360,0
20141020 172800,1.839300,1.839350,1.839100,1.839220,0
20141020 172900,1.839280,1.839400,1.839100,1.839340,0
20141020 173000,1.839410,1.839600,1.839410,1.839600,0
20141020 173100,1.839600,1.839650,1.839550,1.839550,0
20141020 173200,1.839600,1.839700,1.839300,1.839650,0
20141020 173300,1.839650,1.839650,1.839110,1.839300,0
20141020 173400,1.839350,1.839400,1.839200,1.839200,0
20141020 173500,1.839250,1.839870,1.839200,1.839600,0
20141020 173600,1.839550,1.839650,1.839550,1.839570,0
20141020 173700,1.839550,1.839580,1.839450,1.839530,0
20141020 173800,1.839530,1.839530,1.839420,1.839480,0
20141020 173900,1.839490,1.839570,1.839490,1.839570,0
20141020 174000,1.839510,1.839980,1.839510,1.839690,0
20141020 174100,1.839940,1.840390,1.839650,1.840080,0
20141020 174200,1.840200,1.840200,1.840050,1.840050,0
20141020 174300,1.839990,1.840250,1.839980,1.840030,0
20141020 174400,1.840030,1.840030,1.839800,1.839800,0
20141020 174500,1.839870,1.839880,1.839440,1.839440,0
20141020 174600,1.839440,1.839510,1.839020,1.839150,0
20141020 174700,1.839200,1.839450,1.839060,1.839320,0
20141020 174800,1.839320,1.839320,1.839050,1.839170,0
20141020 174900,1.839110,1.839300,1.839110,1.839210,0
20141020 175000,1.839260,1.839350,1.839240,1.839350,0
20141020 175100,1.839300,1.839700,1.839260,1.839600,0
20141020 175200,1.839600,1.839700,1.839540,1.839560,0
20141020 175300,1.839550,1.839590,1.839530,1.839590,0
20141020 175400,1.839640,1.839960,1.839640,1.839790,0
20141020 175500,1.839840,1.839840,1.839640,1.839640,0
20141020 175600,1.839630,1.839710,1.839630,1.839700,0
20141020 175700,1.839670,1.839670,1.839300,1.839300,0
20141020 175800,1.839360,1.839850,1.839170,1.839850,0
20141020 175900,1.839900,1.840480,1.839900,1.840120,0
20141020 180000,1.840120,1.840340,1.839630,1.840100,0
20141020 180100,1.840130,1.840230,1.839960,1.840050,0
20141020 180200,1.839970,1.840050,1.839760,1.839800,0
20141020 180300,1.839800,1.840000,1.839750,1.839950,0
20141020 180400,1.839900,1.840000,1.839900,1.840000,0
20141020 180500,1.839960,1.840100,1.839950,1.840000,0
20141020 180600,1.840000,1.840010,1.839950,1.839950,0
20141020 180700,1.839950,1.840000,1.839900,1.839950,0
20141020 180800,1.839950,1.839950,1.839690,1.839690,0
20141020 180900,1.839690,1.839840,1.839500,1.839650,0
20141020 181000,1.839650,1.839870,1.839630,1.839630,0
20141020 181100,1.839640,1.839670,1.839640,1.839670,0
20141020 181200,1.839630,1.839660,1.839630,1.839650,0
20141020 181300,1.839660,1.839720,1.839600,1.839720,0
20141020 181400,1.839710,1.839710,1.839560,1.839580,0
20141020 181500,1.839750,1.839800,1.839530,1.839540,0
20141020 181600,1.839550,1.839650,1.839490,1.839490,0
20141020 181700,1.839510,1.839580,1.839510,1.839580,0
20141020 181800,1.839610,1.839610,1.839450,1.839450,0
20141020 181900,1.839410,1.839450,1.839100,1.839100,0
20141020 182000,1.839100,1.839250,1.838990,1.839000,0
20141020 182100,1.839000,1.839010,1.838940,1.838950,0
20141020 182200,1.839050,1.839190,1.838910,1.838950,0
20141020 182300,1.838950,1.839120,1.838810,1.839120,0
20141020 182400,1.839050,1.839070,1.838950,1.839010,0
20141020 182500,1.838980,1.839200,1.838840,1.839060,0
20141020 182600,1.839090,1.839190,1.839010,1.839110,0
20141020 182700,1.839070,1.839190,1.839070,1.839180,0
20141020 182800,1.839180,1.839180,1.838880,1.838900,0
20141020 182900,1.838840,1.838880,1.838840,1.838850,0
20141020 183000,1.838780,1.838780,1.838070,1.838100,0
20141020 183100,1.838050,1.838330,1.838040,1.838180,0
20141020 183200,1.838170,1.838460,1.838160,1.838460,0
20141020 183300,1.838450,1.839130,1.838120,1.839130,0
20141020 183400,1.839140,1.839140,1.838800,1.838800,0
20141020 183500,1.838750,1.838800,1.838160,1.838160,0
20141020 183600,1.838160,1.839090,1.838160,1.838790,0
20141020 183700,1.838840,1.839120,1.838840,1.839030,0
20141020 183800,1.839030,1.839030,1.838750,1.838840,0
20141020 183900,1.838940,1.839000,1.838600,1.838600,0
20141020 184000,1.838600,1.838700,1.838310,1.838570,0
20141020 184100,1.838500,1.838550,1.838450,1.838500,0
20141020 184200,1.838550,1.838600,1.838550,1.838550,0
20141020 184300,1.838550,1.838800,1.838550,1.838700,0
20141020 184400,1.838690,1.838700,1.838250,1.838310,0
20141020 184500,1.838300,1.838450,1.838300,1.838450,0
20141020 184600,1.838400,1.838400,1.838190,1.838190,0
20141020 184700,1.838190,1.838700,1.838190,1.838600,0
20141020 184800,1.838560,1.838750,1.838400,1.838750,0
20141020 184900,1.838750,1.838900,1.838600,1.838650,0
20141020 185000,1.838650,1.838800,1.838190,1.838190,0
20141020 185100,1.838150,1.838380,1.838060,1.838180,0
20141020 185200,1.838180,1.838180,1.837830,1.837980,0
20141020 185300,1.838040,1.838200,1.837930,1.838150,0
20141020 185400,1.838210,1.838300,1.838210,1.838260,0
20141020 185500,1.838310,1.838700,1.838310,1.838630,0
20141020 185600,1.838740,1.838820,1.838630,1.838630,0
20141020 185700,1.838560,1.838750,1.838260,1.838260,0
20141020 185800,1.838350,1.838520,1.838100,1.838400,0
20141020 185900,1.838440,1.838650,1.838330,1.838650,0
20141020 190000,1.838700,1.838860,1.838630,1.838630,0
20141020 190100,1.838700,1.838820,1.838700,1.838820,0
20141020 190200,1.838690,1.838700,1.838590,1.838590,0
20141020 190300,1.838540,1.838580,1.838500,1.838580,0
20141020 190400,1.838630,1.838810,1.838630,1.838660,0
20141020 190500,1.838610,1.838610,1.838360,1.838450,0
20141020 190600,1.838500,1.838620,1.838500,1.838620,0
20141020 190700,1.838650,1.838720,1.838450,1.838500,0
20141020 190800,1.838450,1.838500,1.838160,1.838160,0
20141020 190900,1.838230,1.838320,1.838230,1.838320,0
20141020 191000,1.838370,1.838550,1.838100,1.838250,0
20141020 191100,1.838300,1.838650,1.838300,1.838600,0
20141020 191200,1.838600,1.838700,1.838570,1.838700,0
20141020 191300,1.838690,1.838750,1.838570,1.838700,0
20141020 191400,1.838650,1.838750,1.838400,1.838450,0
20141020 191500,1.838460,1.838500,1.838240,1.838290,0
20141020 191600,1.838270,1.838320,1.838130,1.838230,0
20141020 191700,1.838260,1.838290,1.837980,1.837980,0
20141020 191800,1.837950,1.838160,1.837890,1.838090,0
20141020 191900,1.838100,1.838100,1.838050,1.838050,0
20141020 192000,1.837960,1.838210,1.837950,1.838070,0
20141020 192100,1.838110,1.838310,1.838110,1.838240,0
20141020 192200,1.838210,1.838590,1.838210,1.838550,0
20141020 192300,1.838530,1.839290,1.838530,1.839170,0
20141020 192400,1.839220,1.839220,1.838980,1.839040,0
20141020 192500,1.839020,1.839300,1.839020,1.839300,0
20141020 192600,1.839290,1.839450,1.839160,1.839160,0
20141020 192700,1.839100,1.839100,1.838600,1.838640,0
20141020 192800,1.838670,1.839110,1.838670,1.839000,0
20141020 192900,1.839000,1.839000,1.838950,1.838950,0
20141020 193000,1.839000,1.839000,1.838950,1.839000,0
20141020 193100,1.839000,1.839410,1.839000,1.839410,0
20141020 193200,1.839450,1.839500,1.839330,1.839330,0
20141020 193300,1.839300,1.840020,1.839300,1.839940,0
20141020 193400,1.839900,1.840330,1.839900,1.840210,0
20141020 193500,1.840180,1.840180,1.839730,1.839850,0
20141020 193600,1.839790,1.840150,1.839750,1.840140,0
20141020 193700,1.840160,1.840160,1.839950,1.839950,0
20141020 193800,1.839950,1.839980,1.839700,1.839950,0
20141020 193900,1.839900,1.839920,1.839510,1.839910,0
20141020 194000,1.839910,1.840250,1.839910,1.840140,0
20141020 194100,1.840150,1.840200,1.840150,1.840150,0
20141020 194200,1.840100,1.840290,1.840100,1.840260,0
20141020 194300,1.840260,1.840260,1.840260,1.840260,0
20141020 194400,1.840120,1.840240,1.840120,1.840210,0
20141020 194500,1.840210,1.840290,1.840210,1.840290,0
20141020 194600,1.840310,1.840310,1.840220,1.840260,0
20141020 194700,1.840330,1.840520,1.840330,1.840520,0
20141020 194800,1.840500,1.840540,1.839730,1.839850,0
20141020 194900,1.839860,1.839860,1.839250,1.839300,0
20141020 195000,1.839350,1.839710,1.839150,1.839650,0
20141020 195100,1.839600,1.839650,1.839450,1.839650,0
20141020 195200,1.839600,1.839770,1.839600,1.839740,0
20141020 195300,1.839750,1.839830,1.839740,1.839800,0
20141020 195400,1.839750,1.839910,1.839750,1.839910,0
20141020 195500,1.839940,1.840650,1.839940,1.840650,0
20141020 195600,1.840660,1.840690,1.840440,1.840660,0
20141020 195700,1.840690,1.840710,1.840520,1.840630,0
20141020 195800,1.840670,1.841020,1.840670,1.840850,0
20141020 195900,1.840810,1.840810,1.840520,1.840520,0
20141020 200000,1.840550,1.841090,1.840550,1.841010,0
20141020 200100,1.841040,1.841380,1.840980,1.840980,0
20141020 200200,1.840980,1.841180,1.840940,1.841100,0
20141020 200300,1.841100,1.841190,1.840810,1.840810,0
20141020 200400,1.840770,1.841070,1.840730,1.840900,0
20141020 200500,1.840860,1.840910,1.840050,1.840360,0
20141020 200600,1.840380,1.840410,1.839650,1.839700,0
20141020 200700,1.839700,1.841040,1.839590,1.841020,0
20141020 200800,1.840980,1.840980,1.840790,1.840930,0
20141020 200900,1.840930,1.841030,1.840830,1.840830,0
20141020 201000,1.840870,1.840880,1.840440,1.840850,0
20141020 201100,1.840850,1.840850,1.840650,1.840650,0
20141020 201200,1.840610,1.840720,1.840400,1.840560,0
20141020 201300,1.840520,1.840640,1.840300,1.840500,0
20141020 201400,1.840610,1.840700,1.839870,1.840120,0
20141020 201500,1.840190,1.840880,1.840190,1.840880,0
20141020 201600,1.840880,1.840880,1.840620,1.840620,0
20141020 201700,1.840640,1.840640,1.839850,1.840090,0
20141020 201800,1.840060,1.840550,1.839910,1.839910,0
20141020 201900,1.839860,1.840240,1.839780,1.840100,0
20141020 202000,1.840250,1.840290,1.839590,1.839630,0
20141020 202100,1.839620,1.839690,1.839290,1.839650,0
20141020 202200,1.839660,1.839970,1.839650,1.839970,0
20141020 202300,1.840010,1.840070,1.839590,1.839610,0
20141020 202400,1.839700,1.840120,1.839700,1.839950,0
20141020 202500,1.839850,1.839940,1.838900,1.839050,0
20141020 202600,1.838990,1.838990,1.838400,1.838850,0
20141020 202700,1.838850,1.839310,1.838780,1.839310,0
20141020 202800,1.839340,1.839610,1.839110,1.839550,0
20141020 202900,1.839530,1.839530,1.838690,1.838940,0
20141020 203000,1.839020,1.840750,1.837360,1.838130,0
20141020 203100,1.838150,1.838920,1.837730,1.838890,0
20141020 203200,1.839240,1.839360,1.838800,1.838850,0
20141020 203300,1.838880,1.839230,1.838860,1.839140,0
20141020 203400,1.839120,1.839130,1.839050,1.839130,0
20141020 203500,1.839100,1.839130,1.837970,1.838000,0
20141020 203600,1.837970,1.838410,1.837860,1.838410,0
20141020 203700,1.838550,1.838580,1.838400,1.838460,0
20141020 203800,1.838460,1.838720,1.838440,1.838700,0
20141020 203900,1.838700,1.838700,1.838670,1.838670,0
20141020 204000,1.838680,1.839480,1.838680,1.839400,0
20141020 204100,1.839400,1.839550,1.839300,1.839370,0
20141020 204200,1.839410,1.839890,1.839410,1.839550,0
20141020 204300,1.839540,1.839790,1.839540,1.839790,0
20141020 204400,1.839800,1.839800,1.839320,1.839470,0
20141020 204500,1.839440,1.839480,1.839380,1.839410,0
20141020 204600,1.839400,1.839450,1.839200,1.839420,0
20141020 204700,1.839450,1.839630,1.839420,1.839610,0
20141020 204800,1.839490,1.839620,1.839490,1.839580,0
20141020 204900,1.839610,1.839710,1.839560,1.839590,0
20141020 205000,1.839620,1.839620,1.838950,1.839290,0
20141020 205100,1.839310,1.839400,1.839250,1.839340,0
20141020 205200,1.839350,1.839660,1.839320,1.839420,0
20141020 205300,1.839430,1.839750,1.839420,1.839750,0
20141020 205400,1.839730,1.839860,1.839550,1.839550,0
20141020 205500,1.839520,1.839520,1.839150,1.839170,0
20141020 205600,1.839190,1.839400,1.839190,1.839400,0
20141020 205700,1.839400,1.839430,1.839220,1.839220,0
20141020 205800,1.839200,1.839250,1.839150,1.839160,0
20141020 205900,1.839190,1.839750,1.839190,1.839750,0
20141020 210000,1.839760,1.839860,1.839760,1.839860,0
20141020 210100,1.839830,1.840170,1.839830,1.840030,0
20141020 210200,1.840090,1.840090,1.839640,1.839900,0
20141020 210300,1.839840,1.840270,1.839710,1.839990,0
20141020 210400,1.840030,1.840180,1.840000,1.840100,0
20141020 210500,1.840140,1.840290,1.839800,1.840290,0
20141020 210600,1.840330,1.840860,1.840260,1.840800,0
20141020 210700,1.840840,1.841260,1.840540,1.840650,0
20141020 210800,1.840680,1.840840,1.840000,1.840340,0
20141020 210900,1.840340,1.840820,1.840340,1.840640,0
20141020 211000,1.840750,1.840840,1.840500,1.840790,0
20141020 211100,1.840790,1.841270,1.840730,1.841220,0
20141020 211200,1.841210,1.841300,1.840870,1.841300,0
20141020 211300,1.841280,1.841280,1.840950,1.841110,0
20141020 211400,1.841050,1.841050,1.840640,1.840740,0
20141020 211500,1.840790,1.840920,1.840630,1.840750,0
20141020 211600,1.840720,1.840910,1.840720,1.840800,0
20141020 211700,1.840870,1.840900,1.840700,1.840710,0
20141020 211800,1.840760,1.840890,1.840730,1.840890,0
20141020 211900,1.840910,1.840910,1.840790,1.840870,0
20141020 212000,1.840850,1.840870,1.840750,1.840820,0
20141020 212100,1.840690,1.840970,1.840690,1.840840,0
20141020 212200,1.840880,1.840980,1.840880,1.840890,0
20141020 212300,1.840940,1.840940,1.840790,1.840840,0
20141020 212400,1.840810,1.840960,1.840810,1.840960,0
20141020 212500,1.840930,1.840930,1.840820,1.840830,0
20141020 212600,1.840870,1.841250,1.840870,1.841250,0
20141020 212700,1.841250,1.842280,1.841190,1.842280,0
20141020 212800,1.842330,1.842560,1.841570,1.841980,0
20141020 212900,1.841980,1.842030,1.841950,1.842030,0
20141020 213000,1.842000,1.842020,1.841400,1.841450,0
20141020 213100,1.841420,1.841450,1.841250,1.841450,0
20141020 213200,1.841500,1.841570,1.841250,1.841570,0
20141020 213300,1.841570,1.842220,1.841480,1.842050,0
20141020 213400,1.842070,1.842170,1.842010,1.842010,0
20141020 213500,1.842050,1.842170,1.842050,1.842120,0
20141020 213600,1.842080,1.842480,1.841790,1.842280,0
20141020 213700,1.842270,1.842330,1.842080,1.842100,0
20141020 213800,1.842080,1.842210,1.841980,1.842110,0
20141020 213900,1.842080,1.842080,1.841730,1.841730,0
20141020 214000,1.841640,1.841790,1.841250,1.841560,0
20141020 214100,1.841560,1.841900,1.841520,1.841610,0
20141020 214200,1.841640,1.842030,1.841630,1.841980,0
20141020 214300,1.842010,1.842100,1.841810,1.841980,0
20141020 214400,1.841980,1.841980,1.841420,1.841440,0
20141020 214500,1.841420,1.841420,1.841080,1.841200,0
20141020 214600,1.841170,1.841230,1.840960,1.841230,0
20141020 214700,1.841180,1.841180,1.841050,1.841180,0
20141020 214800,1.841150,1.841150,1.840740,1.841070,0
20141020 214900,1.841120,1.841290,1.840910,1.841050,0
20141020 215000,1.841050,1.841050,1.840830,1.840880,0
20141020 215100,1.840880,1.840880,1.840470,1.840590,0
20141020 215200,1.840590,1.841310,1.840540,1.841270,0
20141020 215300,1.841260,1.841300,1.841090,1.841140,0
20141020 215400,1.841160,1.841160,1.840780,1.841030,0
20141020 215500,1.841030,1.841360,1.841030,1.841300,0
20141020 215600,1.841340,1.841830,1.841330,1.841760,0
20141020 215700,1.841680,1.841680,1.841420,1.841420,0
20141020 215800,1.841370,1.841660,1.841250,1.841570,0
20141020 215900,1.841520,1.843350,1.841110,1.843270,0
20141020 220000,1.838770,1.838830,1.834620,1.835020,0
20141020 220100,1.835070,1.835250,1.834210,1.835070,0
20141020 220200,1.835120,1.836030,1.835040,1.835540,0
20141020 220300,1.835490,1.836440,1.835370,1.836360,0
20141020 220400,1.836360,1.836860,1.836160,1.836800,0
20141020 220500,1.836800,1.836800,1.835520,1.835980,0
20141020 220600,1.835990,1.835990,1.834060,1.834660,0
20141020 220700,1.834680,1.835560,1.834030,1.835560,0
20141020 220800,1.835530,1.836430,1.835530,1.836320,0
20141020 220900,1.836300,1.837230,1.836060,1.836700,0
20141020 221000,1.836780,1.837160,1.836390,1.836560,0
20141020 221100,1.836560,1.836690,1.835380,1.835790,0
20141020 221200,1.835820,1.836770,1.835820,1.836760,0
20141020 221300,1.836740,1.836740,1.836120,1.836200,0
20141020 221400,1.836130,1.837070,1.836090,1.836800,0
20141020 221500,1.836900,1.837000,1.836050,1.836200,0
20141020 221600,1.836200,1.836200,1.835360,1.835500,0
20141020 221700,1.835550,1.835550,1.835080,1.835080,0
20141020 221800,1.835100,1.836040,1.835080,1.836000,0
20141020 221900,1.836050,1.836580,1.835990,1.836560,0
20141020 222000,1.836560,1.836590,1.835650,1.835970,0
20141020 222100,1.835900,1.836310,1.835670,1.835760,0
20141020 222200,1.835720,1.835960,1.835660,1.835920,0
20141020 222300,1.835980,1.836420,1.835980,1.836390,0
20141020 222400,1.836410,1.836410,1.835880,1.835980,0
20141020 222500,1.835950,1.836220,1.835950,1.836210,0
20141020 222600,1.836230,1.837010,1.836220,1.836660,0
20141020 222700,1.836660,1.837080,1.836630,1.837080,0
20141020 222800,1.837020,1.837110,1.836350,1.836490,0
20141020 222900,1.836430,1.836950,1.836350,1.836950,0
20141020 223000,1.836920,1.836950,1.836850,1.836950,0
20141020 223100,1.836980,1.837750,1.836930,1.837580,0
20141020 223200,1.837580,1.837790,1.837370,1.837570,0
20141020 223300,1.837490,1.837570,1.837200,1.837450,0
20141020 223400,1.837450,1.837710,1.837450,1.837490,0
20141020 223500,1.837450,1.837450,1.836900,1.837180,0
20141020 223600,1.837140,1.837200,1.837040,1.837040,0
20141020 223700,1.837060,1.837060,1.836800,1.836840,0
20141020 223800,1.836920,1.837150,1.836910,1.837150,0
20141020 223900,1.837120,1.837300,1.837120,1.837250,0
20141020 224000,1.837240,1.837690,1.837240,1.837590,0
20141020 224100,1.837540,1.837550,1.837320,1.837400,0
20141020 224200,1.837420,1.837420,1.836900,1.837300,0
20141020 224300,1.837290,1.837290,1.836480,1.836520,0
20141020 224400,1.836580,1.837030,1.836200,1.836330,0
20141020 224500,1.836340,1.836510,1.836150,1.836150,0
20141020 224600,1.836110,1.836160,1.835800,1.835890,0
20141020 224700,1.835850,1.835890,1.835200,1.835250,0
20141020 224800,1.835330,1.835770,1.835270,1.835620,0
20141020 224900,1.835560,1.836710,1.835500,1.836590,0
20141020 225000,1.836560,1.836800,1.836400,1.836650,0
20141020 225100,1.836670,1.836730,1.836550,1.836610,0
20141020 225200,1.836760,1.836770,1.836220,1.836250,0
20141020 225300,1.836250,1.836570,1.836160,1.836500,0
20141020 225400,1.836460,1.836460,1.836160,1.836320,0
20141020 225500,1.836320,1.836410,1.836110,1.836410,0
20141020 225600,1.836440,1.836620,1.836190,1.836190,0
20141020 225700,1.836190,1.836410,1.836110,1.836410,0
20141020 225800,1.836410,1.836980,1.836160,1.836950,0
20141020 225900,1.837060,1.837060,1.836560,1.836600,0
20141020 230000,1.836620,1.836620,1.835950,1.835950,0
20141020 230100,1.835900,1.836440,1.835900,1.836440,0
20141020 230200,1.836480,1.836680,1.836480,1.836620,0
20141020 230300,1.836590,1.836590,1.836430,1.836440,0
20141020 230400,1.836470,1.836600,1.836470,1.836600,0
20141020 230500,1.836600,1.837140,1.836550,1.836740,0
20141020 230600,1.836800,1.836800,1.836570,1.836650,0
20141020 230700,1.836640,1.836680,1.836640,1.836680,0
20141020 230800,1.836650,1.836650,1.836650,1.836650,0
20141020 230900,1.836620,1.836860,1.836500,1.836860,0
20141020 231000,1.836900,1.837370,1.836850,1.837090,0
20141020 231100,1.837100,1.837240,1.836930,1.836950,0
20141020 231200,1.836960,1.837000,1.836850,1.836910,0
20141020 231300,1.836940,1.837120,1.836910,1.836970,0
20141020 231400,1.836970,1.836970,1.836940,1.836950,0
20141020 231500,1.836950,1.836950,1.836900,1.836900,0
20141020 231600,1.836870,1.836900,1.836850,1.836850,0
20141020 231700,1.836840,1.836850,1.836420,1.836490,0
20141020 231800,1.836520,1.836630,1.836480,1.836560,0
20141020 231900,1.836540,1.836580,1.836150,1.836320,0
20141020 232000,1.836290,1.836310,1.835940,1.835970,0
20141020 232100,1.835920,1.835920,1.835580,1.835710,0
20141020 232200,1.835720,1.836000,1.835720,1.835740,0
20141020 232300,1.835740,1.835740,1.835100,1.835480,0
20141020 232400,1.835480,1.835500,1.835300,1.835450,0
20141020 232500,1.835490,1.835630,1.835430,1.835570,0
20141020 232600,1.835610,1.835630,1.835500,1.835590,0
20141020 232700,1.835540,1.835570,1.835520,1.835550,0
20141020 232800,1.835550,1.835560,1.835450,1.835510,0
20141020 232900,1.835550,1.835600,1.835370,1.835430,0
20141020 233000,1.835490,1.835720,1.835490,1.835650,0
20141020 233100,1.835650,1.835700,1.835460,1.835530,0
20141020 233200,1.835590,1.835600,1.835270,1.835270,0
20141020 233300,1.835310,1.836080,1.835180,1.836080,0
20141020 233400,1.836080,1.836350,1.835950,1.836020,0
20141020 233500,1.836020,1.836020,1.835670,1.835930,0
20141020 233600,1.835900,1.836140,1.835870,1.836030,0
20141020 233700,1.835880,1.835950,1.835550,1.835700,0
20141020 233800,1.835770,1.836200,1.835690,1.835980,0
20141020 233900,1.835900,1.835940,1.835650,1.835940,0
20141020 234000,1.836010,1.836090,1.835970,1.836050,0
20141020 234100,1.836040,1.836300,1.835990,1.836150,0
20141020 234200,1.836140,1.836140,1.835730,1.835820,0
20141020 234300,1.835800,1.836000,1.835610,1.835840,0
20141020 234400,1.835870,1.836180,1.835870,1.836050,0
20141020 234500,1.836030,1.836030,1.835400,1.835400,0
20141020 234600,1.835380,1.835430,1.835200,1.835380,0
20141020 234700,1.835410,1.835950,1.835410,1.835820,0
20141020 234800,1.835880,1.836200,1.835870,1.836180,0
20141020 234900,1.836210,1.836210,1.836000,1.836150,0
20141020 235000,1.836160,1.836930,1.836160,1.836720,0
20141020 235100,1.836760,1.836780,1.836480,1.836620,0
20141020 235200,1.836590,1.836710,1.836490,1.836490,0
20141020 235300,1.836450,1.836450,1.835750,1.835750,0
20141020 235400,1.835750,1.835900,1.835450,1.835500,0
20141020 235500,1.835470,1.835700,1.835290,1.835450,0
20141020 235600,1.835500,1.835690,1.835480,1.835670,0
20141020 235700,1.835640,1.835940,1.835450,1.835500,0
20141020 235800,1.835500,1.835500,1.835180,1.835350,0
20141020 235900,1.835350,1.835450,1.835240,1.835290,0
