20071211 000000,164.590000,164.610000,164.580000,164.590000,0
20071211 000100,164.600000,164.640000,164.590000,164.600000,0
20071211 000200,164.610000,164.670000,164.610000,164.660000,0
20071211 000300,164.670000,164.680000,164.640000,164.650000,0
20071211 000400,164.640000,164.650000,164.630000,164.650000,0
20071211 000500,164.660000,164.690000,164.650000,164.680000,0
20071211 000600,164.690000,164.700000,164.680000,164.690000,0
20071211 000700,164.700000,164.700000,164.680000,164.680000,0
20071211 000800,164.690000,164.690000,164.670000,164.670000,0
20071211 000900,164.660000,164.690000,164.660000,164.690000,0
20071211 001000,164.680000,164.680000,164.660000,164.680000,0
20071211 001100,164.670000,164.680000,164.670000,164.670000,0
20071211 001300,164.660000,164.660000,164.640000,164.650000,0
20071211 001400,164.660000,164.670000,164.650000,164.670000,0
20071211 001500,164.660000,164.670000,164.660000,164.660000,0
20071211 001600,164.650000,164.660000,164.640000,164.640000,0
20071211 001700,164.650000,164.650000,164.640000,164.640000,0
20071211 001800,164.630000,164.640000,164.620000,164.640000,0
20071211 001900,164.630000,164.640000,164.620000,164.620000,0
20071211 002000,164.610000,164.620000,164.610000,164.620000,0
20071211 002100,164.610000,164.620000,164.600000,164.620000,0
20071211 002200,164.640000,164.640000,164.630000,164.630000,0
20071211 002300,164.620000,164.620000,164.620000,164.620000,0
20071211 002400,164.610000,164.650000,164.610000,164.650000,0
20071211 002500,164.640000,164.650000,164.640000,164.650000,0
20071211 002600,164.660000,164.660000,164.650000,164.650000,0
20071211 002700,164.640000,164.650000,164.640000,164.650000,0
20071211 002800,164.640000,164.650000,164.630000,164.640000,0
20071211 002900,164.650000,164.650000,164.640000,164.650000,0
20071211 003000,164.640000,164.640000,164.630000,164.640000,0
20071211 003100,164.650000,164.650000,164.640000,164.640000,0
20071211 003200,164.650000,164.650000,164.640000,164.650000,0
20071211 003300,164.660000,164.660000,164.650000,164.650000,0
20071211 003400,164.640000,164.650000,164.640000,164.650000,0
20071211 003500,164.660000,164.660000,164.660000,164.660000,0
20071211 003600,164.650000,164.660000,164.640000,164.650000,0
20071211 003700,164.660000,164.660000,164.650000,164.660000,0
20071211 003800,164.650000,164.660000,164.650000,164.650000,0
20071211 003900,164.660000,164.670000,164.650000,164.670000,0
20071211 004000,164.680000,164.680000,164.640000,164.640000,0
20071211 004100,164.650000,164.650000,164.650000,164.650000,0
20071211 004200,164.670000,164.680000,164.650000,164.660000,0
20071211 004300,164.670000,164.670000,164.660000,164.660000,0
20071211 004600,164.640000,164.660000,164.640000,164.650000,0
20071211 004700,164.660000,164.660000,164.640000,164.650000,0
20071211 004800,164.660000,164.660000,164.650000,164.660000,0
20071211 004900,164.650000,164.660000,164.640000,164.640000,0
20071211 005000,164.650000,164.650000,164.640000,164.650000,0
20071211 005100,164.660000,164.660000,164.650000,164.650000,0
20071211 005200,164.660000,164.670000,164.650000,164.670000,0
20071211 005300,164.660000,164.670000,164.660000,164.660000,0
20071211 005400,164.670000,164.680000,164.670000,164.670000,0
20071211 005500,164.680000,164.680000,164.670000,164.670000,0
20071211 005600,164.660000,164.660000,164.650000,164.650000,0
20071211 005700,164.640000,164.650000,164.640000,164.650000,0
20071211 005800,164.640000,164.650000,164.640000,164.650000,0
20071211 005900,164.640000,164.640000,164.630000,164.640000,0
20071211 010000,164.650000,164.680000,164.640000,164.680000,0
20071211 010100,164.670000,164.680000,164.650000,164.680000,0
20071211 010200,164.670000,164.680000,164.650000,164.670000,0
20071211 010300,164.660000,164.680000,164.660000,164.670000,0
20071211 010400,164.680000,164.680000,164.670000,164.670000,0
20071211 010500,164.660000,164.690000,164.660000,164.690000,0
20071211 010800,164.700000,164.700000,164.700000,164.700000,0
20071211 010900,164.680000,164.690000,164.680000,164.690000,0
20071211 011000,164.700000,164.710000,164.680000,164.690000,0
20071211 011100,164.700000,164.710000,164.690000,164.700000,0
20071211 011200,164.690000,164.710000,164.690000,164.710000,0
20071211 011300,164.700000,164.700000,164.690000,164.690000,0
20071211 011400,164.700000,164.700000,164.680000,164.690000,0
20071211 011600,164.700000,164.700000,164.690000,164.690000,0
20071211 011700,164.680000,164.680000,164.680000,164.680000,0
20071211 011800,164.670000,164.680000,164.670000,164.680000,0
20071211 011900,164.670000,164.680000,164.670000,164.680000,0
20071211 012000,164.670000,164.670000,164.670000,164.670000,0
20071211 012100,164.680000,164.680000,164.670000,164.670000,0
20071211 012400,164.680000,164.690000,164.680000,164.680000,0
20071211 012500,164.690000,164.690000,164.690000,164.690000,0
20071211 012600,164.700000,164.700000,164.700000,164.700000,0
20071211 012700,164.690000,164.700000,164.690000,164.690000,0
20071211 012800,164.670000,164.680000,164.670000,164.680000,0
20071211 012900,164.690000,164.710000,164.680000,164.710000,0
20071211 013000,164.700000,164.710000,164.700000,164.710000,0
20071211 013100,164.700000,164.710000,164.700000,164.700000,0
20071211 013200,164.710000,164.710000,164.700000,164.700000,0
20071211 013300,164.690000,164.690000,164.690000,164.690000,0
20071211 013400,164.680000,164.690000,164.680000,164.680000,0
20071211 013500,164.690000,164.690000,164.680000,164.690000,0
20071211 013600,164.700000,164.700000,164.690000,164.700000,0
20071211 013700,164.690000,164.690000,164.690000,164.690000,0
20071211 013900,164.680000,164.690000,164.680000,164.690000,0
20071211 014100,164.680000,164.700000,164.680000,164.690000,0
20071211 014200,164.680000,164.700000,164.680000,164.690000,0
20071211 014300,164.710000,164.720000,164.700000,164.720000,0
20071211 014400,164.710000,164.750000,164.710000,164.730000,0
20071211 014500,164.750000,164.750000,164.730000,164.740000,0
20071211 014600,164.730000,164.750000,164.720000,164.750000,0
20071211 014700,164.760000,164.770000,164.750000,164.760000,0
20071211 014800,164.750000,164.750000,164.750000,164.750000,0
20071211 014900,164.770000,164.780000,164.740000,164.780000,0
20071211 015000,164.770000,164.790000,164.770000,164.780000,0
20071211 015100,164.790000,164.790000,164.780000,164.780000,0
20071211 015200,164.790000,164.800000,164.790000,164.790000,0
20071211 015300,164.800000,164.800000,164.790000,164.800000,0
20071211 015400,164.790000,164.790000,164.780000,164.780000,0
20071211 015500,164.790000,164.790000,164.780000,164.790000,0
20071211 015600,164.780000,164.780000,164.780000,164.780000,0
20071211 015700,164.770000,164.790000,164.770000,164.780000,0
20071211 015800,164.790000,164.790000,164.780000,164.780000,0
20071211 015900,164.790000,164.810000,164.790000,164.800000,0
20071211 020000,164.810000,164.810000,164.770000,164.780000,0
20071211 020100,164.770000,164.770000,164.770000,164.770000,0
20071211 020200,164.780000,164.780000,164.750000,164.760000,0
20071211 020300,164.750000,164.760000,164.730000,164.760000,0
20071211 020400,164.750000,164.760000,164.720000,164.730000,0
20071211 020500,164.740000,164.740000,164.730000,164.730000,0
20071211 020600,164.720000,164.720000,164.700000,164.720000,0
20071211 020700,164.730000,164.730000,164.700000,164.700000,0
20071211 020800,164.710000,164.710000,164.690000,164.690000,0
20071211 020900,164.680000,164.680000,164.660000,164.670000,0
20071211 021000,164.660000,164.670000,164.660000,164.670000,0
20071211 021100,164.680000,164.680000,164.670000,164.670000,0
20071211 021200,164.680000,164.770000,164.670000,164.760000,0
20071211 021300,164.770000,164.800000,164.750000,164.800000,0
20071211 021400,164.780000,164.820000,164.780000,164.820000,0
20071211 021500,164.810000,164.840000,164.780000,164.830000,0
20071211 021600,164.840000,164.840000,164.800000,164.830000,0
20071211 021700,164.820000,164.850000,164.810000,164.850000,0
20071211 021800,164.860000,164.870000,164.850000,164.860000,0
20071211 021900,164.850000,164.860000,164.830000,164.830000,0
20071211 022000,164.820000,164.860000,164.800000,164.810000,0
20071211 022100,164.820000,164.830000,164.800000,164.800000,0
20071211 022200,164.790000,164.810000,164.770000,164.770000,0
20071211 022300,164.780000,164.790000,164.760000,164.760000,0
20071211 022400,164.750000,164.840000,164.750000,164.840000,0
20071211 022500,164.830000,164.850000,164.810000,164.850000,0
20071211 022600,164.840000,164.850000,164.830000,164.850000,0
20071211 022700,164.840000,164.860000,164.840000,164.840000,0
20071211 022800,164.830000,164.830000,164.790000,164.830000,0
20071211 022900,164.840000,164.860000,164.830000,164.840000,0
20071211 023000,164.850000,164.850000,164.820000,164.820000,0
20071211 023100,164.810000,164.830000,164.800000,164.810000,0
20071211 023200,164.820000,164.850000,164.800000,164.830000,0
20071211 023300,164.840000,164.860000,164.840000,164.860000,0
20071211 023400,164.850000,164.870000,164.840000,164.850000,0
20071211 023500,164.840000,164.860000,164.840000,164.840000,0
20071211 023600,164.850000,164.870000,164.840000,164.840000,0
20071211 023700,164.850000,164.850000,164.810000,164.850000,0
20071211 023800,164.840000,164.860000,164.800000,164.810000,0
20071211 023900,164.820000,164.840000,164.820000,164.820000,0
20071211 024000,164.830000,164.830000,164.780000,164.780000,0
20071211 024100,164.790000,164.820000,164.770000,164.780000,0
20071211 024200,164.790000,164.790000,164.750000,164.760000,0
20071211 024300,164.770000,164.810000,164.760000,164.810000,0
20071211 024400,164.800000,164.820000,164.770000,164.810000,0
20071211 024500,164.800000,164.810000,164.780000,164.800000,0
20071211 024600,164.810000,164.870000,164.800000,164.860000,0
20071211 024700,164.870000,164.870000,164.850000,164.870000,0
20071211 024800,164.860000,164.900000,164.860000,164.890000,0
20071211 024900,164.900000,164.900000,164.890000,164.900000,0
20071211 025000,164.890000,164.890000,164.860000,164.860000,0
20071211 025100,164.870000,164.880000,164.860000,164.870000,0
20071211 025200,164.880000,164.890000,164.860000,164.880000,0
20071211 025300,164.890000,164.910000,164.880000,164.910000,0
20071211 025400,164.900000,164.910000,164.880000,164.910000,0
20071211 025500,164.900000,164.910000,164.810000,164.810000,0
20071211 025600,164.800000,164.850000,164.790000,164.820000,0
20071211 025700,164.830000,164.870000,164.820000,164.820000,0
20071211 025800,164.810000,164.820000,164.740000,164.770000,0
20071211 025900,164.760000,164.770000,164.710000,164.710000,0
20071211 030000,164.720000,164.740000,164.680000,164.740000,0
20071211 030100,164.730000,164.730000,164.650000,164.670000,0
20071211 030200,164.660000,164.700000,164.660000,164.700000,0
20071211 030300,164.690000,164.690000,164.650000,164.650000,0
20071211 030400,164.660000,164.670000,164.620000,164.620000,0
20071211 030500,164.630000,164.670000,164.630000,164.630000,0
20071211 030600,164.620000,164.660000,164.620000,164.640000,0
20071211 030700,164.630000,164.660000,164.610000,164.650000,0
20071211 030800,164.640000,164.640000,164.600000,164.630000,0
20071211 030900,164.620000,164.650000,164.610000,164.630000,0
20071211 031000,164.640000,164.690000,164.630000,164.690000,0
20071211 031100,164.680000,164.730000,164.680000,164.700000,0
20071211 031200,164.710000,164.740000,164.700000,164.730000,0
20071211 031300,164.720000,164.720000,164.680000,164.700000,0
20071211 031400,164.710000,164.730000,164.700000,164.730000,0
20071211 031500,164.720000,164.730000,164.710000,164.720000,0
20071211 031600,164.710000,164.730000,164.710000,164.720000,0
20071211 031700,164.730000,164.730000,164.710000,164.720000,0
20071211 031800,164.710000,164.760000,164.710000,164.760000,0
20071211 031900,164.750000,164.770000,164.740000,164.750000,0
20071211 032000,164.760000,164.760000,164.730000,164.740000,0
20071211 032100,164.750000,164.760000,164.750000,164.750000,0
20071211 032200,164.760000,164.790000,164.750000,164.790000,0
20071211 032300,164.780000,164.800000,164.750000,164.800000,0
20071211 032400,164.790000,164.800000,164.790000,164.790000,0
20071211 032500,164.780000,164.800000,164.780000,164.800000,0
20071211 032600,164.790000,164.820000,164.790000,164.820000,0
20071211 032700,164.830000,164.850000,164.820000,164.820000,0
20071211 032800,164.810000,164.840000,164.800000,164.830000,0
20071211 032900,164.820000,164.830000,164.810000,164.820000,0
20071211 033000,164.800000,164.810000,164.790000,164.800000,0
20071211 033100,164.810000,164.810000,164.790000,164.810000,0
20071211 033200,164.820000,164.830000,164.800000,164.820000,0
20071211 033300,164.800000,164.850000,164.800000,164.850000,0
20071211 033400,164.840000,164.850000,164.840000,164.840000,0
20071211 033500,164.850000,164.860000,164.840000,164.860000,0
20071211 033600,164.850000,164.860000,164.840000,164.840000,0
20071211 033700,164.850000,164.850000,164.800000,164.800000,0
20071211 033800,164.810000,164.890000,164.810000,164.880000,0
20071211 033900,164.890000,164.890000,164.840000,164.850000,0
20071211 034000,164.840000,164.900000,164.830000,164.900000,0
20071211 034100,164.910000,164.960000,164.890000,164.900000,0
20071211 034200,164.890000,164.930000,164.830000,164.920000,0
20071211 034300,164.910000,164.920000,164.880000,164.910000,0
20071211 034400,164.900000,164.960000,164.900000,164.960000,0
20071211 034500,164.950000,164.970000,164.920000,164.920000,0
20071211 034600,164.930000,164.970000,164.930000,164.960000,0
20071211 034700,164.950000,164.960000,164.930000,164.930000,0
20071211 034800,164.920000,165.000000,164.920000,164.950000,0
20071211 034900,164.940000,164.980000,164.940000,164.980000,0
20071211 035000,164.970000,165.010000,164.970000,164.990000,0
20071211 035100,165.000000,165.020000,164.990000,165.000000,0
20071211 035200,164.990000,165.000000,164.960000,164.960000,0
20071211 035300,164.950000,164.950000,164.880000,164.890000,0
20071211 035400,164.880000,164.920000,164.870000,164.880000,0
20071211 035500,164.890000,164.900000,164.860000,164.900000,0
20071211 035600,164.910000,164.950000,164.890000,164.950000,0
20071211 035700,164.940000,164.940000,164.870000,164.880000,0
20071211 035800,164.890000,164.900000,164.840000,164.850000,0
20071211 035900,164.860000,164.860000,164.780000,164.780000,0
20071211 040000,164.770000,164.810000,164.730000,164.800000,0
20071211 040100,164.790000,164.840000,164.790000,164.840000,0
20071211 040200,164.830000,164.840000,164.830000,164.840000,0
20071211 040300,164.850000,164.900000,164.850000,164.880000,0
20071211 040400,164.890000,164.890000,164.840000,164.860000,0
20071211 040500,164.850000,164.870000,164.840000,164.870000,0
20071211 040600,164.880000,164.890000,164.870000,164.890000,0
20071211 040700,164.900000,164.900000,164.820000,164.830000,0
20071211 040800,164.820000,164.850000,164.820000,164.830000,0
20071211 040900,164.840000,164.860000,164.800000,164.810000,0
20071211 041000,164.800000,164.800000,164.760000,164.790000,0
20071211 041100,164.780000,164.800000,164.710000,164.730000,0
20071211 041200,164.720000,164.740000,164.690000,164.730000,0
20071211 041300,164.740000,164.750000,164.730000,164.740000,0
20071211 041400,164.730000,164.740000,164.730000,164.730000,0
20071211 041500,164.740000,164.750000,164.730000,164.740000,0
20071211 041600,164.730000,164.740000,164.710000,164.720000,0
20071211 041700,164.730000,164.810000,164.710000,164.780000,0
20071211 041800,164.770000,164.830000,164.770000,164.810000,0
20071211 041900,164.800000,164.800000,164.760000,164.780000,0
20071211 042000,164.770000,164.830000,164.770000,164.790000,0
20071211 042100,164.800000,164.800000,164.760000,164.770000,0
20071211 042200,164.760000,164.770000,164.740000,164.750000,0
20071211 042300,164.760000,164.810000,164.760000,164.800000,0
20071211 042400,164.790000,164.810000,164.780000,164.800000,0
20071211 042500,164.790000,164.790000,164.770000,164.790000,0
20071211 042600,164.780000,164.810000,164.780000,164.800000,0
20071211 042700,164.790000,164.830000,164.790000,164.820000,0
20071211 042800,164.810000,164.820000,164.790000,164.800000,0
20071211 042900,164.810000,164.820000,164.800000,164.810000,0
20071211 043000,164.820000,164.820000,164.790000,164.810000,0
20071211 043100,164.820000,164.820000,164.790000,164.810000,0
20071211 043200,164.820000,164.830000,164.800000,164.800000,0
20071211 043300,164.790000,164.830000,164.790000,164.830000,0
20071211 043400,164.820000,164.920000,164.820000,164.920000,0
20071211 043500,164.930000,164.960000,164.900000,164.900000,0
20071211 043600,164.880000,164.910000,164.870000,164.880000,0
20071211 043700,164.890000,164.890000,164.840000,164.840000,0
20071211 043800,164.850000,164.860000,164.840000,164.850000,0
20071211 043900,164.840000,164.860000,164.840000,164.840000,0
20071211 044000,164.850000,164.870000,164.840000,164.850000,0
20071211 044100,164.840000,164.840000,164.820000,164.830000,0
20071211 044200,164.840000,164.840000,164.830000,164.830000,0
20071211 044300,164.820000,164.820000,164.790000,164.800000,0
20071211 044400,164.790000,164.810000,164.750000,164.800000,0
20071211 044500,164.810000,164.830000,164.780000,164.790000,0
20071211 044600,164.800000,164.800000,164.770000,164.790000,0
20071211 044700,164.780000,164.810000,164.780000,164.790000,0
20071211 044800,164.780000,164.800000,164.770000,164.790000,0
20071211 044900,164.800000,164.800000,164.800000,164.800000,0
20071211 045000,164.810000,164.810000,164.800000,164.800000,0
20071211 045100,164.800000,164.830000,164.800000,164.810000,0
20071211 045200,164.820000,164.850000,164.810000,164.810000,0
20071211 045300,164.800000,164.830000,164.800000,164.820000,0
20071211 045400,164.830000,164.850000,164.830000,164.830000,0
20071211 045500,164.810000,164.850000,164.810000,164.840000,0
20071211 045600,164.850000,164.880000,164.840000,164.880000,0
20071211 045700,164.890000,164.890000,164.860000,164.870000,0
20071211 045800,164.860000,164.860000,164.850000,164.850000,0
20071211 045900,164.830000,164.860000,164.830000,164.840000,0
20071211 050000,164.850000,164.870000,164.810000,164.830000,0
20071211 050100,164.820000,164.860000,164.810000,164.810000,0
20071211 050200,164.800000,164.800000,164.750000,164.790000,0
20071211 050300,164.800000,164.810000,164.800000,164.800000,0
20071211 050400,164.790000,164.820000,164.790000,164.810000,0
20071211 050500,164.820000,164.830000,164.780000,164.790000,0
20071211 050600,164.780000,164.790000,164.770000,164.770000,0
20071211 050700,164.780000,164.780000,164.710000,164.740000,0
20071211 050800,164.750000,164.780000,164.750000,164.770000,0
20071211 050900,164.760000,164.770000,164.720000,164.730000,0
20071211 051000,164.720000,164.750000,164.720000,164.750000,0
20071211 051100,164.760000,164.780000,164.720000,164.720000,0
20071211 051200,164.730000,164.770000,164.720000,164.760000,0
20071211 051300,164.750000,164.770000,164.750000,164.750000,0
20071211 051400,164.760000,164.760000,164.730000,164.740000,0
20071211 051500,164.730000,164.750000,164.730000,164.740000,0
20071211 051600,164.750000,164.780000,164.740000,164.770000,0
20071211 051700,164.760000,164.790000,164.760000,164.780000,0
20071211 051800,164.790000,164.810000,164.770000,164.770000,0
20071211 051900,164.760000,164.760000,164.720000,164.720000,0
20071211 052000,164.710000,164.720000,164.690000,164.700000,0
20071211 052100,164.680000,164.700000,164.660000,164.690000,0
20071211 052200,164.700000,164.720000,164.650000,164.650000,0
20071211 052300,164.660000,164.680000,164.640000,164.650000,0
20071211 052400,164.660000,164.660000,164.580000,164.600000,0
20071211 052500,164.610000,164.640000,164.600000,164.630000,0
20071211 052600,164.640000,164.670000,164.610000,164.670000,0
20071211 052700,164.660000,164.670000,164.620000,164.620000,0
20071211 052800,164.620000,164.670000,164.620000,164.660000,0
20071211 052900,164.670000,164.700000,164.670000,164.670000,0
20071211 053000,164.680000,164.680000,164.650000,164.660000,0
20071211 053100,164.650000,164.680000,164.630000,164.670000,0
20071211 053200,164.680000,164.680000,164.640000,164.640000,0
20071211 053300,164.650000,164.660000,164.630000,164.660000,0
20071211 053400,164.650000,164.660000,164.610000,164.620000,0
20071211 053500,164.610000,164.610000,164.540000,164.560000,0
20071211 053600,164.550000,164.620000,164.550000,164.610000,0
20071211 053700,164.600000,164.620000,164.580000,164.620000,0
20071211 053800,164.630000,164.640000,164.600000,164.610000,0
20071211 053900,164.600000,164.610000,164.580000,164.580000,0
20071211 054000,164.570000,164.570000,164.550000,164.570000,0
20071211 054100,164.560000,164.600000,164.560000,164.580000,0
20071211 054200,164.590000,164.590000,164.570000,164.590000,0
20071211 054300,164.600000,164.620000,164.580000,164.610000,0
20071211 054400,164.620000,164.650000,164.610000,164.630000,0
20071211 054500,164.620000,164.630000,164.610000,164.630000,0
20071211 054600,164.620000,164.630000,164.590000,164.600000,0
20071211 054700,164.590000,164.590000,164.580000,164.590000,0
20071211 054800,164.600000,164.620000,164.590000,164.610000,0
20071211 054900,164.620000,164.630000,164.610000,164.620000,0
20071211 055000,164.610000,164.640000,164.610000,164.640000,0
20071211 055100,164.630000,164.640000,164.610000,164.610000,0
20071211 055200,164.600000,164.600000,164.570000,164.580000,0
20071211 055300,164.570000,164.590000,164.560000,164.590000,0
20071211 055400,164.600000,164.610000,164.600000,164.610000,0
20071211 055500,164.600000,164.630000,164.590000,164.630000,0
20071211 055600,164.620000,164.630000,164.610000,164.630000,0
20071211 055700,164.640000,164.660000,164.630000,164.650000,0
20071211 055800,164.640000,164.660000,164.640000,164.650000,0
20071211 055900,164.660000,164.670000,164.630000,164.630000,0
20071211 060000,164.620000,164.630000,164.610000,164.620000,0
20071211 060100,164.610000,164.610000,164.570000,164.590000,0
20071211 060200,164.600000,164.620000,164.600000,164.600000,0
20071211 060300,164.590000,164.610000,164.560000,164.560000,0
20071211 060400,164.570000,164.570000,164.540000,164.570000,0
20071211 060500,164.560000,164.610000,164.560000,164.580000,0
20071211 060600,164.590000,164.600000,164.560000,164.560000,0
20071211 060700,164.570000,164.590000,164.490000,164.490000,0
20071211 060800,164.500000,164.510000,164.470000,164.510000,0
20071211 060900,164.520000,164.550000,164.510000,164.530000,0
20071211 061000,164.520000,164.530000,164.470000,164.490000,0
20071211 061100,164.480000,164.500000,164.480000,164.490000,0
20071211 061200,164.510000,164.550000,164.400000,164.430000,0
20071211 061300,164.420000,164.440000,164.390000,164.440000,0
20071211 061400,164.430000,164.430000,164.360000,164.360000,0
20071211 061500,164.340000,164.360000,164.280000,164.340000,0
20071211 061600,164.330000,164.360000,164.320000,164.340000,0
20071211 061700,164.350000,164.350000,164.270000,164.280000,0
20071211 061800,164.270000,164.270000,164.230000,164.230000,0
20071211 061900,164.220000,164.220000,164.110000,164.210000,0
20071211 062000,164.220000,164.270000,164.210000,164.220000,0
20071211 062100,164.210000,164.250000,164.210000,164.240000,0
20071211 062200,164.250000,164.250000,164.210000,164.240000,0
20071211 062300,164.250000,164.320000,164.230000,164.300000,0
20071211 062400,164.290000,164.330000,164.280000,164.310000,0
20071211 062500,164.320000,164.340000,164.310000,164.330000,0
20071211 062600,164.340000,164.350000,164.330000,164.340000,0
20071211 062700,164.350000,164.360000,164.330000,164.330000,0
20071211 062800,164.340000,164.350000,164.320000,164.320000,0
20071211 062900,164.330000,164.350000,164.320000,164.330000,0
20071211 063000,164.340000,164.350000,164.320000,164.340000,0
20071211 063100,164.350000,164.370000,164.350000,164.370000,0
20071211 063200,164.380000,164.420000,164.380000,164.420000,0
20071211 063300,164.430000,164.430000,164.340000,164.360000,0
20071211 063400,164.370000,164.380000,164.350000,164.360000,0
20071211 063500,164.370000,164.380000,164.360000,164.370000,0
20071211 063600,164.360000,164.390000,164.360000,164.370000,0
20071211 063700,164.360000,164.390000,164.360000,164.390000,0
20071211 063800,164.380000,164.390000,164.380000,164.390000,0
20071211 063900,164.400000,164.400000,164.380000,164.380000,0
20071211 064000,164.390000,164.400000,164.380000,164.380000,0
20071211 064100,164.370000,164.370000,164.340000,164.350000,0
20071211 064200,164.340000,164.340000,164.310000,164.310000,0
20071211 064300,164.300000,164.320000,164.290000,164.290000,0
20071211 064400,164.280000,164.300000,164.260000,164.280000,0
20071211 064500,164.270000,164.280000,164.250000,164.260000,0
20071211 064600,164.270000,164.270000,164.260000,164.260000,0
20071211 064700,164.270000,164.320000,164.270000,164.300000,0
20071211 064800,164.290000,164.290000,164.260000,164.260000,0
20071211 064900,164.270000,164.300000,164.260000,164.270000,0
20071211 065000,164.280000,164.340000,164.280000,164.320000,0
20071211 065100,164.310000,164.320000,164.290000,164.290000,0
20071211 065200,164.280000,164.300000,164.270000,164.290000,0
20071211 065300,164.300000,164.300000,164.250000,164.250000,0
20071211 065400,164.240000,164.250000,164.220000,164.240000,0
20071211 065500,164.250000,164.320000,164.250000,164.310000,0
20071211 065600,164.300000,164.310000,164.290000,164.300000,0
20071211 065700,164.310000,164.330000,164.310000,164.320000,0
20071211 065800,164.330000,164.340000,164.320000,164.330000,0
20071211 065900,164.320000,164.330000,164.310000,164.320000,0
20071211 070000,164.310000,164.310000,164.280000,164.280000,0
20071211 070100,164.270000,164.280000,164.250000,164.250000,0
20071211 070200,164.260000,164.270000,164.260000,164.260000,0
20071211 070300,164.270000,164.280000,164.260000,164.280000,0
20071211 070400,164.270000,164.280000,164.270000,164.280000,0
20071211 070500,164.270000,164.270000,164.240000,164.270000,0
20071211 070600,164.280000,164.280000,164.260000,164.280000,0
20071211 070700,164.290000,164.290000,164.270000,164.270000,0
20071211 070800,164.250000,164.260000,164.240000,164.240000,0
20071211 070900,164.230000,164.250000,164.230000,164.240000,0
20071211 071000,164.250000,164.260000,164.240000,164.250000,0
20071211 071100,164.240000,164.240000,164.170000,164.170000,0
20071211 071200,164.160000,164.200000,164.160000,164.170000,0
20071211 071300,164.180000,164.190000,164.060000,164.100000,0
20071211 071400,164.110000,164.160000,164.110000,164.150000,0
20071211 071500,164.140000,164.160000,164.130000,164.150000,0
20071211 071600,164.160000,164.180000,164.160000,164.180000,0
20071211 071700,164.170000,164.180000,164.120000,164.130000,0
20071211 071800,164.140000,164.180000,164.100000,164.100000,0
20071211 071900,164.110000,164.120000,164.080000,164.120000,0
20071211 072000,164.130000,164.150000,164.120000,164.150000,0
20071211 072100,164.160000,164.160000,164.140000,164.140000,0
20071211 072200,164.130000,164.140000,164.120000,164.140000,0
20071211 072300,164.130000,164.150000,164.130000,164.140000,0
20071211 072400,164.130000,164.130000,164.070000,164.110000,0
20071211 072500,164.100000,164.160000,164.100000,164.140000,0
20071211 072600,164.150000,164.180000,164.150000,164.160000,0
20071211 072700,164.150000,164.170000,164.150000,164.160000,0
20071211 072800,164.170000,164.230000,164.150000,164.210000,0
20071211 072900,164.200000,164.210000,164.180000,164.180000,0
20071211 073000,164.170000,164.170000,164.120000,164.140000,0
20071211 073100,164.150000,164.160000,164.110000,164.130000,0
20071211 073200,164.140000,164.170000,164.140000,164.170000,0
20071211 073300,164.160000,164.160000,164.150000,164.150000,0
20071211 073400,164.160000,164.200000,164.160000,164.190000,0
20071211 073500,164.180000,164.200000,164.180000,164.200000,0
20071211 073600,164.190000,164.190000,164.180000,164.180000,0
20071211 073700,164.190000,164.200000,164.180000,164.200000,0
20071211 073800,164.190000,164.200000,164.180000,164.190000,0
20071211 073900,164.180000,164.190000,164.180000,164.190000,0
20071211 074000,164.180000,164.190000,164.180000,164.190000,0
20071211 074100,164.180000,164.180000,164.180000,164.180000,0
20071211 074200,164.170000,164.180000,164.160000,164.170000,0
20071211 074300,164.180000,164.190000,164.180000,164.190000,0
20071211 074400,164.180000,164.190000,164.180000,164.190000,0
20071211 074500,164.180000,164.190000,164.170000,164.180000,0
20071211 074600,164.190000,164.230000,164.190000,164.230000,0
20071211 074700,164.220000,164.250000,164.220000,164.230000,0
20071211 074800,164.220000,164.220000,164.200000,164.200000,0
20071211 074900,164.190000,164.200000,164.190000,164.190000,0
20071211 075000,164.200000,164.260000,164.190000,164.240000,0
20071211 075100,164.250000,164.260000,164.250000,164.260000,0
20071211 075200,164.250000,164.260000,164.240000,164.240000,0
20071211 075300,164.230000,164.240000,164.200000,164.240000,0
20071211 075400,164.230000,164.230000,164.210000,164.230000,0
20071211 075500,164.220000,164.230000,164.220000,164.230000,0
20071211 075600,164.220000,164.240000,164.220000,164.220000,0
20071211 075700,164.230000,164.240000,164.180000,164.190000,0
20071211 075800,164.200000,164.200000,164.180000,164.190000,0
20071211 075900,164.180000,164.190000,164.180000,164.180000,0
20071211 080000,164.190000,164.240000,164.180000,164.230000,0
20071211 080100,164.240000,164.240000,164.220000,164.230000,0
20071211 080200,164.240000,164.240000,164.230000,164.230000,0
20071211 080300,164.220000,164.290000,164.220000,164.270000,0
20071211 080400,164.260000,164.280000,164.260000,164.280000,0
20071211 080500,164.270000,164.310000,164.270000,164.300000,0
20071211 080600,164.310000,164.340000,164.300000,164.340000,0
20071211 080700,164.350000,164.360000,164.320000,164.360000,0
20071211 080800,164.350000,164.360000,164.350000,164.350000,0
20071211 080900,164.340000,164.340000,164.280000,164.280000,0
20071211 081000,164.270000,164.280000,164.250000,164.280000,0
20071211 081100,164.290000,164.290000,164.240000,164.250000,0
20071211 081200,164.260000,164.260000,164.230000,164.250000,0
20071211 081300,164.240000,164.270000,164.240000,164.270000,0
20071211 081400,164.260000,164.280000,164.260000,164.270000,0
20071211 081500,164.260000,164.270000,164.250000,164.260000,0
20071211 081600,164.250000,164.270000,164.250000,164.270000,0
20071211 081700,164.280000,164.330000,164.280000,164.330000,0
20071211 081800,164.340000,164.350000,164.270000,164.290000,0
20071211 081900,164.300000,164.350000,164.300000,164.350000,0
20071211 082000,164.340000,164.370000,164.330000,164.370000,0
20071211 082100,164.360000,164.370000,164.330000,164.340000,0
20071211 082200,164.350000,164.410000,164.330000,164.410000,0
20071211 082300,164.420000,164.440000,164.400000,164.400000,0
20071211 082400,164.390000,164.420000,164.380000,164.410000,0
20071211 082500,164.390000,164.390000,164.280000,164.290000,0
20071211 082600,164.300000,164.380000,164.290000,164.370000,0
20071211 082700,164.360000,164.380000,164.360000,164.360000,0
20071211 082800,164.370000,164.400000,164.370000,164.380000,0
20071211 082900,164.370000,164.380000,164.350000,164.370000,0
20071211 083000,164.380000,164.390000,164.360000,164.360000,0
20071211 083100,164.370000,164.380000,164.350000,164.350000,0
20071211 083200,164.360000,164.370000,164.350000,164.360000,0
20071211 083300,164.370000,164.370000,164.340000,164.360000,0
20071211 083400,164.350000,164.370000,164.350000,164.350000,0
20071211 083500,164.340000,164.370000,164.340000,164.350000,0
20071211 083600,164.340000,164.360000,164.320000,164.320000,0
20071211 083700,164.310000,164.330000,164.310000,164.320000,0
20071211 083800,164.310000,164.320000,164.290000,164.300000,0
20071211 083900,164.290000,164.310000,164.290000,164.310000,0
20071211 084000,164.320000,164.330000,164.290000,164.300000,0
20071211 084100,164.310000,164.330000,164.310000,164.320000,0
20071211 084200,164.330000,164.340000,164.310000,164.330000,0
20071211 084300,164.340000,164.340000,164.320000,164.320000,0
20071211 084400,164.330000,164.340000,164.320000,164.340000,0
20071211 084500,164.330000,164.340000,164.300000,164.320000,0
20071211 084600,164.310000,164.320000,164.300000,164.300000,0
20071211 084700,164.310000,164.340000,164.300000,164.300000,0
20071211 084800,164.310000,164.340000,164.310000,164.340000,0
20071211 084900,164.330000,164.350000,164.330000,164.350000,0
20071211 085000,164.360000,164.370000,164.350000,164.360000,0
20071211 085100,164.350000,164.350000,164.290000,164.310000,0
20071211 085200,164.320000,164.340000,164.310000,164.320000,0
20071211 085300,164.310000,164.330000,164.310000,164.310000,0
20071211 085400,164.320000,164.330000,164.300000,164.330000,0
20071211 085500,164.320000,164.360000,164.320000,164.360000,0
20071211 085600,164.350000,164.360000,164.340000,164.360000,0
20071211 085700,164.370000,164.370000,164.360000,164.360000,0
20071211 085800,164.350000,164.360000,164.340000,164.350000,0
20071211 085900,164.360000,164.370000,164.350000,164.360000,0
20071211 090000,164.350000,164.350000,164.310000,164.320000,0
20071211 090100,164.330000,164.340000,164.320000,164.330000,0
20071211 090200,164.320000,164.330000,164.310000,164.310000,0
20071211 090300,164.320000,164.330000,164.310000,164.320000,0
20071211 090400,164.310000,164.330000,164.290000,164.300000,0
20071211 090500,164.310000,164.310000,164.290000,164.300000,0
20071211 090600,164.310000,164.310000,164.230000,164.230000,0
20071211 090700,164.220000,164.220000,164.160000,164.160000,0
20071211 090800,164.150000,164.170000,164.150000,164.170000,0
20071211 090900,164.180000,164.190000,164.130000,164.130000,0
20071211 091000,164.140000,164.170000,164.130000,164.170000,0
20071211 091100,164.160000,164.160000,164.140000,164.140000,0
20071211 091200,164.150000,164.160000,164.140000,164.160000,0
20071211 091300,164.150000,164.160000,164.150000,164.160000,0
20071211 091400,164.170000,164.170000,164.150000,164.150000,0
20071211 091500,164.160000,164.200000,164.160000,164.180000,0
20071211 091600,164.190000,164.210000,164.180000,164.180000,0
20071211 091700,164.170000,164.180000,164.170000,164.180000,0
20071211 091800,164.170000,164.170000,164.140000,164.140000,0
20071211 091900,164.150000,164.180000,164.140000,164.150000,0
20071211 092000,164.140000,164.150000,164.130000,164.130000,0
20071211 092100,164.120000,164.120000,164.080000,164.100000,0
20071211 092200,164.110000,164.120000,164.090000,164.110000,0
20071211 092300,164.120000,164.160000,164.110000,164.160000,0
20071211 092400,164.150000,164.150000,164.130000,164.130000,0
20071211 092500,164.120000,164.130000,164.100000,164.120000,0
20071211 092600,164.110000,164.140000,164.060000,164.070000,0
20071211 092700,164.080000,164.090000,163.990000,164.020000,0
20071211 092800,164.040000,164.100000,164.030000,164.100000,0
20071211 092900,164.120000,164.130000,164.080000,164.100000,0
20071211 093000,164.110000,164.140000,164.090000,164.140000,0
20071211 093100,164.150000,164.180000,164.130000,164.130000,0
20071211 093200,164.140000,164.160000,164.130000,164.130000,0
20071211 093300,164.120000,164.150000,164.090000,164.150000,0
20071211 093400,164.140000,164.200000,164.140000,164.200000,0
20071211 093500,164.190000,164.210000,164.190000,164.210000,0
20071211 093600,164.200000,164.200000,164.160000,164.170000,0
20071211 093700,164.180000,164.180000,164.140000,164.140000,0
20071211 093800,164.150000,164.170000,164.130000,164.170000,0
20071211 093900,164.180000,164.180000,164.060000,164.060000,0
20071211 094000,164.090000,164.130000,164.060000,164.120000,0
20071211 094100,164.110000,164.180000,164.110000,164.160000,0
20071211 094200,164.170000,164.190000,164.160000,164.170000,0
20071211 094300,164.160000,164.230000,164.150000,164.200000,0
20071211 094400,164.210000,164.250000,164.200000,164.210000,0
20071211 094500,164.200000,164.230000,164.190000,164.220000,0
20071211 094600,164.230000,164.230000,164.200000,164.200000,0
20071211 094700,164.190000,164.200000,164.140000,164.160000,0
20071211 094800,164.170000,164.190000,164.160000,164.180000,0
20071211 094900,164.170000,164.180000,164.160000,164.170000,0
20071211 095000,164.160000,164.190000,164.160000,164.180000,0
20071211 095100,164.190000,164.200000,164.180000,164.180000,0
20071211 095200,164.190000,164.210000,164.180000,164.190000,0
20071211 095300,164.200000,164.210000,164.190000,164.200000,0
20071211 095400,164.190000,164.190000,164.170000,164.180000,0
20071211 095500,164.190000,164.200000,164.170000,164.170000,0
20071211 095600,164.180000,164.180000,164.170000,164.170000,0
20071211 095700,164.180000,164.180000,164.130000,164.140000,0
20071211 095800,164.130000,164.140000,164.110000,164.130000,0
20071211 095900,164.140000,164.150000,164.130000,164.150000,0
20071211 100000,164.160000,164.180000,164.140000,164.180000,0
20071211 100100,164.170000,164.310000,164.170000,164.270000,0
20071211 100200,164.260000,164.270000,164.250000,164.260000,0
20071211 100300,164.270000,164.300000,164.240000,164.290000,0
20071211 100400,164.280000,164.310000,164.260000,164.300000,0
20071211 100500,164.290000,164.310000,164.260000,164.310000,0
20071211 100600,164.300000,164.310000,164.270000,164.270000,0
20071211 100700,164.280000,164.310000,164.270000,164.280000,0
20071211 100800,164.270000,164.300000,164.240000,164.290000,0
20071211 100900,164.280000,164.300000,164.280000,164.290000,0
20071211 101000,164.280000,164.300000,164.250000,164.270000,0
20071211 101100,164.280000,164.280000,164.250000,164.250000,0
20071211 101200,164.260000,164.260000,164.230000,164.230000,0
20071211 101300,164.220000,164.250000,164.220000,164.240000,0
20071211 101400,164.250000,164.280000,164.240000,164.270000,0
20071211 101500,164.260000,164.260000,164.220000,164.230000,0
20071211 101600,164.220000,164.250000,164.220000,164.250000,0
20071211 101700,164.240000,164.250000,164.210000,164.230000,0
20071211 101800,164.220000,164.220000,164.170000,164.180000,0
20071211 101900,164.170000,164.180000,164.120000,164.120000,0
20071211 102000,164.130000,164.130000,164.090000,164.110000,0
20071211 102100,164.120000,164.120000,163.990000,163.990000,0
20071211 102200,163.980000,164.040000,163.970000,164.020000,0
20071211 102300,164.030000,164.040000,164.010000,164.020000,0
20071211 102400,164.030000,164.030000,164.000000,164.030000,0
20071211 102500,164.040000,164.080000,164.030000,164.080000,0
20071211 102600,164.070000,164.120000,164.070000,164.100000,0
20071211 102700,164.110000,164.130000,164.110000,164.120000,0
20071211 102800,164.130000,164.130000,164.060000,164.070000,0
20071211 102900,164.060000,164.060000,164.050000,164.050000,0
20071211 103000,164.060000,164.090000,164.040000,164.090000,0
20071211 103100,164.100000,164.130000,164.100000,164.120000,0
20071211 103200,164.130000,164.200000,164.130000,164.180000,0
20071211 103300,164.170000,164.190000,164.160000,164.170000,0
20071211 103400,164.180000,164.190000,164.160000,164.190000,0
20071211 103500,164.200000,164.210000,164.190000,164.200000,0
20071211 103600,164.210000,164.230000,164.200000,164.210000,0
20071211 103700,164.220000,164.220000,164.190000,164.190000,0
20071211 103800,164.180000,164.180000,164.170000,164.170000,0
20071211 103900,164.180000,164.180000,164.160000,164.170000,0
20071211 104000,164.180000,164.180000,164.080000,164.110000,0
20071211 104100,164.100000,164.110000,164.060000,164.070000,0
20071211 104200,164.060000,164.090000,164.060000,164.080000,0
20071211 104300,164.070000,164.070000,164.050000,164.070000,0
20071211 104400,164.080000,164.110000,164.080000,164.110000,0
20071211 104500,164.120000,164.120000,164.100000,164.120000,0
20071211 104600,164.110000,164.170000,164.090000,164.170000,0
20071211 104700,164.160000,164.170000,164.150000,164.160000,0
20071211 104800,164.150000,164.150000,164.030000,164.050000,0
20071211 104900,164.040000,164.050000,164.020000,164.050000,0
20071211 105000,164.060000,164.080000,164.040000,164.070000,0
20071211 105100,164.080000,164.120000,164.070000,164.120000,0
20071211 105200,164.130000,164.140000,164.120000,164.120000,0
20071211 105300,164.130000,164.140000,164.110000,164.130000,0
20071211 105400,164.120000,164.130000,164.090000,164.100000,0
20071211 105500,164.110000,164.150000,164.110000,164.150000,0
20071211 105600,164.160000,164.160000,164.120000,164.150000,0
20071211 105700,164.140000,164.140000,164.110000,164.110000,0
20071211 105800,164.100000,164.140000,164.100000,164.130000,0
20071211 105900,164.140000,164.160000,164.010000,164.010000,0
20071211 110000,164.020000,164.050000,164.010000,164.030000,0
20071211 110100,164.040000,164.080000,164.040000,164.070000,0
20071211 110200,164.060000,164.070000,164.030000,164.050000,0
20071211 110300,164.060000,164.090000,164.050000,164.090000,0
20071211 110400,164.080000,164.120000,164.070000,164.100000,0
20071211 110500,164.090000,164.100000,164.040000,164.060000,0
20071211 110600,164.070000,164.090000,164.060000,164.060000,0
20071211 110700,164.070000,164.070000,164.010000,164.030000,0
20071211 110800,164.020000,164.020000,163.990000,164.020000,0
20071211 110900,164.030000,164.060000,164.020000,164.050000,0
20071211 111000,164.060000,164.090000,164.060000,164.080000,0
20071211 111100,164.090000,164.120000,164.090000,164.110000,0
20071211 111200,164.100000,164.140000,164.090000,164.130000,0
20071211 111300,164.110000,164.240000,164.110000,164.190000,0
20071211 111400,164.200000,164.210000,164.180000,164.180000,0
20071211 111500,164.170000,164.180000,164.160000,164.170000,0
20071211 111600,164.180000,164.180000,164.140000,164.160000,0
20071211 111700,164.170000,164.210000,164.170000,164.190000,0
20071211 111800,164.180000,164.190000,164.180000,164.190000,0
20071211 111900,164.200000,164.210000,164.180000,164.180000,0
20071211 112000,164.190000,164.210000,164.180000,164.210000,0
20071211 112100,164.220000,164.260000,164.210000,164.260000,0
20071211 112200,164.270000,164.270000,164.220000,164.230000,0
20071211 112300,164.240000,164.250000,164.230000,164.240000,0
20071211 112400,164.230000,164.260000,164.230000,164.240000,0
20071211 112500,164.250000,164.270000,164.230000,164.230000,0
20071211 112600,164.220000,164.240000,164.220000,164.230000,0
20071211 112700,164.240000,164.260000,164.230000,164.260000,0
20071211 112800,164.270000,164.270000,164.260000,164.260000,0
20071211 112900,164.270000,164.350000,164.260000,164.350000,0
20071211 113000,164.340000,164.350000,164.320000,164.320000,0
20071211 113100,164.310000,164.310000,164.270000,164.270000,0
20071211 113200,164.280000,164.300000,164.270000,164.280000,0
20071211 113300,164.270000,164.280000,164.260000,164.270000,0
20071211 113400,164.260000,164.270000,164.250000,164.250000,0
20071211 113500,164.240000,164.260000,164.240000,164.260000,0
20071211 113600,164.270000,164.280000,164.260000,164.280000,0
20071211 113700,164.270000,164.280000,164.260000,164.260000,0
20071211 113800,164.250000,164.260000,164.240000,164.250000,0
20071211 113900,164.240000,164.250000,164.240000,164.240000,0
20071211 114000,164.250000,164.260000,164.240000,164.260000,0
20071211 114100,164.250000,164.260000,164.250000,164.250000,0
20071211 114200,164.240000,164.250000,164.240000,164.240000,0
20071211 114300,164.230000,164.230000,164.200000,164.200000,0
20071211 114400,164.210000,164.220000,164.200000,164.210000,0
20071211 114500,164.220000,164.220000,164.210000,164.220000,0
20071211 114600,164.210000,164.230000,164.200000,164.220000,0
20071211 114700,164.230000,164.240000,164.220000,164.220000,0
20071211 114800,164.210000,164.240000,164.210000,164.220000,0
20071211 114900,164.230000,164.260000,164.230000,164.260000,0
20071211 115000,164.250000,164.300000,164.250000,164.300000,0
20071211 115100,164.290000,164.300000,164.290000,164.290000,0
20071211 115200,164.300000,164.310000,164.290000,164.310000,0
20071211 115300,164.300000,164.380000,164.300000,164.380000,0
20071211 115400,164.370000,164.470000,164.370000,164.460000,0
20071211 115500,164.470000,164.480000,164.410000,164.420000,0
20071211 115600,164.410000,164.430000,164.400000,164.430000,0
20071211 115700,164.440000,164.450000,164.400000,164.410000,0
20071211 115800,164.400000,164.420000,164.370000,164.380000,0
20071211 115900,164.370000,164.380000,164.360000,164.360000,0
20071211 120000,164.370000,164.370000,164.350000,164.360000,0
20071211 120100,164.350000,164.360000,164.320000,164.330000,0
20071211 120200,164.340000,164.340000,164.320000,164.330000,0
20071211 120300,164.340000,164.350000,164.330000,164.350000,0
20071211 120400,164.360000,164.370000,164.340000,164.340000,0
20071211 120500,164.330000,164.350000,164.330000,164.350000,0
20071211 120600,164.340000,164.340000,164.290000,164.310000,0
20071211 120700,164.320000,164.330000,164.310000,164.330000,0
20071211 120800,164.320000,164.320000,164.230000,164.240000,0
20071211 120900,164.250000,164.300000,164.240000,164.300000,0
20071211 121000,164.310000,164.320000,164.300000,164.320000,0
20071211 121100,164.330000,164.330000,164.270000,164.270000,0
20071211 121200,164.280000,164.310000,164.280000,164.300000,0
20071211 121300,164.320000,164.320000,164.290000,164.290000,0
20071211 121400,164.300000,164.300000,164.280000,164.290000,0
20071211 121500,164.280000,164.290000,164.270000,164.270000,0
20071211 121600,164.260000,164.270000,164.260000,164.260000,0
20071211 121700,164.270000,164.280000,164.260000,164.270000,0
20071211 121800,164.280000,164.280000,164.270000,164.280000,0
20071211 122000,164.310000,164.340000,164.310000,164.330000,0
20071211 122100,164.340000,164.350000,164.340000,164.350000,0
20071211 122200,164.360000,164.400000,164.360000,164.400000,0
20071211 122300,164.390000,164.410000,164.360000,164.400000,0
20071211 122400,164.390000,164.420000,164.390000,164.410000,0
20071211 122500,164.400000,164.410000,164.380000,164.380000,0
20071211 122600,164.370000,164.410000,164.370000,164.410000,0
20071211 122700,164.400000,164.400000,164.380000,164.400000,0
20071211 122800,164.410000,164.410000,164.400000,164.400000,0
20071211 122900,164.410000,164.410000,164.400000,164.410000,0
20071211 123000,164.400000,164.430000,164.390000,164.420000,0
20071211 123100,164.430000,164.440000,164.420000,164.440000,0
20071211 123300,164.450000,164.450000,164.440000,164.440000,0
20071211 123400,164.450000,164.450000,164.430000,164.430000,0
20071211 123500,164.420000,164.440000,164.420000,164.430000,0
20071211 123600,164.440000,164.450000,164.440000,164.440000,0
20071211 123700,164.430000,164.430000,164.420000,164.430000,0
20071211 123800,164.440000,164.450000,164.440000,164.440000,0
20071211 123900,164.450000,164.450000,164.440000,164.440000,0
20071211 124000,164.450000,164.450000,164.430000,164.430000,0
20071211 124100,164.440000,164.470000,164.440000,164.470000,0
20071211 124200,164.460000,164.480000,164.460000,164.480000,0
20071211 124300,164.470000,164.480000,164.450000,164.450000,0
20071211 124400,164.440000,164.470000,164.440000,164.460000,0
20071211 124500,164.450000,164.450000,164.420000,164.440000,0
20071211 124600,164.430000,164.430000,164.380000,164.390000,0
20071211 124700,164.400000,164.420000,164.400000,164.420000,0
20071211 124800,164.430000,164.430000,164.420000,164.420000,0
20071211 124900,164.410000,164.420000,164.410000,164.410000,0
20071211 125000,164.430000,164.430000,164.410000,164.410000,0
20071211 125200,164.400000,164.400000,164.380000,164.390000,0
20071211 125300,164.400000,164.400000,164.390000,164.390000,0
20071211 125500,164.380000,164.380000,164.320000,164.320000,0
20071211 125600,164.330000,164.330000,164.320000,164.320000,0
20071211 125700,164.330000,164.330000,164.320000,164.320000,0
20071211 125800,164.330000,164.330000,164.300000,164.300000,0
20071211 125900,164.310000,164.310000,164.290000,164.300000,0
20071211 130000,164.290000,164.300000,164.280000,164.280000,0
20071211 130100,164.290000,164.290000,164.280000,164.280000,0
20071211 130200,164.290000,164.290000,164.280000,164.280000,0
20071211 130300,164.270000,164.270000,164.270000,164.270000,0
20071211 130400,164.260000,164.260000,164.230000,164.240000,0
20071211 130500,164.230000,164.230000,164.220000,164.220000,0
20071211 130600,164.230000,164.230000,164.220000,164.220000,0
20071211 130700,164.210000,164.220000,164.200000,164.210000,0
20071211 130800,164.220000,164.230000,164.210000,164.210000,0
20071211 130900,164.200000,164.220000,164.190000,164.220000,0
20071211 131000,164.230000,164.230000,164.210000,164.210000,0
20071211 131100,164.200000,164.210000,164.200000,164.210000,0
20071211 131200,164.220000,164.220000,164.210000,164.210000,0
20071211 131300,164.220000,164.230000,164.220000,164.220000,0
20071211 131400,164.230000,164.230000,164.210000,164.220000,0
20071211 131500,164.230000,164.250000,164.230000,164.250000,0
20071211 131600,164.240000,164.270000,164.240000,164.270000,0
20071211 131700,164.280000,164.300000,164.280000,164.300000,0
20071211 131800,164.290000,164.300000,164.290000,164.300000,0
20071211 131900,164.290000,164.310000,164.280000,164.300000,0
20071211 132000,164.310000,164.310000,164.290000,164.290000,0
20071211 132100,164.300000,164.300000,164.290000,164.300000,0
20071211 132300,164.290000,164.290000,164.290000,164.290000,0
20071211 132400,164.300000,164.300000,164.280000,164.290000,0
20071211 132500,164.300000,164.300000,164.290000,164.290000,0
20071211 132600,164.280000,164.290000,164.260000,164.270000,0
20071211 132700,164.260000,164.260000,164.250000,164.250000,0
20071211 132800,164.260000,164.260000,164.250000,164.260000,0
20071211 132900,164.250000,164.270000,164.250000,164.250000,0
20071211 133000,164.260000,164.260000,164.260000,164.260000,0
20071211 133100,164.270000,164.280000,164.250000,164.250000,0
20071211 133200,164.260000,164.310000,164.260000,164.300000,0
20071211 133300,164.290000,164.290000,164.280000,164.280000,0
20071211 133400,164.270000,164.290000,164.260000,164.280000,0
20071211 133500,164.290000,164.290000,164.280000,164.280000,0
20071211 133700,164.270000,164.270000,164.250000,164.250000,0
20071211 133800,164.260000,164.270000,164.260000,164.270000,0
20071211 133900,164.260000,164.280000,164.260000,164.260000,0
20071211 134000,164.250000,164.260000,164.240000,164.250000,0
20071211 134100,164.240000,164.260000,164.240000,164.260000,0
20071211 134200,164.250000,164.250000,164.240000,164.240000,0
20071211 134300,164.250000,164.260000,164.240000,164.260000,0
20071211 134400,164.250000,164.260000,164.250000,164.260000,0
20071211 134500,164.270000,164.300000,164.270000,164.290000,0
20071211 134600,164.300000,164.330000,164.300000,164.320000,0
20071211 134700,164.330000,164.350000,164.310000,164.340000,0
20071211 134800,164.330000,164.350000,164.320000,164.330000,0
20071211 134900,164.320000,164.330000,164.320000,164.330000,0
20071211 135000,164.340000,164.340000,164.330000,164.330000,0
20071211 135100,164.320000,164.340000,164.320000,164.330000,0
20071211 135200,164.320000,164.320000,164.260000,164.270000,0
20071211 135300,164.280000,164.280000,164.280000,164.280000,0
20071211 135400,164.300000,164.300000,164.280000,164.280000,0
20071211 135500,164.290000,164.300000,164.280000,164.300000,0
20071211 135600,164.290000,164.310000,164.280000,164.310000,0
20071211 135700,164.320000,164.320000,164.270000,164.270000,0
20071211 135800,164.280000,164.320000,164.280000,164.320000,0
20071211 135900,164.330000,164.370000,164.330000,164.350000,0
20071211 140000,164.360000,164.390000,164.360000,164.370000,0
20071211 140100,164.360000,164.360000,164.360000,164.360000,0
20071211 140200,164.350000,164.350000,164.330000,164.350000,0
20071211 140300,164.360000,164.400000,164.360000,164.400000,0
20071211 140400,164.390000,164.390000,164.290000,164.300000,0
20071211 140500,164.290000,164.320000,164.290000,164.320000,0
20071211 140600,164.330000,164.350000,164.320000,164.330000,0
20071211 140700,164.340000,164.360000,164.330000,164.330000,0
20071211 140800,164.340000,164.390000,164.340000,164.370000,0
20071211 140900,164.390000,164.420000,164.380000,164.380000,0
20071211 141000,164.390000,164.390000,164.360000,164.370000,0
20071211 141100,164.380000,164.380000,164.300000,164.310000,0
20071211 141200,164.320000,164.390000,164.310000,164.390000,0
20071211 141300,164.380000,164.410000,164.310000,164.350000,0
20071211 141400,164.340000,164.400000,164.330000,164.330000,0
20071211 141500,164.360000,164.440000,164.350000,164.380000,0
20071211 141600,164.370000,164.410000,163.690000,163.690000,0
20071211 141700,163.710000,163.730000,163.540000,163.560000,0
20071211 141800,163.570000,163.870000,163.570000,163.810000,0
20071211 141900,163.820000,163.910000,163.720000,163.840000,0
20071211 142000,163.850000,163.850000,163.530000,163.530000,0
20071211 142100,163.520000,163.540000,163.380000,163.380000,0
20071211 142200,163.360000,163.360000,163.180000,163.190000,0
20071211 142300,163.180000,163.230000,162.820000,162.840000,0
20071211 142400,162.850000,162.960000,162.840000,162.960000,0
20071211 142500,162.970000,163.050000,162.940000,163.050000,0
20071211 142600,163.040000,163.180000,163.040000,163.180000,0
20071211 142700,163.180000,163.310000,163.180000,163.270000,0
20071211 142800,163.280000,163.310000,163.220000,163.220000,0
20071211 142900,163.210000,163.280000,163.170000,163.250000,0
20071211 143000,163.260000,163.260000,163.070000,163.080000,0
20071211 143100,163.090000,163.130000,163.000000,163.030000,0
20071211 143200,163.020000,163.080000,163.000000,163.080000,0
20071211 143300,163.090000,163.170000,163.050000,163.130000,0
20071211 143400,163.100000,163.140000,163.050000,163.090000,0
20071211 143500,163.100000,163.130000,162.950000,162.950000,0
20071211 143600,162.960000,162.970000,162.860000,162.930000,0
20071211 143700,162.940000,162.940000,162.720000,162.720000,0
20071211 143800,162.730000,162.760000,162.650000,162.750000,0
20071211 143900,162.730000,162.860000,162.730000,162.860000,0
20071211 144000,162.850000,162.880000,162.840000,162.840000,0
20071211 144100,162.840000,162.850000,162.800000,162.810000,0
20071211 144200,162.820000,162.820000,162.640000,162.660000,0
20071211 144300,162.670000,162.670000,162.520000,162.520000,0
20071211 144400,162.510000,162.660000,162.490000,162.660000,0
20071211 144500,162.650000,162.730000,162.650000,162.730000,0
20071211 144600,162.720000,162.820000,162.710000,162.800000,0
20071211 144700,162.810000,162.810000,162.730000,162.770000,0
20071211 144800,162.780000,162.830000,162.750000,162.820000,0
20071211 144900,162.810000,162.820000,162.770000,162.800000,0
20071211 145000,162.810000,162.830000,162.770000,162.820000,0
20071211 145100,162.810000,162.820000,162.790000,162.790000,0
20071211 145200,162.780000,162.780000,162.660000,162.680000,0
20071211 145300,162.690000,162.710000,162.610000,162.630000,0
20071211 145400,162.640000,162.750000,162.630000,162.750000,0
20071211 145500,162.760000,162.900000,162.740000,162.830000,0
20071211 145600,162.820000,162.860000,162.770000,162.770000,0
20071211 145700,162.760000,162.790000,162.690000,162.690000,0
20071211 145800,162.680000,162.700000,162.640000,162.700000,0
20071211 145900,162.710000,162.720000,162.640000,162.640000,0
20071211 150000,162.640000,162.670000,162.630000,162.650000,0
20071211 150100,162.640000,162.660000,162.550000,162.550000,0
20071211 150200,162.560000,162.560000,162.400000,162.420000,0
20071211 150300,162.430000,162.520000,162.410000,162.420000,0
20071211 150400,162.430000,162.530000,162.410000,162.490000,0
20071211 150500,162.500000,162.570000,162.450000,162.520000,0
20071211 150600,162.500000,162.510000,162.450000,162.470000,0
20071211 150700,162.480000,162.500000,162.460000,162.470000,0
20071211 150800,162.460000,162.500000,162.460000,162.480000,0
20071211 150900,162.490000,162.510000,162.480000,162.500000,0
20071211 151000,162.490000,162.530000,162.480000,162.530000,0
20071211 151100,162.520000,162.590000,162.520000,162.540000,0
20071211 151200,162.530000,162.560000,162.530000,162.540000,0
20071211 151300,162.530000,162.550000,162.470000,162.500000,0
20071211 151400,162.490000,162.510000,162.450000,162.480000,0
20071211 151500,162.490000,162.520000,162.450000,162.520000,0
20071211 151600,162.510000,162.550000,162.490000,162.490000,0
20071211 151700,162.500000,162.510000,162.450000,162.460000,0
20071211 151800,162.450000,162.450000,162.380000,162.390000,0
20071211 151900,162.400000,162.460000,162.390000,162.390000,0
20071211 152000,162.380000,162.420000,162.360000,162.380000,0
20071211 152100,162.400000,162.450000,162.370000,162.400000,0
20071211 152200,162.390000,162.400000,162.290000,162.320000,0
20071211 152300,162.300000,162.310000,162.230000,162.230000,0
20071211 152400,162.240000,162.280000,162.210000,162.230000,0
20071211 152500,162.240000,162.400000,162.230000,162.400000,0
20071211 152600,162.390000,162.450000,162.370000,162.430000,0
20071211 152700,162.420000,162.440000,162.400000,162.410000,0
20071211 152800,162.400000,162.410000,162.370000,162.380000,0
20071211 152900,162.370000,162.460000,162.340000,162.450000,0
20071211 153000,162.440000,162.540000,162.440000,162.540000,0
20071211 153100,162.530000,162.530000,162.470000,162.470000,0
20071211 153200,162.460000,162.460000,162.380000,162.380000,0
20071211 153300,162.370000,162.380000,162.340000,162.380000,0
20071211 153400,162.370000,162.370000,162.320000,162.320000,0
20071211 153500,162.330000,162.360000,162.280000,162.280000,0
20071211 153600,162.270000,162.270000,162.220000,162.240000,0
20071211 153700,162.230000,162.240000,162.160000,162.190000,0
20071211 153800,162.170000,162.190000,162.170000,162.180000,0
20071211 153900,162.190000,162.200000,162.110000,162.120000,0
20071211 154000,162.130000,162.210000,162.110000,162.110000,0
20071211 154100,162.100000,162.220000,162.100000,162.210000,0
20071211 154200,162.200000,162.220000,162.160000,162.220000,0
20071211 154300,162.230000,162.260000,162.220000,162.260000,0
20071211 154400,162.250000,162.260000,162.140000,162.140000,0
20071211 154500,162.130000,162.160000,162.120000,162.140000,0
20071211 154600,162.130000,162.130000,162.060000,162.080000,0
20071211 154700,162.070000,162.090000,162.060000,162.080000,0
20071211 154800,162.090000,162.120000,162.070000,162.070000,0
20071211 154900,162.060000,162.110000,162.050000,162.090000,0
20071211 155000,162.070000,162.110000,162.040000,162.100000,0
20071211 155100,162.090000,162.100000,162.090000,162.100000,0
20071211 155200,162.110000,162.140000,162.110000,162.120000,0
20071211 155300,162.130000,162.130000,162.110000,162.120000,0
20071211 155400,162.130000,162.200000,162.130000,162.200000,0
20071211 155500,162.210000,162.210000,162.160000,162.160000,0
20071211 155600,162.150000,162.170000,162.140000,162.160000,0
20071211 155700,162.150000,162.160000,162.130000,162.150000,0
20071211 155800,162.140000,162.210000,162.140000,162.210000,0
20071211 155900,162.200000,162.230000,162.140000,162.150000,0
20071211 160000,162.140000,162.170000,162.140000,162.160000,0
20071211 160100,162.150000,162.150000,162.120000,162.140000,0
20071211 160200,162.130000,162.140000,162.110000,162.130000,0
20071211 160300,162.140000,162.150000,162.070000,162.070000,0
20071211 160400,162.080000,162.090000,162.080000,162.090000,0
20071211 160500,162.080000,162.090000,162.030000,162.040000,0
20071211 160600,162.030000,162.030000,161.950000,161.990000,0
20071211 160700,161.980000,161.990000,161.950000,161.960000,0
20071211 160800,161.970000,161.980000,161.950000,161.970000,0
20071211 160900,161.950000,161.980000,161.940000,161.950000,0
20071211 161000,161.960000,161.980000,161.960000,161.970000,0
20071211 161100,161.960000,162.020000,161.960000,162.020000,0
20071211 161200,162.010000,162.030000,162.010000,162.020000,0
20071211 161300,162.030000,162.070000,162.020000,162.070000,0
20071211 161400,162.080000,162.110000,162.080000,162.100000,0
20071211 161500,162.090000,162.100000,162.080000,162.090000,0
20071211 161600,162.080000,162.080000,162.060000,162.080000,0
20071211 161700,162.090000,162.090000,162.070000,162.070000,0
20071211 161800,162.080000,162.080000,162.060000,162.060000,0
20071211 161900,162.050000,162.050000,162.040000,162.050000,0
20071211 162000,162.060000,162.070000,162.050000,162.050000,0
20071211 162100,162.060000,162.060000,162.060000,162.060000,0
20071211 162200,162.050000,162.070000,162.050000,162.070000,0
20071211 162300,162.080000,162.120000,162.080000,162.110000,0
20071211 162400,162.120000,162.130000,162.110000,162.130000,0
20071211 162500,162.140000,162.140000,162.140000,162.140000,0
20071211 162600,162.150000,162.170000,162.140000,162.170000,0
20071211 162700,162.160000,162.180000,162.160000,162.170000,0
20071211 162800,162.180000,162.200000,162.170000,162.200000,0
20071211 162900,162.210000,162.220000,162.200000,162.220000,0
20071211 163100,162.230000,162.250000,162.230000,162.240000,0
20071211 163200,162.230000,162.240000,162.200000,162.210000,0
20071211 163300,162.220000,162.230000,162.200000,162.210000,0
20071211 163400,162.220000,162.230000,162.210000,162.230000,0
20071211 163500,162.240000,162.270000,162.240000,162.270000,0
20071211 163600,162.260000,162.270000,162.250000,162.270000,0
20071211 163700,162.280000,162.280000,162.250000,162.270000,0
20071211 163800,162.260000,162.270000,162.250000,162.250000,0
20071211 163900,162.270000,162.270000,162.240000,162.240000,0
20071211 164000,162.230000,162.230000,162.200000,162.210000,0
20071211 164100,162.200000,162.230000,162.190000,162.200000,0
20071211 164200,162.210000,162.220000,162.200000,162.220000,0
20071211 164300,162.210000,162.260000,162.210000,162.260000,0
20071211 164400,162.250000,162.270000,162.250000,162.270000,0
20071211 164500,162.260000,162.260000,162.230000,162.240000,0
20071211 164600,162.250000,162.250000,162.230000,162.250000,0
20071211 164700,162.260000,162.260000,162.240000,162.240000,0
20071211 164900,162.230000,162.230000,162.210000,162.230000,0
20071211 165000,162.220000,162.230000,162.200000,162.230000,0
20071211 165100,162.220000,162.230000,162.210000,162.220000,0
20071211 165200,162.210000,162.230000,162.210000,162.230000,0
20071211 165300,162.220000,162.240000,162.220000,162.230000,0
20071211 165400,162.220000,162.220000,162.210000,162.210000,0
20071211 165500,162.220000,162.220000,162.210000,162.220000,0
20071211 165600,162.210000,162.220000,162.200000,162.210000,0
20071211 165700,162.200000,162.210000,162.170000,162.190000,0
20071211 165800,162.200000,162.200000,162.190000,162.200000,0
20071211 165900,162.190000,162.210000,162.180000,162.210000,0
20071211 170000,162.200000,162.230000,162.180000,162.220000,0
20071211 170100,162.240000,162.260000,162.230000,162.260000,0
20071211 170200,162.250000,162.250000,162.240000,162.240000,0
20071211 170300,162.250000,162.260000,162.230000,162.240000,0
20071211 170400,162.260000,162.260000,162.240000,162.260000,0
20071211 170500,162.270000,162.290000,162.210000,162.260000,0
20071211 170600,162.270000,162.270000,162.250000,162.250000,0
20071211 170700,162.250000,162.290000,162.240000,162.290000,0
20071211 170800,162.310000,162.310000,162.280000,162.300000,0
20071211 170900,162.290000,162.330000,162.290000,162.330000,0
20071211 171000,162.320000,162.430000,162.320000,162.410000,0
20071211 171100,162.400000,162.430000,162.400000,162.410000,0
20071211 171200,162.400000,162.400000,162.340000,162.380000,0
20071211 171300,162.390000,162.390000,162.330000,162.360000,0
20071211 171400,162.370000,162.370000,162.360000,162.360000,0
20071211 171500,162.370000,162.370000,162.300000,162.320000,0
20071211 171600,162.290000,162.300000,162.260000,162.290000,0
20071211 171700,162.280000,162.310000,162.260000,162.300000,0
20071211 171800,162.270000,162.320000,162.260000,162.320000,0
20071211 171900,162.310000,162.320000,162.300000,162.320000,0
20071211 172000,162.330000,162.360000,162.330000,162.340000,0
20071211 172100,162.350000,162.350000,162.310000,162.340000,0
20071211 172200,162.350000,162.350000,162.330000,162.330000,0
20071211 172300,162.350000,162.350000,162.310000,162.340000,0
20071211 172400,162.330000,162.340000,162.320000,162.340000,0
20071211 172500,162.330000,162.330000,162.310000,162.310000,0
20071211 172600,162.320000,162.330000,162.320000,162.330000,0
20071211 172700,162.340000,162.360000,162.340000,162.350000,0
20071211 172800,162.360000,162.370000,162.350000,162.370000,0
20071211 172900,162.360000,162.370000,162.340000,162.350000,0
20071211 173000,162.360000,162.360000,162.350000,162.360000,0
20071211 173100,162.350000,162.380000,162.340000,162.370000,0
20071211 173200,162.380000,162.380000,162.360000,162.380000,0
20071211 173300,162.390000,162.390000,162.330000,162.350000,0
20071211 173400,162.340000,162.340000,162.270000,162.310000,0
20071211 173500,162.300000,162.340000,162.300000,162.330000,0
20071211 173600,162.320000,162.340000,162.310000,162.310000,0
20071211 173700,162.300000,162.310000,162.300000,162.310000,0
20071211 173800,162.320000,162.320000,162.310000,162.310000,0
20071211 173900,162.320000,162.330000,162.320000,162.320000,0
20071211 174000,162.310000,162.320000,162.280000,162.290000,0
20071211 174100,162.300000,162.300000,162.290000,162.300000,0
20071211 174200,162.310000,162.310000,162.300000,162.310000,0
20071211 174300,162.290000,162.310000,162.290000,162.310000,0
20071211 174400,162.300000,162.320000,162.300000,162.320000,0
20071211 174600,162.330000,162.340000,162.320000,162.340000,0
20071211 174700,162.350000,162.410000,162.340000,162.410000,0
20071211 174800,162.400000,162.410000,162.390000,162.400000,0
20071211 174900,162.390000,162.400000,162.330000,162.330000,0
20071211 175000,162.340000,162.350000,162.330000,162.330000,0
20071211 175100,162.340000,162.370000,162.310000,162.340000,0
20071211 175200,162.330000,162.340000,162.320000,162.320000,0
20071211 175300,162.310000,162.330000,162.310000,162.330000,0
20071211 175400,162.320000,162.330000,162.320000,162.320000,0
20071211 175500,162.330000,162.330000,162.330000,162.330000,0
20071211 175700,162.320000,162.320000,162.300000,162.310000,0
20071211 175800,162.320000,162.320000,162.310000,162.320000,0
20071211 175900,162.330000,162.330000,162.320000,162.330000,0
20071211 180000,162.340000,162.360000,162.330000,162.340000,0
20071211 180100,162.330000,162.340000,162.330000,162.340000,0
20071211 180200,162.330000,162.350000,162.330000,162.350000,0
20071211 180300,162.340000,162.380000,162.340000,162.380000,0
20071211 180400,162.370000,162.440000,162.350000,162.370000,0
20071211 180500,162.380000,162.420000,162.380000,162.420000,0
20071211 180600,162.410000,162.430000,162.410000,162.420000,0
20071211 180700,162.430000,162.430000,162.410000,162.430000,0
20071211 180800,162.440000,162.440000,162.420000,162.430000,0
20071211 181000,162.400000,162.420000,162.380000,162.420000,0
20071211 181100,162.430000,162.430000,162.410000,162.410000,0
20071211 181200,162.400000,162.430000,162.400000,162.420000,0
20071211 181300,162.430000,162.440000,162.420000,162.440000,0
20071211 181400,162.430000,162.430000,162.410000,162.420000,0
20071211 181500,162.410000,162.420000,162.330000,162.330000,0
20071211 181600,162.340000,162.350000,162.320000,162.320000,0
20071211 181700,162.330000,162.370000,162.320000,162.370000,0
20071211 181800,162.380000,162.390000,162.370000,162.370000,0
20071211 181900,162.360000,162.370000,162.330000,162.350000,0
20071211 182000,162.360000,162.360000,162.340000,162.360000,0
20071211 182100,162.370000,162.380000,162.360000,162.370000,0
20071211 182200,162.360000,162.370000,162.330000,162.330000,0
20071211 182300,162.340000,162.390000,162.340000,162.390000,0
20071211 182400,162.380000,162.390000,162.380000,162.390000,0
20071211 182500,162.400000,162.460000,162.370000,162.460000,0
20071211 182600,162.450000,162.470000,162.430000,162.430000,0
20071211 182700,162.440000,162.450000,162.440000,162.450000,0
20071211 182800,162.460000,162.470000,162.450000,162.450000,0
20071211 182900,162.460000,162.460000,162.460000,162.460000,0
20071211 183000,162.450000,162.450000,162.440000,162.450000,0
20071211 183100,162.440000,162.460000,162.440000,162.450000,0
20071211 183200,162.460000,162.460000,162.450000,162.450000,0
20071211 183300,162.460000,162.500000,162.440000,162.460000,0
20071211 183400,162.470000,162.480000,162.460000,162.480000,0
20071211 183500,162.490000,162.490000,162.440000,162.450000,0
20071211 183600,162.460000,162.470000,162.440000,162.450000,0
20071211 183700,162.440000,162.450000,162.440000,162.440000,0
20071211 183800,162.450000,162.460000,162.430000,162.460000,0
20071211 183900,162.450000,162.470000,162.450000,162.460000,0
20071211 184000,162.450000,162.450000,162.420000,162.420000,0
20071211 184100,162.430000,162.430000,162.420000,162.420000,0
20071211 184200,162.430000,162.460000,162.420000,162.450000,0
20071211 184300,162.440000,162.470000,162.430000,162.470000,0
20071211 184400,162.460000,162.490000,162.460000,162.480000,0
20071211 184500,162.470000,162.480000,162.470000,162.480000,0
20071211 184600,162.470000,162.470000,162.400000,162.440000,0
20071211 184700,162.450000,162.450000,162.440000,162.450000,0
20071211 184800,162.460000,162.460000,162.440000,162.450000,0
20071211 184900,162.460000,162.460000,162.440000,162.450000,0
20071211 185000,162.460000,162.460000,162.440000,162.450000,0
20071211 185100,162.460000,162.480000,162.450000,162.450000,0
20071211 185200,162.460000,162.480000,162.450000,162.470000,0
20071211 185300,162.460000,162.480000,162.460000,162.470000,0
20071211 185400,162.460000,162.530000,162.460000,162.530000,0
20071211 185500,162.540000,162.590000,162.540000,162.580000,0
20071211 185600,162.570000,162.580000,162.570000,162.580000,0
20071211 185700,162.590000,162.600000,162.570000,162.570000,0
20071211 185800,162.580000,162.580000,162.570000,162.570000,0
20071211 185900,162.580000,162.600000,162.570000,162.600000,0
20071211 190000,162.590000,162.620000,162.580000,162.600000,0
20071211 190100,162.590000,162.590000,162.550000,162.570000,0
20071211 190200,162.580000,162.580000,162.540000,162.560000,0
20071211 190300,162.570000,162.620000,162.570000,162.620000,0
20071211 190400,162.610000,162.620000,162.590000,162.610000,0
20071211 190500,162.620000,162.620000,162.600000,162.610000,0
20071211 190600,162.620000,162.620000,162.590000,162.600000,0
20071211 190700,162.590000,162.620000,162.590000,162.610000,0
20071211 190800,162.600000,162.610000,162.600000,162.610000,0
20071211 190900,162.600000,162.620000,162.600000,162.610000,0
20071211 191000,162.590000,162.600000,162.580000,162.590000,0
20071211 191100,162.570000,162.620000,162.570000,162.610000,0
20071211 191200,162.600000,162.630000,162.600000,162.620000,0
20071211 191300,162.610000,162.620000,162.600000,162.610000,0
20071211 191400,162.600000,162.610000,162.590000,162.600000,0
20071211 191500,162.590000,162.590000,162.570000,162.570000,0
20071211 191600,162.560000,162.560000,162.550000,162.550000,0
20071211 191700,162.560000,162.560000,162.530000,162.530000,0
20071211 191800,162.540000,162.590000,162.540000,162.590000,0
20071211 191900,162.570000,162.580000,162.560000,162.560000,0
20071211 192000,162.570000,162.600000,162.560000,162.590000,0
20071211 192100,162.580000,162.580000,162.560000,162.580000,0
20071211 192200,162.570000,162.620000,162.560000,162.600000,0
20071211 192300,162.590000,162.650000,162.590000,162.630000,0
20071211 192400,162.640000,162.640000,162.600000,162.620000,0
20071211 192500,162.600000,162.620000,162.580000,162.590000,0
20071211 192600,162.600000,162.600000,162.590000,162.600000,0
20071211 192700,162.610000,162.630000,162.610000,162.620000,0
20071211 192800,162.630000,162.670000,162.600000,162.670000,0
20071211 192900,162.660000,162.670000,162.640000,162.660000,0
20071211 193000,162.650000,162.670000,162.640000,162.660000,0
20071211 193100,162.670000,162.670000,162.640000,162.640000,0
20071211 193200,162.630000,162.640000,162.620000,162.630000,0
20071211 193300,162.620000,162.650000,162.620000,162.650000,0
20071211 193400,162.640000,162.680000,162.640000,162.670000,0
20071211 193500,162.660000,162.680000,162.660000,162.670000,0
20071211 193600,162.680000,162.690000,162.680000,162.690000,0
20071211 193700,162.700000,162.700000,162.680000,162.700000,0
20071211 193800,162.710000,162.800000,162.710000,162.750000,0
20071211 193900,162.740000,162.750000,162.730000,162.740000,0
20071211 194000,162.730000,162.750000,162.730000,162.740000,0
20071211 194100,162.730000,162.760000,162.730000,162.750000,0
20071211 194200,162.760000,162.810000,162.760000,162.800000,0
20071211 194300,162.810000,162.830000,162.780000,162.810000,0
20071211 194400,162.820000,162.820000,162.750000,162.760000,0
20071211 194500,162.770000,162.780000,162.750000,162.760000,0
20071211 194600,162.750000,162.770000,162.740000,162.750000,0
20071211 194700,162.740000,162.750000,162.670000,162.680000,0
20071211 194800,162.700000,162.700000,162.670000,162.670000,0
20071211 194900,162.660000,162.670000,162.650000,162.670000,0
20071211 195000,162.650000,162.670000,162.620000,162.620000,0
20071211 195100,162.600000,162.640000,162.590000,162.630000,0
20071211 195200,162.650000,162.680000,162.640000,162.680000,0
20071211 195300,162.670000,162.670000,162.650000,162.650000,0
20071211 195400,162.640000,162.660000,162.640000,162.660000,0
20071211 195500,162.690000,162.700000,162.660000,162.670000,0
20071211 195600,162.660000,162.680000,162.650000,162.650000,0
20071211 195700,162.640000,162.660000,162.640000,162.650000,0
20071211 195800,162.640000,162.670000,162.640000,162.670000,0
20071211 195900,162.680000,162.680000,162.650000,162.660000,0
20071211 200000,162.650000,162.670000,162.650000,162.660000,0
20071211 200100,162.650000,162.650000,162.620000,162.640000,0
20071211 200200,162.630000,162.630000,162.600000,162.620000,0
20071211 200300,162.610000,162.620000,162.600000,162.600000,0
20071211 200400,162.590000,162.590000,162.530000,162.530000,0
20071211 200500,162.550000,162.550000,162.530000,162.550000,0
20071211 200600,162.540000,162.570000,162.540000,162.570000,0
20071211 200700,162.580000,162.580000,162.530000,162.530000,0
20071211 200800,162.540000,162.540000,162.520000,162.530000,0
20071211 200900,162.540000,162.580000,162.540000,162.580000,0
20071211 201000,162.570000,162.570000,162.550000,162.560000,0
20071211 201100,162.570000,162.570000,162.560000,162.560000,0
20071211 201200,162.570000,162.600000,162.570000,162.590000,0
20071211 201300,162.600000,162.600000,162.600000,162.600000,0
20071211 201400,162.590000,162.590000,162.550000,162.560000,0
20071211 201500,162.570000,162.620000,162.550000,162.610000,0
20071211 201600,162.600000,162.620000,162.580000,162.610000,0
20071211 201700,162.620000,162.630000,162.580000,162.580000,0
20071211 201800,162.590000,162.590000,162.580000,162.580000,0
20071211 201900,162.590000,162.590000,162.580000,162.580000,0
20071211 202000,162.570000,162.590000,162.570000,162.590000,0
20071211 202100,162.580000,162.590000,162.560000,162.560000,0
20071211 202200,162.570000,162.570000,162.560000,162.570000,0
20071211 202300,162.580000,162.590000,162.580000,162.590000,0
20071211 202400,162.580000,162.610000,162.580000,162.600000,0
20071211 202500,162.610000,162.610000,162.600000,162.600000,0
20071211 202600,162.610000,162.630000,162.600000,162.630000,0
20071211 202700,162.640000,162.650000,162.630000,162.640000,0
20071211 202800,162.630000,162.630000,162.620000,162.620000,0
20071211 202900,162.630000,162.700000,162.630000,162.700000,0
20071211 203000,162.710000,162.720000,162.690000,162.700000,0
20071211 203100,162.680000,162.700000,162.680000,162.700000,0
20071211 203200,162.690000,162.700000,162.690000,162.700000,0
20071211 203300,162.710000,162.710000,162.680000,162.680000,0
20071211 203400,162.670000,162.690000,162.650000,162.680000,0
20071211 203500,162.670000,162.700000,162.670000,162.680000,0
20071211 203600,162.670000,162.670000,162.640000,162.650000,0
20071211 203700,162.640000,162.660000,162.640000,162.650000,0
20071211 203800,162.660000,162.680000,162.650000,162.660000,0
20071211 203900,162.670000,162.670000,162.660000,162.660000,0
20071211 204000,162.670000,162.670000,162.660000,162.660000,0
20071211 204100,162.670000,162.670000,162.660000,162.660000,0
20071211 204200,162.670000,162.670000,162.660000,162.670000,0
20071211 204300,162.660000,162.670000,162.660000,162.660000,0
20071211 204400,162.670000,162.680000,162.660000,162.670000,0
20071211 204500,162.660000,162.700000,162.660000,162.700000,0
20071211 204600,162.690000,162.700000,162.680000,162.690000,0
20071211 204700,162.680000,162.690000,162.680000,162.690000,0
20071211 204800,162.700000,162.710000,162.680000,162.680000,0
20071211 205000,162.670000,162.680000,162.670000,162.680000,0
20071211 205300,162.690000,162.690000,162.690000,162.690000,0
20071211 205400,162.700000,162.700000,162.680000,162.690000,0
20071211 205500,162.680000,162.690000,162.670000,162.680000,0
20071211 205600,162.670000,162.670000,162.650000,162.660000,0
20071211 205700,162.670000,162.670000,162.660000,162.670000,0
20071211 205900,162.660000,162.670000,162.660000,162.670000,0
20071211 210000,162.660000,162.660000,162.650000,162.660000,0
20071211 210100,162.650000,162.650000,162.650000,162.650000,0
20071211 210200,162.640000,162.640000,162.640000,162.640000,0
20071211 210300,162.650000,162.650000,162.630000,162.640000,0
20071211 210400,162.630000,162.650000,162.630000,162.650000,0
20071211 210500,162.640000,162.650000,162.630000,162.640000,0
20071211 210600,162.650000,162.650000,162.640000,162.640000,0
20071211 210700,162.630000,162.640000,162.610000,162.610000,0
20071211 210800,162.600000,162.600000,162.590000,162.600000,0
20071211 210900,162.590000,162.590000,162.590000,162.590000,0
20071211 211000,162.580000,162.590000,162.550000,162.550000,0
20071211 211100,162.540000,162.550000,162.530000,162.530000,0
20071211 211200,162.540000,162.540000,162.530000,162.530000,0
20071211 211300,162.520000,162.540000,162.520000,162.520000,0
20071211 211400,162.530000,162.530000,162.520000,162.520000,0
20071211 211500,162.530000,162.550000,162.530000,162.540000,0
20071211 211600,162.520000,162.540000,162.520000,162.530000,0
20071211 211800,162.520000,162.530000,162.510000,162.510000,0
20071211 211900,162.500000,162.510000,162.480000,162.480000,0
20071211 212000,162.490000,162.490000,162.450000,162.460000,0
20071211 212100,162.470000,162.470000,162.440000,162.450000,0
20071211 212200,162.460000,162.460000,162.450000,162.450000,0
20071211 212300,162.460000,162.460000,162.420000,162.430000,0
20071211 212400,162.420000,162.460000,162.420000,162.450000,0
20071211 212500,162.460000,162.460000,162.430000,162.430000,0
20071211 212600,162.440000,162.470000,162.440000,162.450000,0
20071211 212700,162.470000,162.470000,162.450000,162.460000,0
20071211 212800,162.470000,162.480000,162.460000,162.470000,0
20071211 212900,162.480000,162.490000,162.470000,162.480000,0
20071211 213000,162.490000,162.500000,162.480000,162.490000,0
20071211 213100,162.480000,162.490000,162.480000,162.490000,0
20071211 213200,162.480000,162.490000,162.470000,162.480000,0
20071211 213300,162.490000,162.490000,162.480000,162.480000,0
20071211 213400,162.490000,162.510000,162.480000,162.500000,0
20071211 213500,162.490000,162.500000,162.490000,162.490000,0
20071211 213600,162.500000,162.510000,162.500000,162.510000,0
20071211 213700,162.500000,162.510000,162.500000,162.500000,0
20071211 213800,162.490000,162.510000,162.490000,162.510000,0
20071211 213900,162.500000,162.510000,162.500000,162.500000,0
20071211 214100,162.490000,162.560000,162.480000,162.560000,0
20071211 214200,162.570000,162.570000,162.560000,162.570000,0
20071211 214300,162.550000,162.560000,162.520000,162.520000,0
20071211 214400,162.510000,162.510000,162.510000,162.510000,0
20071211 214500,162.500000,162.530000,162.500000,162.520000,0
20071211 214600,162.510000,162.530000,162.500000,162.530000,0
20071211 214700,162.520000,162.520000,162.520000,162.520000,0
20071211 214800,162.530000,162.560000,162.490000,162.500000,0
20071211 214900,162.510000,162.510000,162.500000,162.510000,0
20071211 215000,162.500000,162.520000,162.500000,162.510000,0
20071211 215100,162.500000,162.560000,162.500000,162.550000,0
20071211 215200,162.540000,162.570000,162.540000,162.570000,0
20071211 215300,162.560000,162.570000,162.540000,162.550000,0
20071211 215400,162.540000,162.560000,162.540000,162.560000,0
20071211 215500,162.550000,162.560000,162.550000,162.550000,0
20071211 215600,162.540000,162.550000,162.530000,162.530000,0
20071211 215700,162.520000,162.520000,162.500000,162.510000,0
20071211 215800,162.500000,162.510000,162.480000,162.490000,0
20071211 215900,162.500000,162.520000,162.500000,162.510000,0
20071211 220000,162.500000,162.530000,162.500000,162.510000,0
20071211 220100,162.500000,162.510000,162.500000,162.510000,0
20071211 220200,162.500000,162.520000,162.500000,162.520000,0
20071211 220300,162.530000,162.540000,162.520000,162.540000,0
20071211 220400,162.530000,162.530000,162.520000,162.530000,0
20071211 220500,162.540000,162.540000,162.540000,162.540000,0
20071211 220600,162.550000,162.550000,162.550000,162.550000,0
20071211 220800,162.560000,162.560000,162.560000,162.560000,0
20071211 220900,162.550000,162.580000,162.550000,162.580000,0
20071211 221000,162.590000,162.600000,162.580000,162.600000,0
20071211 221100,162.590000,162.590000,162.580000,162.580000,0
20071211 221200,162.570000,162.570000,162.550000,162.560000,0
20071211 221300,162.550000,162.560000,162.530000,162.560000,0
20071211 221400,162.540000,162.550000,162.530000,162.530000,0
20071211 221500,162.520000,162.530000,162.510000,162.530000,0
20071211 221600,162.540000,162.540000,162.530000,162.530000,0
20071211 221800,162.540000,162.550000,162.540000,162.540000,0
20071211 221900,162.550000,162.550000,162.530000,162.530000,0
20071211 222000,162.520000,162.540000,162.520000,162.530000,0
20071211 222100,162.540000,162.540000,162.540000,162.540000,0
20071211 222200,162.520000,162.530000,162.510000,162.520000,0
20071211 222300,162.510000,162.530000,162.510000,162.530000,0
20071211 222400,162.540000,162.560000,162.540000,162.560000,0
20071211 222500,162.550000,162.560000,162.550000,162.560000,0
20071211 222600,162.540000,162.560000,162.540000,162.560000,0
20071211 222700,162.550000,162.560000,162.530000,162.550000,0
20071211 222800,162.560000,162.560000,162.530000,162.540000,0
20071211 222900,162.530000,162.550000,162.500000,162.540000,0
20071211 223000,162.530000,162.550000,162.520000,162.540000,0
20071211 223100,162.550000,162.550000,162.540000,162.550000,0
20071211 223200,162.540000,162.540000,162.530000,162.540000,0
20071211 223300,162.530000,162.540000,162.530000,162.540000,0
20071211 223400,162.550000,162.550000,162.540000,162.540000,0
20071211 223500,162.530000,162.530000,162.520000,162.520000,0
20071211 223600,162.530000,162.560000,162.520000,162.550000,0
20071211 223700,162.560000,162.560000,162.540000,162.550000,0
20071211 223800,162.560000,162.570000,162.540000,162.560000,0
20071211 223900,162.550000,162.550000,162.530000,162.540000,0
20071211 224000,162.550000,162.550000,162.530000,162.550000,0
20071211 224100,162.560000,162.560000,162.530000,162.530000,0
20071211 224200,162.520000,162.530000,162.520000,162.530000,0
20071211 224300,162.540000,162.540000,162.520000,162.520000,0
20071211 224400,162.530000,162.530000,162.520000,162.530000,0
20071211 224500,162.520000,162.530000,162.500000,162.510000,0
20071211 224600,162.520000,162.530000,162.520000,162.520000,0
20071211 224700,162.530000,162.530000,162.520000,162.520000,0
20071211 224800,162.510000,162.510000,162.480000,162.490000,0
20071211 224900,162.500000,162.530000,162.490000,162.520000,0
20071211 225000,162.530000,162.530000,162.510000,162.510000,0
20071211 225100,162.500000,162.520000,162.500000,162.520000,0
20071211 225200,162.510000,162.520000,162.500000,162.500000,0
20071211 225300,162.510000,162.510000,162.510000,162.510000,0
20071211 225400,162.520000,162.550000,162.520000,162.520000,0
20071211 225500,162.510000,162.510000,162.480000,162.480000,0
20071211 225600,162.490000,162.510000,162.490000,162.500000,0
20071211 225700,162.490000,162.510000,162.480000,162.490000,0
20071211 225800,162.480000,162.500000,162.480000,162.500000,0
20071211 225900,162.490000,162.500000,162.470000,162.470000,0
20071211 230000,162.480000,162.480000,162.480000,162.480000,0
20071211 230100,162.490000,162.500000,162.480000,162.490000,0
20071211 230200,162.500000,162.500000,162.500000,162.500000,0
20071211 230300,162.490000,162.500000,162.490000,162.500000,0
20071211 230400,162.510000,162.540000,162.510000,162.530000,0
20071211 230500,162.510000,162.530000,162.510000,162.520000,0
20071211 230600,162.510000,162.520000,162.510000,162.510000,0
20071211 230700,162.520000,162.530000,162.500000,162.500000,0
20071211 230800,162.510000,162.520000,162.510000,162.520000,0
20071211 230900,162.530000,162.530000,162.520000,162.530000,0
20071211 231000,162.530000,162.580000,162.530000,162.580000,0
20071211 231100,162.590000,162.630000,162.590000,162.600000,0
20071211 231200,162.600000,162.640000,162.600000,162.620000,0
20071211 231300,162.610000,162.620000,162.590000,162.590000,0
20071211 231400,162.580000,162.600000,162.580000,162.580000,0
20071211 231500,162.590000,162.600000,162.580000,162.580000,0
20071211 231600,162.570000,162.570000,162.540000,162.550000,0
20071211 231700,162.560000,162.580000,162.550000,162.570000,0
20071211 231800,162.560000,162.580000,162.550000,162.560000,0
20071211 231900,162.570000,162.590000,162.560000,162.580000,0
20071211 232000,162.570000,162.570000,162.540000,162.550000,0
20071211 232100,162.540000,162.540000,162.530000,162.540000,0
20071211 232200,162.530000,162.550000,162.520000,162.530000,0
20071211 232300,162.540000,162.570000,162.540000,162.550000,0
20071211 232400,162.560000,162.560000,162.540000,162.540000,0
20071211 232500,162.550000,162.560000,162.530000,162.530000,0
20071211 232600,162.540000,162.540000,162.520000,162.520000,0
20071211 232700,162.530000,162.530000,162.520000,162.520000,0
20071211 232800,162.510000,162.520000,162.490000,162.500000,0
20071211 232900,162.490000,162.510000,162.480000,162.500000,0
20071211 233000,162.510000,162.510000,162.500000,162.500000,0
20071211 233100,162.490000,162.500000,162.490000,162.500000,0
20071211 233200,162.490000,162.510000,162.490000,162.510000,0
20071211 233300,162.500000,162.510000,162.490000,162.510000,0
20071211 233400,162.520000,162.520000,162.500000,162.500000,0
20071211 233500,162.490000,162.510000,162.490000,162.490000,0
20071211 233600,162.500000,162.550000,162.490000,162.540000,0
20071211 233700,162.550000,162.550000,162.520000,162.520000,0
20071211 233800,162.530000,162.560000,162.520000,162.550000,0
20071211 233900,162.560000,162.620000,162.550000,162.620000,0
20071211 234000,162.610000,162.610000,162.580000,162.590000,0
20071211 234100,162.580000,162.620000,162.580000,162.620000,0
20071211 234200,162.610000,162.650000,162.590000,162.650000,0
20071211 234300,162.640000,162.640000,162.620000,162.630000,0
20071211 234400,162.620000,162.620000,162.600000,162.610000,0
20071211 234500,162.620000,162.620000,162.610000,162.620000,0
20071211 234600,162.610000,162.630000,162.610000,162.630000,0
20071211 234700,162.620000,162.630000,162.620000,162.630000,0
20071211 234800,162.620000,162.650000,162.600000,162.610000,0
20071211 234900,162.600000,162.610000,162.600000,162.610000,0
20071211 235000,162.600000,162.620000,162.600000,162.620000,0
20071211 235100,162.630000,162.630000,162.600000,162.600000,0
20071211 235200,162.610000,162.610000,162.600000,162.610000,0
20071211 235300,162.620000,162.630000,162.610000,162.620000,0
20071211 235500,162.630000,162.640000,162.620000,162.640000,0
20071211 235600,162.630000,162.640000,162.620000,162.630000,0
20071211 235700,162.620000,162.640000,162.620000,162.640000,0
20071211 235800,162.630000,162.650000,162.620000,162.630000,0
20071211 235900,162.640000,162.640000,162.630000,162.640000,0
