20120203 000000,100.043000,100.046000,100.038000,100.041000,0
20120203 000100,100.042000,100.043000,100.033000,100.035000,0
20120203 000200,100.034000,100.050000,100.032000,100.046000,0
20120203 000300,100.045000,100.047000,100.038000,100.047000,0
20120203 000400,100.045000,100.050000,100.038000,100.050000,0
20120203 000500,100.052000,100.052000,100.044000,100.049000,0
20120203 000600,100.048000,100.050000,100.048000,100.049000,0
20120203 000700,100.050000,100.051000,100.044000,100.047000,0
20120203 000800,100.046000,100.065000,100.044000,100.055000,0
20120203 000900,100.054000,100.055000,100.048000,100.049000,0
20120203 001000,100.052000,100.060000,100.052000,100.056000,0
20120203 001100,100.054000,100.058000,100.025000,100.057000,0
20120203 001200,100.056000,100.063000,100.054000,100.062000,0
20120203 001300,100.063000,100.063000,100.058000,100.059000,0
20120203 001400,100.058000,100.065000,100.058000,100.065000,0
20120203 001500,100.066000,100.069000,100.060000,100.066000,0
20120203 001600,100.064000,100.065000,100.055000,100.055000,0
20120203 001700,100.056000,100.073000,100.052000,100.073000,0
20120203 001800,100.072000,100.073000,100.058000,100.072000,0
20120203 001900,100.073000,100.077000,100.068000,100.075000,0
20120203 002000,100.076000,100.087000,100.072000,100.081000,0
20120203 002100,100.080000,100.106000,100.076000,100.095000,0
20120203 002200,100.094000,100.104000,100.088000,100.103000,0
20120203 002300,100.102000,100.102000,100.090000,100.090000,0
20120203 002400,100.091000,100.100000,100.091000,100.095000,0
20120203 002500,100.096000,100.097000,100.088000,100.096000,0
20120203 002600,100.097000,100.098000,100.079000,100.086000,0
20120203 002700,100.082000,100.086000,100.082000,100.086000,0
20120203 002800,100.089000,100.095000,100.081000,100.082000,0
20120203 002900,100.081000,100.082000,100.071000,100.076000,0
20120203 003000,100.078000,100.087000,100.077000,100.087000,0
20120203 003100,100.082000,100.087000,100.067000,100.087000,0
20120203 003200,100.088000,100.089000,100.083000,100.085000,0
20120203 003300,100.084000,100.094000,100.084000,100.092000,0
20120203 003400,100.094000,100.100000,100.092000,100.098000,0
20120203 003500,100.097000,100.099000,100.091000,100.092000,0
20120203 003600,100.093000,100.114000,100.093000,100.112000,0
20120203 003700,100.113000,100.113000,100.106000,100.106000,0
20120203 003800,100.105000,100.109000,100.097000,100.101000,0
20120203 003900,100.100000,100.104000,100.097000,100.104000,0
20120203 004000,100.106000,100.121000,100.106000,100.119000,0
20120203 004100,100.120000,100.124000,100.117000,100.122000,0
20120203 004200,100.121000,100.121000,100.107000,100.109000,0
20120203 004300,100.108000,100.121000,100.108000,100.117000,0
20120203 004400,100.118000,100.123000,100.112000,100.121000,0
20120203 004500,100.120000,100.124000,100.117000,100.121000,0
20120203 004600,100.122000,100.122000,100.114000,100.121000,0
20120203 004700,100.120000,100.122000,100.120000,100.122000,0
20120203 004800,100.123000,100.130000,100.122000,100.130000,0
20120203 004900,100.131000,100.136000,100.129000,100.131000,0
20120203 005000,100.132000,100.134000,100.130000,100.133000,0
20120203 005100,100.132000,100.136000,100.129000,100.136000,0
20120203 005200,100.135000,100.136000,100.129000,100.130000,0
20120203 005300,100.128000,100.130000,100.110000,100.111000,0
20120203 005400,100.110000,100.120000,100.109000,100.114000,0
20120203 005500,100.112000,100.112000,100.089000,100.093000,0
20120203 005600,100.092000,100.092000,100.063000,100.068000,0
20120203 005700,100.069000,100.084000,100.065000,100.081000,0
20120203 005800,100.080000,100.082000,100.080000,100.080000,0
20120203 005900,100.083000,100.087000,100.080000,100.085000,0
20120203 010000,100.086000,100.087000,100.074000,100.074000,0
20120203 010100,100.077000,100.088000,100.074000,100.077000,0
20120203 010200,100.078000,100.097000,100.077000,100.092000,0
20120203 010300,100.098000,100.098000,100.085000,100.094000,0
20120203 010400,100.095000,100.096000,100.089000,100.093000,0
20120203 010500,100.094000,100.102000,100.093000,100.099000,0
20120203 010600,100.098000,100.102000,100.094000,100.102000,0
20120203 010700,100.101000,100.103000,100.092000,100.100000,0
20120203 010800,100.103000,100.157000,100.103000,100.155000,0
20120203 010900,100.156000,100.181000,100.156000,100.176000,0
20120203 011000,100.180000,100.184000,100.167000,100.175000,0
20120203 011100,100.174000,100.180000,100.168000,100.169000,0
20120203 011200,100.170000,100.173000,100.163000,100.163000,0
20120203 011300,100.164000,100.168000,100.162000,100.163000,0
20120203 011400,100.159000,100.163000,100.153000,100.162000,0
20120203 011500,100.163000,100.165000,100.160000,100.165000,0
20120203 011600,100.161000,100.174000,100.160000,100.173000,0
20120203 011700,100.174000,100.189000,100.171000,100.185000,0
20120203 011800,100.184000,100.192000,100.181000,100.188000,0
20120203 011900,100.187000,100.217000,100.175000,100.213000,0
20120203 012000,100.216000,100.216000,100.193000,100.201000,0
20120203 012100,100.200000,100.204000,100.194000,100.199000,0
20120203 012200,100.200000,100.213000,100.200000,100.213000,0
20120203 012300,100.214000,100.214000,100.204000,100.204000,0
20120203 012400,100.203000,100.203000,100.195000,100.200000,0
20120203 012500,100.201000,100.201000,100.174000,100.177000,0
20120203 012600,100.176000,100.184000,100.173000,100.184000,0
20120203 012700,100.185000,100.188000,100.181000,100.187000,0
20120203 012800,100.188000,100.188000,100.184000,100.186000,0
20120203 012900,100.188000,100.206000,100.188000,100.206000,0
20120203 013000,100.207000,100.231000,100.207000,100.230000,0
20120203 013100,100.231000,100.247000,100.227000,100.238000,0
20120203 013200,100.237000,100.243000,100.233000,100.233000,0
20120203 013300,100.234000,100.234000,100.218000,100.219000,0
20120203 013400,100.218000,100.219000,100.210000,100.215000,0
20120203 013500,100.216000,100.218000,100.211000,100.212000,0
20120203 013600,100.213000,100.228000,100.212000,100.226000,0
20120203 013700,100.228000,100.228000,100.205000,100.207000,0
20120203 013800,100.206000,100.207000,100.198000,100.199000,0
20120203 013900,100.198000,100.198000,100.195000,100.197000,0
20120203 014000,100.199000,100.208000,100.198000,100.203000,0
20120203 014100,100.201000,100.206000,100.201000,100.205000,0
20120203 014200,100.203000,100.207000,100.194000,100.201000,0
20120203 014300,100.202000,100.202000,100.194000,100.195000,0
20120203 014400,100.196000,100.201000,100.173000,100.174000,0
20120203 014500,100.173000,100.175000,100.168000,100.172000,0
20120203 014600,100.174000,100.174000,100.172000,100.172000,0
20120203 014700,100.173000,100.174000,100.153000,100.158000,0
20120203 014800,100.156000,100.165000,100.153000,100.165000,0
20120203 014900,100.166000,100.172000,100.165000,100.171000,0
20120203 015000,100.172000,100.172000,100.158000,100.165000,0
20120203 015100,100.164000,100.172000,100.158000,100.160000,0
20120203 015200,100.161000,100.162000,100.155000,100.161000,0
20120203 015300,100.159000,100.159000,100.134000,100.140000,0
20120203 015400,100.139000,100.139000,100.116000,100.133000,0
20120203 015500,100.132000,100.136000,100.129000,100.135000,0
20120203 015600,100.136000,100.137000,100.130000,100.136000,0
20120203 015700,100.135000,100.151000,100.135000,100.140000,0
20120203 015800,100.141000,100.149000,100.141000,100.144000,0
20120203 015900,100.143000,100.149000,100.133000,100.147000,0
20120203 020000,100.148000,100.152000,100.137000,100.145000,0
20120203 020100,100.142000,100.147000,100.137000,100.139000,0
20120203 020200,100.138000,100.154000,100.138000,100.153000,0
20120203 020300,100.154000,100.155000,100.134000,100.148000,0
20120203 020400,100.150000,100.169000,100.146000,100.165000,0
20120203 020500,100.164000,100.167000,100.160000,100.166000,0
20120203 020600,100.165000,100.186000,100.165000,100.176000,0
20120203 020700,100.177000,100.177000,100.153000,100.157000,0
20120203 020800,100.156000,100.160000,100.154000,100.160000,0
20120203 020900,100.161000,100.161000,100.140000,100.140000,0
20120203 021000,100.139000,100.151000,100.138000,100.142000,0
20120203 021100,100.140000,100.142000,100.116000,100.119000,0
20120203 021200,100.118000,100.121000,100.074000,100.075000,0
20120203 021300,100.073000,100.073000,100.046000,100.050000,0
20120203 021400,100.049000,100.064000,100.047000,100.060000,0
20120203 021500,100.059000,100.061000,100.029000,100.036000,0
20120203 021600,100.041000,100.063000,100.040000,100.060000,0
20120203 021700,100.059000,100.065000,100.019000,100.038000,0
20120203 021800,100.039000,100.052000,100.034000,100.051000,0
20120203 021900,100.052000,100.057000,100.048000,100.057000,0
20120203 022000,100.056000,100.073000,100.053000,100.072000,0
20120203 022100,100.073000,100.088000,100.071000,100.071000,0
20120203 022200,100.069000,100.076000,100.069000,100.073000,0
20120203 022300,100.075000,100.105000,100.071000,100.099000,0
20120203 022400,100.097000,100.098000,100.077000,100.077000,0
20120203 022500,100.076000,100.092000,100.075000,100.090000,0
20120203 022600,100.094000,100.113000,100.093000,100.101000,0
20120203 022700,100.099000,100.104000,100.085000,100.085000,0
20120203 022800,100.086000,100.107000,100.086000,100.101000,0
20120203 022900,100.100000,100.103000,100.082000,100.096000,0
20120203 023000,100.095000,100.098000,100.087000,100.087000,0
20120203 023100,100.086000,100.087000,99.993000,100.044000,0
20120203 023200,100.046000,100.069000,100.038000,100.065000,0
20120203 023300,100.066000,100.071000,100.042000,100.055000,0
20120203 023400,100.054000,100.082000,100.048000,100.076000,0
20120203 023500,100.074000,100.074000,100.047000,100.060000,0
20120203 023600,100.058000,100.063000,100.015000,100.033000,0
20120203 023700,100.031000,100.063000,100.029000,100.060000,0
20120203 023800,100.059000,100.065000,100.056000,100.063000,0
20120203 023900,100.062000,100.062000,100.050000,100.060000,0
20120203 024000,100.061000,100.099000,100.059000,100.098000,0
20120203 024100,100.099000,100.099000,100.084000,100.085000,0
20120203 024200,100.084000,100.089000,100.068000,100.089000,0
20120203 024300,100.090000,100.117000,100.090000,100.108000,0
20120203 024400,100.109000,100.119000,100.104000,100.113000,0
20120203 024500,100.115000,100.124000,100.113000,100.113000,0
20120203 024600,100.115000,100.126000,100.111000,100.123000,0
20120203 024700,100.124000,100.125000,100.115000,100.115000,0
20120203 024800,100.116000,100.121000,100.102000,100.119000,0
20120203 024900,100.123000,100.134000,100.117000,100.134000,0
20120203 025000,100.137000,100.182000,100.131000,100.182000,0
20120203 025100,100.181000,100.183000,100.147000,100.152000,0
20120203 025200,100.154000,100.176000,100.147000,100.170000,0
20120203 025300,100.165000,100.170000,100.152000,100.153000,0
20120203 025400,100.155000,100.158000,100.154000,100.155000,0
20120203 025500,100.156000,100.156000,100.145000,100.150000,0
20120203 025600,100.151000,100.186000,100.149000,100.185000,0
20120203 025700,100.183000,100.183000,100.161000,100.161000,0
20120203 025800,100.160000,100.161000,100.145000,100.161000,0
20120203 025900,100.160000,100.171000,100.156000,100.159000,0
20120203 030000,100.158000,100.169000,100.142000,100.155000,0
20120203 030100,100.154000,100.161000,100.143000,100.156000,0
20120203 030200,100.155000,100.207000,100.155000,100.199000,0
20120203 030300,100.200000,100.218000,100.199000,100.208000,0
20120203 030400,100.207000,100.207000,100.179000,100.188000,0
20120203 030500,100.187000,100.189000,100.165000,100.187000,0
20120203 030600,100.186000,100.192000,100.180000,100.188000,0
20120203 030700,100.189000,100.190000,100.175000,100.175000,0
20120203 030800,100.176000,100.181000,100.154000,100.159000,0
20120203 030900,100.161000,100.161000,100.128000,100.130000,0
20120203 031000,100.129000,100.146000,100.117000,100.117000,0
20120203 031100,100.118000,100.131000,100.109000,100.130000,0
20120203 031200,100.132000,100.133000,100.122000,100.130000,0
20120203 031300,100.127000,100.127000,100.097000,100.109000,0
20120203 031400,100.105000,100.129000,100.095000,100.113000,0
20120203 031500,100.114000,100.122000,100.107000,100.122000,0
20120203 031600,100.124000,100.144000,100.123000,100.139000,0
20120203 031700,100.138000,100.149000,100.120000,100.128000,0
20120203 031800,100.125000,100.167000,100.125000,100.165000,0
20120203 031900,100.163000,100.168000,100.152000,100.155000,0
20120203 032000,100.156000,100.195000,100.155000,100.189000,0
20120203 032100,100.187000,100.203000,100.187000,100.202000,0
20120203 032200,100.201000,100.202000,100.189000,100.199000,0
20120203 032300,100.198000,100.200000,100.150000,100.154000,0
20120203 032400,100.153000,100.165000,100.151000,100.164000,0
20120203 032500,100.159000,100.159000,100.127000,100.129000,0
20120203 032600,100.130000,100.138000,100.128000,100.137000,0
20120203 032700,100.138000,100.138000,100.098000,100.098000,0
20120203 032800,100.097000,100.109000,100.097000,100.108000,0
20120203 032900,100.109000,100.109000,100.088000,100.089000,0
20120203 033000,100.090000,100.112000,100.090000,100.112000,0
20120203 033100,100.114000,100.116000,100.100000,100.101000,0
20120203 033200,100.097000,100.113000,100.097000,100.113000,0
20120203 033300,100.114000,100.127000,100.109000,100.123000,0
20120203 033400,100.122000,100.145000,100.118000,100.131000,0
20120203 033500,100.133000,100.168000,100.130000,100.157000,0
20120203 033600,100.156000,100.191000,100.152000,100.181000,0
20120203 033700,100.180000,100.217000,100.176000,100.197000,0
20120203 033800,100.195000,100.203000,100.183000,100.193000,0
20120203 033900,100.194000,100.198000,100.176000,100.181000,0
20120203 034000,100.179000,100.183000,100.165000,100.183000,0
20120203 034100,100.182000,100.205000,100.168000,100.177000,0
20120203 034200,100.176000,100.195000,100.175000,100.194000,0
20120203 034300,100.195000,100.207000,100.180000,100.182000,0
20120203 034400,100.181000,100.196000,100.176000,100.181000,0
20120203 034500,100.186000,100.220000,100.179000,100.213000,0
20120203 034600,100.216000,100.280000,100.216000,100.257000,0
20120203 034700,100.260000,100.265000,100.248000,100.254000,0
20120203 034800,100.255000,100.257000,100.232000,100.237000,0
20120203 034900,100.238000,100.240000,100.210000,100.216000,0
20120203 035000,100.218000,100.224000,100.204000,100.214000,0
20120203 035100,100.213000,100.214000,100.199000,100.203000,0
20120203 035200,100.204000,100.233000,100.204000,100.219000,0
20120203 035300,100.213000,100.213000,100.189000,100.195000,0
20120203 035400,100.194000,100.197000,100.169000,100.174000,0
20120203 035500,100.175000,100.187000,100.175000,100.181000,0
20120203 035600,100.184000,100.186000,100.171000,100.171000,0
20120203 035700,100.174000,100.176000,100.170000,100.173000,0
20120203 035800,100.174000,100.183000,100.170000,100.171000,0
20120203 035900,100.168000,100.168000,100.136000,100.140000,0
20120203 040000,100.143000,100.161000,100.143000,100.159000,0
20120203 040100,100.158000,100.183000,100.152000,100.166000,0
20120203 040200,100.167000,100.176000,100.164000,100.172000,0
20120203 040300,100.171000,100.200000,100.171000,100.185000,0
20120203 040400,100.184000,100.194000,100.175000,100.177000,0
20120203 040500,100.176000,100.211000,100.176000,100.206000,0
20120203 040600,100.210000,100.249000,100.210000,100.233000,0
20120203 040700,100.232000,100.248000,100.224000,100.246000,0
20120203 040800,100.244000,100.249000,100.234000,100.236000,0
20120203 040900,100.237000,100.237000,100.231000,100.233000,0
20120203 041000,100.232000,100.259000,100.232000,100.244000,0
20120203 041100,100.245000,100.252000,100.231000,100.232000,0
20120203 041200,100.231000,100.251000,100.229000,100.249000,0
20120203 041300,100.246000,100.251000,100.229000,100.238000,0
20120203 041400,100.237000,100.249000,100.228000,100.228000,0
20120203 041500,100.229000,100.235000,100.215000,100.233000,0
20120203 041600,100.234000,100.264000,100.228000,100.256000,0
20120203 041700,100.257000,100.257000,100.222000,100.226000,0
20120203 041800,100.223000,100.230000,100.138000,100.161000,0
20120203 041900,100.162000,100.184000,100.124000,100.175000,0
20120203 042000,100.172000,100.172000,100.144000,100.154000,0
20120203 042100,100.153000,100.185000,100.148000,100.185000,0
20120203 042200,100.186000,100.188000,100.152000,100.157000,0
20120203 042300,100.158000,100.159000,100.142000,100.158000,0
20120203 042400,100.159000,100.185000,100.159000,100.171000,0
20120203 042500,100.170000,100.189000,100.165000,100.173000,0
20120203 042600,100.172000,100.200000,100.168000,100.186000,0
20120203 042700,100.188000,100.193000,100.180000,100.181000,0
20120203 042800,100.182000,100.201000,100.182000,100.198000,0
20120203 042900,100.199000,100.211000,100.198000,100.208000,0
20120203 043000,100.207000,100.275000,100.206000,100.275000,0
20120203 043100,100.277000,100.300000,100.267000,100.274000,0
20120203 043200,100.275000,100.284000,100.264000,100.283000,0
20120203 043300,100.284000,100.305000,100.273000,100.280000,0
20120203 043400,100.282000,100.341000,100.282000,100.329000,0
20120203 043500,100.328000,100.358000,100.318000,100.320000,0
20120203 043600,100.319000,100.328000,100.293000,100.305000,0
20120203 043700,100.303000,100.331000,100.303000,100.318000,0
20120203 043800,100.315000,100.318000,100.302000,100.311000,0
20120203 043900,100.312000,100.332000,100.312000,100.330000,0
20120203 044000,100.329000,100.337000,100.299000,100.305000,0
20120203 044100,100.307000,100.311000,100.287000,100.301000,0
20120203 044200,100.300000,100.340000,100.300000,100.333000,0
20120203 044300,100.336000,100.354000,100.318000,100.324000,0
20120203 044400,100.326000,100.370000,100.326000,100.352000,0
20120203 044500,100.353000,100.374000,100.342000,100.371000,0
20120203 044600,100.368000,100.374000,100.351000,100.374000,0
20120203 044700,100.377000,100.383000,100.340000,100.341000,0
20120203 044800,100.340000,100.385000,100.336000,100.382000,0
20120203 044900,100.377000,100.393000,100.368000,100.376000,0
20120203 045000,100.373000,100.380000,100.356000,100.363000,0
20120203 045100,100.361000,100.377000,100.349000,100.350000,0
20120203 045200,100.354000,100.370000,100.354000,100.370000,0
20120203 045300,100.369000,100.382000,100.338000,100.340000,0
20120203 045400,100.339000,100.352000,100.329000,100.346000,0
20120203 045500,100.345000,100.371000,100.324000,100.327000,0
20120203 045600,100.326000,100.329000,100.309000,100.317000,0
20120203 045700,100.318000,100.321000,100.295000,100.307000,0
20120203 045800,100.312000,100.325000,100.305000,100.325000,0
20120203 045900,100.324000,100.327000,100.311000,100.327000,0
20120203 050000,100.329000,100.334000,100.297000,100.327000,0
20120203 050100,100.326000,100.377000,100.320000,100.361000,0
20120203 050200,100.362000,100.396000,100.355000,100.396000,0
20120203 050300,100.398000,100.410000,100.385000,100.393000,0
20120203 050400,100.392000,100.400000,100.385000,100.397000,0
20120203 050500,100.394000,100.421000,100.391000,100.411000,0
20120203 050600,100.412000,100.426000,100.385000,100.385000,0
20120203 050700,100.384000,100.384000,100.344000,100.367000,0
20120203 050800,100.368000,100.368000,100.332000,100.349000,0
20120203 050900,100.346000,100.350000,100.312000,100.322000,0
20120203 051000,100.324000,100.351000,100.324000,100.345000,0
20120203 051100,100.344000,100.389000,100.344000,100.374000,0
20120203 051200,100.376000,100.400000,100.370000,100.392000,0
20120203 051300,100.393000,100.415000,100.382000,100.386000,0
20120203 051400,100.387000,100.396000,100.382000,100.382000,0
20120203 051500,100.385000,100.435000,100.382000,100.432000,0
20120203 051600,100.433000,100.451000,100.424000,100.435000,0
20120203 051700,100.434000,100.434000,100.410000,100.411000,0
20120203 051800,100.412000,100.421000,100.383000,100.385000,0
20120203 051900,100.384000,100.430000,100.383000,100.422000,0
20120203 052000,100.421000,100.455000,100.417000,100.436000,0
20120203 052100,100.435000,100.445000,100.421000,100.421000,0
20120203 052200,100.422000,100.423000,100.407000,100.420000,0
20120203 052300,100.419000,100.421000,100.409000,100.410000,0
20120203 052400,100.403000,100.414000,100.400000,100.407000,0
20120203 052500,100.405000,100.413000,100.404000,100.411000,0
20120203 052600,100.414000,100.421000,100.400000,100.407000,0
20120203 052700,100.409000,100.413000,100.381000,100.407000,0
20120203 052800,100.406000,100.439000,100.406000,100.422000,0
20120203 052900,100.425000,100.466000,100.425000,100.445000,0
20120203 053000,100.446000,100.470000,100.443000,100.460000,0
20120203 053100,100.461000,100.467000,100.446000,100.447000,0
20120203 053200,100.445000,100.452000,100.438000,100.452000,0
20120203 053300,100.450000,100.450000,100.436000,100.443000,0
20120203 053400,100.442000,100.447000,100.427000,100.433000,0
20120203 053500,100.432000,100.466000,100.431000,100.464000,0
20120203 053600,100.466000,100.469000,100.453000,100.462000,0
20120203 053700,100.461000,100.464000,100.448000,100.464000,0
20120203 053800,100.468000,100.474000,100.442000,100.445000,0
20120203 053900,100.450000,100.456000,100.446000,100.456000,0
20120203 054000,100.454000,100.465000,100.449000,100.461000,0
20120203 054100,100.462000,100.463000,100.442000,100.448000,0
20120203 054200,100.446000,100.472000,100.446000,100.464000,0
20120203 054300,100.463000,100.478000,100.461000,100.476000,0
20120203 054400,100.477000,100.495000,100.469000,100.469000,0
20120203 054500,100.471000,100.489000,100.471000,100.487000,0
20120203 054600,100.489000,100.505000,100.486000,100.500000,0
20120203 054700,100.498000,100.504000,100.485000,100.486000,0
20120203 054800,100.485000,100.485000,100.455000,100.462000,0
20120203 054900,100.463000,100.468000,100.447000,100.447000,0
20120203 055000,100.448000,100.467000,100.446000,100.461000,0
20120203 055100,100.463000,100.465000,100.446000,100.450000,0
20120203 055200,100.449000,100.452000,100.442000,100.445000,0
20120203 055300,100.446000,100.446000,100.420000,100.422000,0
20120203 055400,100.426000,100.436000,100.411000,100.420000,0
20120203 055500,100.418000,100.421000,100.407000,100.417000,0
20120203 055600,100.420000,100.427000,100.419000,100.420000,0
20120203 055700,100.421000,100.439000,100.411000,100.416000,0
20120203 055800,100.412000,100.432000,100.412000,100.418000,0
20120203 055900,100.424000,100.435000,100.414000,100.421000,0
20120203 060000,100.426000,100.431000,100.378000,100.388000,0
20120203 060100,100.387000,100.398000,100.379000,100.382000,0
20120203 060200,100.384000,100.384000,100.346000,100.369000,0
20120203 060300,100.370000,100.385000,100.366000,100.379000,0
20120203 060400,100.385000,100.403000,100.384000,100.388000,0
20120203 060500,100.387000,100.387000,100.368000,100.370000,0
20120203 060600,100.371000,100.386000,100.371000,100.377000,0
20120203 060700,100.380000,100.397000,100.380000,100.397000,0
20120203 060800,100.396000,100.397000,100.393000,100.395000,0
20120203 060900,100.394000,100.425000,100.394000,100.419000,0
20120203 061000,100.418000,100.418000,100.405000,100.411000,0
20120203 061100,100.412000,100.419000,100.408000,100.411000,0
20120203 061200,100.412000,100.412000,100.399000,100.401000,0
20120203 061300,100.402000,100.414000,100.401000,100.407000,0
20120203 061400,100.406000,100.415000,100.395000,100.413000,0
20120203 061500,100.414000,100.414000,100.387000,100.387000,0
20120203 061600,100.396000,100.408000,100.392000,100.407000,0
20120203 061700,100.406000,100.426000,100.406000,100.418000,0
20120203 061800,100.420000,100.436000,100.420000,100.435000,0
20120203 061900,100.431000,100.450000,100.429000,100.448000,0
20120203 062000,100.447000,100.456000,100.441000,100.455000,0
20120203 062100,100.456000,100.471000,100.449000,100.461000,0
20120203 062200,100.462000,100.476000,100.461000,100.474000,0
20120203 062300,100.472000,100.472000,100.437000,100.440000,0
20120203 062400,100.439000,100.449000,100.433000,100.449000,0
20120203 062500,100.447000,100.450000,100.434000,100.436000,0
20120203 062600,100.434000,100.450000,100.422000,100.447000,0
20120203 062700,100.444000,100.455000,100.430000,100.431000,0
20120203 062800,100.433000,100.473000,100.429000,100.462000,0
20120203 062900,100.467000,100.499000,100.462000,100.493000,0
20120203 063000,100.491000,100.505000,100.484000,100.502000,0
20120203 063100,100.501000,100.514000,100.492000,100.510000,0
20120203 063200,100.512000,100.522000,100.509000,100.517000,0
20120203 063300,100.515000,100.524000,100.488000,100.488000,0
20120203 063400,100.489000,100.489000,100.458000,100.470000,0
20120203 063500,100.472000,100.480000,100.457000,100.466000,0
20120203 063600,100.464000,100.480000,100.463000,100.470000,0
20120203 063700,100.471000,100.478000,100.440000,100.447000,0
20120203 063800,100.445000,100.454000,100.433000,100.450000,0
20120203 063900,100.451000,100.485000,100.438000,100.474000,0
20120203 064000,100.473000,100.498000,100.466000,100.478000,0
20120203 064100,100.477000,100.483000,100.465000,100.467000,0
20120203 064200,100.464000,100.480000,100.460000,100.465000,0
20120203 064300,100.463000,100.465000,100.433000,100.444000,0
20120203 064400,100.445000,100.445000,100.376000,100.406000,0
20120203 064500,100.407000,100.410000,100.393000,100.410000,0
20120203 064600,100.409000,100.432000,100.398000,100.414000,0
20120203 064700,100.413000,100.417000,100.398000,100.404000,0
20120203 064800,100.405000,100.415000,100.393000,100.393000,0
20120203 064900,100.390000,100.390000,100.364000,100.378000,0
20120203 065000,100.377000,100.393000,100.355000,100.365000,0
20120203 065100,100.366000,100.374000,100.350000,100.367000,0
20120203 065200,100.368000,100.375000,100.339000,100.345000,0
20120203 065300,100.346000,100.375000,100.346000,100.367000,0
20120203 065400,100.366000,100.402000,100.366000,100.384000,0
20120203 065500,100.383000,100.408000,100.376000,100.391000,0
20120203 065600,100.390000,100.423000,100.390000,100.406000,0
20120203 065700,100.408000,100.408000,100.389000,100.398000,0
20120203 065800,100.399000,100.401000,100.395000,100.398000,0
20120203 065900,100.390000,100.394000,100.346000,100.360000,0
20120203 070000,100.359000,100.360000,100.328000,100.342000,0
20120203 070100,100.347000,100.349000,100.311000,100.334000,0
20120203 070200,100.335000,100.351000,100.328000,100.345000,0
20120203 070300,100.346000,100.360000,100.342000,100.344000,0
20120203 070400,100.346000,100.362000,100.346000,100.354000,0
20120203 070500,100.355000,100.366000,100.353000,100.361000,0
20120203 070600,100.362000,100.374000,100.362000,100.373000,0
20120203 070700,100.371000,100.377000,100.371000,100.374000,0
20120203 070800,100.373000,100.385000,100.373000,100.383000,0
20120203 070900,100.384000,100.397000,100.381000,100.395000,0
20120203 071000,100.400000,100.432000,100.395000,100.402000,0
20120203 071100,100.395000,100.401000,100.380000,100.380000,0
20120203 071200,100.378000,100.378000,100.357000,100.358000,0
20120203 071300,100.359000,100.361000,100.343000,100.361000,0
20120203 071400,100.363000,100.363000,100.332000,100.356000,0
20120203 071500,100.357000,100.358000,100.339000,100.342000,0
20120203 071600,100.343000,100.345000,100.339000,100.343000,0
20120203 071700,100.341000,100.345000,100.331000,100.344000,0
20120203 071800,100.341000,100.358000,100.335000,100.358000,0
20120203 071900,100.354000,100.355000,100.340000,100.349000,0
20120203 072000,100.348000,100.348000,100.336000,100.341000,0
20120203 072100,100.342000,100.342000,100.327000,100.338000,0
20120203 072200,100.337000,100.376000,100.337000,100.372000,0
20120203 072300,100.370000,100.374000,100.339000,100.342000,0
20120203 072400,100.340000,100.360000,100.334000,100.360000,0
20120203 072500,100.359000,100.360000,100.341000,100.350000,0
20120203 072600,100.349000,100.350000,100.337000,100.337000,0
20120203 072700,100.338000,100.338000,100.324000,100.332000,0
20120203 072800,100.331000,100.344000,100.324000,100.327000,0
20120203 072900,100.329000,100.333000,100.325000,100.328000,0
20120203 073000,100.331000,100.343000,100.331000,100.339000,0
20120203 073100,100.338000,100.354000,100.332000,100.353000,0
20120203 073200,100.351000,100.384000,100.346000,100.375000,0
20120203 073300,100.376000,100.397000,100.376000,100.387000,0
20120203 073400,100.388000,100.388000,100.372000,100.384000,0
20120203 073500,100.383000,100.383000,100.371000,100.377000,0
20120203 073600,100.378000,100.393000,100.371000,100.393000,0
20120203 073700,100.392000,100.394000,100.375000,100.385000,0
20120203 073800,100.386000,100.399000,100.376000,100.389000,0
20120203 073900,100.390000,100.409000,100.378000,100.402000,0
20120203 074000,100.401000,100.401000,100.389000,100.392000,0
20120203 074100,100.390000,100.392000,100.373000,100.390000,0
20120203 074200,100.391000,100.402000,100.385000,100.394000,0
20120203 074300,100.393000,100.394000,100.378000,100.382000,0
20120203 074400,100.384000,100.396000,100.380000,100.395000,0
20120203 074500,100.396000,100.396000,100.391000,100.393000,0
20120203 074600,100.392000,100.392000,100.375000,100.379000,0
20120203 074700,100.377000,100.382000,100.367000,100.373000,0
20120203 074800,100.371000,100.380000,100.369000,100.371000,0
20120203 074900,100.368000,100.370000,100.344000,100.349000,0
20120203 075000,100.350000,100.352000,100.334000,100.337000,0
20120203 075100,100.336000,100.350000,100.335000,100.340000,0
20120203 075200,100.339000,100.352000,100.333000,100.349000,0
20120203 075300,100.348000,100.351000,100.334000,100.350000,0
20120203 075400,100.351000,100.360000,100.341000,100.341000,0
20120203 075500,100.342000,100.342000,100.321000,100.322000,0
20120203 075600,100.323000,100.329000,100.312000,100.313000,0
20120203 075700,100.312000,100.336000,100.312000,100.327000,0
20120203 075800,100.329000,100.332000,100.311000,100.320000,0
20120203 075900,100.314000,100.333000,100.289000,100.294000,0
20120203 080000,100.293000,100.298000,100.284000,100.284000,0
20120203 080100,100.283000,100.304000,100.282000,100.303000,0
20120203 080200,100.302000,100.335000,100.301000,100.327000,0
20120203 080300,100.326000,100.342000,100.322000,100.337000,0
20120203 080400,100.336000,100.360000,100.326000,100.327000,0
20120203 080500,100.328000,100.330000,100.318000,100.318000,0
20120203 080600,100.320000,100.334000,100.316000,100.327000,0
20120203 080700,100.328000,100.334000,100.322000,100.325000,0
20120203 080800,100.324000,100.369000,100.321000,100.357000,0
20120203 080900,100.359000,100.370000,100.353000,100.367000,0
20120203 081000,100.366000,100.367000,100.349000,100.357000,0
20120203 081100,100.358000,100.360000,100.317000,100.317000,0
20120203 081200,100.318000,100.334000,100.307000,100.334000,0
20120203 081300,100.332000,100.343000,100.307000,100.311000,0
20120203 081400,100.312000,100.315000,100.282000,100.305000,0
20120203 081500,100.308000,100.331000,100.305000,100.326000,0
20120203 081600,100.327000,100.368000,100.326000,100.365000,0
20120203 081700,100.364000,100.379000,100.354000,100.367000,0
20120203 081800,100.365000,100.366000,100.344000,100.358000,0
20120203 081900,100.359000,100.361000,100.332000,100.348000,0
20120203 082000,100.347000,100.366000,100.327000,100.327000,0
20120203 082100,100.326000,100.340000,100.319000,100.334000,0
20120203 082200,100.335000,100.360000,100.330000,100.359000,0
20120203 082300,100.358000,100.359000,100.335000,100.345000,0
20120203 082400,100.344000,100.361000,100.341000,100.354000,0
20120203 082500,100.355000,100.359000,100.330000,100.333000,0
20120203 082600,100.339000,100.357000,100.327000,100.357000,0
20120203 082700,100.355000,100.377000,100.351000,100.362000,0
20120203 082800,100.364000,100.387000,100.363000,100.381000,0
20120203 082900,100.382000,100.387000,100.361000,100.379000,0
20120203 083000,100.384000,100.778000,100.384000,100.753000,0
20120203 083100,100.750000,100.867000,100.718000,100.736000,0
20120203 083200,100.727000,100.727000,100.587000,100.601000,0
20120203 083300,100.608000,100.608000,100.463000,100.532000,0
20120203 083400,100.531000,100.633000,100.496000,100.606000,0
20120203 083500,100.607000,100.639000,100.565000,100.600000,0
20120203 083600,100.602000,100.651000,100.591000,100.638000,0
20120203 083700,100.641000,100.838000,100.641000,100.772000,0
20120203 083800,100.769000,100.784000,100.691000,100.710000,0
20120203 083900,100.707000,100.833000,100.707000,100.824000,0
20120203 084000,100.823000,100.840000,100.779000,100.793000,0
20120203 084100,100.786000,100.794000,100.718000,100.719000,0
20120203 084200,100.721000,100.721000,100.630000,100.639000,0
20120203 084300,100.640000,100.701000,100.580000,100.598000,0
20120203 084400,100.597000,100.666000,100.594000,100.652000,0
20120203 084500,100.645000,100.646000,100.510000,100.570000,0
20120203 084600,100.569000,100.589000,100.493000,100.552000,0
20120203 084700,100.541000,100.570000,100.482000,100.535000,0
20120203 084800,100.537000,100.539000,100.441000,100.459000,0
20120203 084900,100.457000,100.506000,100.448000,100.477000,0
20120203 085000,100.475000,100.476000,100.419000,100.454000,0
20120203 085100,100.458000,100.490000,100.447000,100.465000,0
20120203 085200,100.464000,100.464000,100.401000,100.420000,0
20120203 085300,100.419000,100.422000,100.326000,100.326000,0
20120203 085400,100.325000,100.389000,100.321000,100.346000,0
20120203 085500,100.345000,100.371000,100.294000,100.306000,0
20120203 085600,100.308000,100.372000,100.295000,100.352000,0
20120203 085700,100.351000,100.420000,100.351000,100.396000,0
20120203 085800,100.395000,100.404000,100.349000,100.396000,0
20120203 085900,100.398000,100.418000,100.371000,100.396000,0
20120203 090000,100.394000,100.423000,100.364000,100.388000,0
20120203 090100,100.386000,100.428000,100.354000,100.397000,0
20120203 090200,100.396000,100.449000,100.377000,100.438000,0
20120203 090300,100.433000,100.448000,100.405000,100.409000,0
20120203 090400,100.412000,100.484000,100.411000,100.469000,0
20120203 090500,100.468000,100.474000,100.388000,100.422000,0
20120203 090600,100.425000,100.432000,100.337000,100.337000,0
20120203 090700,100.336000,100.372000,100.310000,100.335000,0
20120203 090800,100.337000,100.384000,100.323000,100.351000,0
20120203 090900,100.352000,100.355000,100.280000,100.280000,0
20120203 091000,100.279000,100.283000,100.199000,100.201000,0
20120203 091100,100.203000,100.226000,100.162000,100.180000,0
20120203 091200,100.178000,100.219000,100.164000,100.202000,0
20120203 091300,100.198000,100.224000,100.165000,100.198000,0
20120203 091400,100.199000,100.215000,100.152000,100.201000,0
20120203 091500,100.200000,100.241000,100.151000,100.235000,0
20120203 091600,100.227000,100.283000,100.216000,100.283000,0
20120203 091700,100.279000,100.280000,100.220000,100.224000,0
20120203 091800,100.229000,100.255000,100.213000,100.213000,0
20120203 091900,100.211000,100.267000,100.195000,100.251000,0
20120203 092000,100.245000,100.245000,100.181000,100.213000,0
20120203 092100,100.214000,100.232000,100.186000,100.229000,0
20120203 092200,100.230000,100.251000,100.211000,100.251000,0
20120203 092300,100.250000,100.282000,100.232000,100.232000,0
20120203 092400,100.231000,100.286000,100.224000,100.286000,0
20120203 092500,100.285000,100.285000,100.230000,100.253000,0
20120203 092600,100.258000,100.351000,100.258000,100.284000,0
20120203 092700,100.286000,100.323000,100.275000,100.316000,0
20120203 092800,100.317000,100.334000,100.270000,100.276000,0
20120203 092900,100.277000,100.319000,100.263000,100.310000,0
20120203 093000,100.312000,100.342000,100.299000,100.321000,0
20120203 093100,100.320000,100.320000,100.278000,100.292000,0
20120203 093200,100.290000,100.304000,100.257000,100.267000,0
20120203 093300,100.266000,100.328000,100.252000,100.313000,0
20120203 093400,100.310000,100.339000,100.298000,100.325000,0
20120203 093500,100.328000,100.375000,100.314000,100.369000,0
20120203 093600,100.368000,100.409000,100.358000,100.375000,0
20120203 093700,100.371000,100.371000,100.321000,100.327000,0
20120203 093800,100.323000,100.347000,100.318000,100.326000,0
20120203 093900,100.328000,100.347000,100.313000,100.320000,0
20120203 094000,100.325000,100.359000,100.318000,100.340000,0
20120203 094100,100.333000,100.340000,100.308000,100.327000,0
20120203 094200,100.326000,100.329000,100.283000,100.288000,0
20120203 094300,100.289000,100.341000,100.286000,100.338000,0
20120203 094400,100.341000,100.368000,100.320000,100.334000,0
20120203 094500,100.333000,100.342000,100.315000,100.328000,0
20120203 094600,100.327000,100.373000,100.316000,100.316000,0
20120203 094700,100.314000,100.319000,100.293000,100.301000,0
20120203 094800,100.302000,100.328000,100.290000,100.295000,0
20120203 094900,100.296000,100.349000,100.295000,100.349000,0
20120203 095000,100.353000,100.357000,100.338000,100.340000,0
20120203 095100,100.339000,100.344000,100.309000,100.344000,0
20120203 095200,100.345000,100.352000,100.302000,100.307000,0
20120203 095300,100.309000,100.314000,100.281000,100.298000,0
20120203 095400,100.300000,100.314000,100.294000,100.300000,0
20120203 095500,100.299000,100.306000,100.279000,100.284000,0
20120203 095600,100.287000,100.326000,100.287000,100.302000,0
20120203 095700,100.300000,100.346000,100.284000,100.342000,0
20120203 095800,100.341000,100.381000,100.338000,100.364000,0
20120203 095900,100.359000,100.382000,100.320000,100.371000,0
20120203 100000,100.373000,100.453000,100.373000,100.385000,0
20120203 100100,100.380000,100.451000,100.378000,100.422000,0
20120203 100200,100.419000,100.439000,100.393000,100.402000,0
20120203 100300,100.401000,100.401000,100.337000,100.356000,0
20120203 100400,100.357000,100.396000,100.357000,100.386000,0
20120203 100500,100.385000,100.412000,100.382000,100.383000,0
20120203 100600,100.384000,100.433000,100.382000,100.411000,0
20120203 100700,100.410000,100.436000,100.407000,100.426000,0
20120203 100800,100.430000,100.445000,100.403000,100.438000,0
20120203 100900,100.439000,100.506000,100.439000,100.485000,0
20120203 101000,100.486000,100.535000,100.478000,100.516000,0
20120203 101100,100.512000,100.533000,100.502000,100.503000,0
20120203 101200,100.506000,100.519000,100.476000,100.479000,0
20120203 101300,100.483000,100.522000,100.473000,100.506000,0
20120203 101400,100.505000,100.520000,100.484000,100.518000,0
20120203 101500,100.517000,100.555000,100.517000,100.531000,0
20120203 101600,100.529000,100.535000,100.488000,100.506000,0
20120203 101700,100.502000,100.517000,100.480000,100.507000,0
20120203 101800,100.505000,100.543000,100.498000,100.542000,0
20120203 101900,100.547000,100.547000,100.489000,100.491000,0
20120203 102000,100.489000,100.521000,100.489000,100.508000,0
20120203 102100,100.507000,100.537000,100.507000,100.535000,0
20120203 102200,100.533000,100.535000,100.493000,100.500000,0
20120203 102300,100.502000,100.515000,100.500000,100.500000,0
20120203 102400,100.498000,100.501000,100.475000,100.488000,0
20120203 102500,100.487000,100.498000,100.472000,100.472000,0
20120203 102600,100.474000,100.488000,100.462000,100.470000,0
20120203 102700,100.469000,100.484000,100.464000,100.484000,0
20120203 102800,100.483000,100.514000,100.472000,100.485000,0
20120203 102900,100.486000,100.501000,100.464000,100.468000,0
20120203 103000,100.467000,100.481000,100.441000,100.446000,0
20120203 103100,100.445000,100.452000,100.439000,100.439000,0
20120203 103200,100.440000,100.458000,100.427000,100.457000,0
20120203 103300,100.459000,100.465000,100.430000,100.434000,0
20120203 103400,100.436000,100.440000,100.418000,100.428000,0
20120203 103500,100.429000,100.444000,100.413000,100.441000,0
20120203 103600,100.443000,100.449000,100.431000,100.449000,0
20120203 103700,100.447000,100.468000,100.440000,100.457000,0
20120203 103800,100.458000,100.470000,100.449000,100.466000,0
20120203 103900,100.463000,100.526000,100.463000,100.518000,0
20120203 104000,100.513000,100.519000,100.495000,100.498000,0
20120203 104100,100.499000,100.523000,100.492000,100.508000,0
20120203 104200,100.505000,100.511000,100.496000,100.496000,0
20120203 104300,100.497000,100.498000,100.469000,100.473000,0
20120203 104400,100.476000,100.499000,100.469000,100.495000,0
20120203 104500,100.496000,100.516000,100.480000,100.501000,0
20120203 104600,100.504000,100.510000,100.486000,100.490000,0
20120203 104700,100.489000,100.497000,100.469000,100.479000,0
20120203 104800,100.480000,100.524000,100.480000,100.524000,0
20120203 104900,100.528000,100.534000,100.494000,100.497000,0
20120203 105000,100.496000,100.496000,100.452000,100.471000,0
20120203 105100,100.472000,100.477000,100.468000,100.475000,0
20120203 105200,100.476000,100.488000,100.463000,100.464000,0
20120203 105300,100.465000,100.514000,100.464000,100.507000,0
20120203 105400,100.509000,100.510000,100.484000,100.484000,0
20120203 105500,100.485000,100.497000,100.475000,100.484000,0
20120203 105600,100.483000,100.499000,100.478000,100.499000,0
20120203 105700,100.501000,100.511000,100.496000,100.502000,0
20120203 105800,100.501000,100.505000,100.494000,100.496000,0
20120203 105900,100.497000,100.498000,100.466000,100.466000,0
20120203 110000,100.464000,100.477000,100.447000,100.452000,0
20120203 110100,100.453000,100.454000,100.432000,100.438000,0
20120203 110200,100.437000,100.447000,100.423000,100.431000,0
20120203 110300,100.429000,100.442000,100.418000,100.418000,0
20120203 110400,100.417000,100.434000,100.404000,100.406000,0
20120203 110500,100.405000,100.408000,100.381000,100.399000,0
20120203 110600,100.401000,100.420000,100.388000,100.391000,0
20120203 110700,100.393000,100.429000,100.393000,100.428000,0
20120203 110800,100.426000,100.433000,100.414000,100.415000,0
20120203 110900,100.418000,100.418000,100.402000,100.402000,0
20120203 111000,100.405000,100.412000,100.404000,100.409000,0
20120203 111100,100.414000,100.416000,100.396000,100.405000,0
20120203 111200,100.406000,100.412000,100.391000,100.399000,0
20120203 111300,100.398000,100.399000,100.383000,100.395000,0
20120203 111400,100.396000,100.397000,100.374000,100.388000,0
20120203 111500,100.387000,100.405000,100.384000,100.402000,0
20120203 111600,100.404000,100.414000,100.397000,100.412000,0
20120203 111700,100.413000,100.424000,100.393000,100.393000,0
20120203 111800,100.389000,100.396000,100.375000,100.375000,0
20120203 111900,100.376000,100.408000,100.375000,100.408000,0
20120203 112000,100.406000,100.432000,100.399000,100.423000,0
20120203 112100,100.428000,100.442000,100.427000,100.439000,0
20120203 112200,100.434000,100.436000,100.414000,100.417000,0
20120203 112300,100.422000,100.435000,100.415000,100.427000,0
20120203 112400,100.428000,100.429000,100.378000,100.395000,0
20120203 112500,100.394000,100.397000,100.362000,100.362000,0
20120203 112600,100.356000,100.364000,100.345000,100.360000,0
20120203 112700,100.359000,100.368000,100.356000,100.362000,0
20120203 112800,100.360000,100.367000,100.344000,100.344000,0
20120203 112900,100.343000,100.353000,100.334000,100.352000,0
20120203 113000,100.351000,100.357000,100.348000,100.354000,0
20120203 113100,100.353000,100.376000,100.352000,100.374000,0
20120203 113200,100.373000,100.380000,100.362000,100.370000,0
20120203 113300,100.369000,100.388000,100.367000,100.372000,0
20120203 113400,100.370000,100.373000,100.343000,100.343000,0
20120203 113500,100.342000,100.343000,100.306000,100.307000,0
20120203 113600,100.315000,100.331000,100.308000,100.315000,0
20120203 113700,100.314000,100.333000,100.314000,100.332000,0
20120203 113800,100.331000,100.364000,100.327000,100.353000,0
20120203 113900,100.352000,100.355000,100.343000,100.346000,0
20120203 114000,100.347000,100.347000,100.337000,100.341000,0
20120203 114100,100.340000,100.342000,100.330000,100.330000,0
20120203 114200,100.328000,100.329000,100.295000,100.295000,0
20120203 114300,100.293000,100.299000,100.273000,100.279000,0
20120203 114400,100.289000,100.297000,100.280000,100.296000,0
20120203 114500,100.297000,100.304000,100.288000,100.299000,0
20120203 114600,100.300000,100.308000,100.295000,100.307000,0
20120203 114700,100.308000,100.316000,100.305000,100.314000,0
20120203 114800,100.313000,100.323000,100.313000,100.322000,0
20120203 114900,100.323000,100.324000,100.307000,100.312000,0
20120203 115000,100.310000,100.323000,100.310000,100.313000,0
20120203 115100,100.314000,100.326000,100.311000,100.324000,0
20120203 115200,100.325000,100.329000,100.300000,100.316000,0
20120203 115300,100.313000,100.320000,100.309000,100.313000,0
20120203 115400,100.309000,100.345000,100.305000,100.338000,0
20120203 115500,100.337000,100.337000,100.320000,100.320000,0
20120203 115600,100.322000,100.351000,100.321000,100.328000,0
20120203 115700,100.330000,100.331000,100.281000,100.291000,0
20120203 115800,100.292000,100.309000,100.285000,100.307000,0
20120203 115900,100.304000,100.308000,100.300000,100.303000,0
20120203 120000,100.304000,100.314000,100.304000,100.313000,0
20120203 120100,100.314000,100.324000,100.310000,100.324000,0
20120203 120200,100.328000,100.329000,100.315000,100.316000,0
20120203 120300,100.307000,100.336000,100.302000,100.318000,0
20120203 120400,100.323000,100.344000,100.323000,100.331000,0
20120203 120500,100.329000,100.329000,100.310000,100.320000,0
20120203 120600,100.325000,100.345000,100.322000,100.345000,0
20120203 120700,100.346000,100.351000,100.338000,100.351000,0
20120203 120800,100.350000,100.352000,100.344000,100.347000,0
20120203 120900,100.346000,100.352000,100.344000,100.350000,0
20120203 121000,100.349000,100.424000,100.349000,100.416000,0
20120203 121100,100.413000,100.420000,100.403000,100.416000,0
20120203 121200,100.415000,100.437000,100.412000,100.437000,0
20120203 121300,100.441000,100.443000,100.427000,100.430000,0
20120203 121400,100.431000,100.431000,100.418000,100.422000,0
20120203 121500,100.423000,100.440000,100.422000,100.437000,0
20120203 121600,100.435000,100.440000,100.434000,100.437000,0
20120203 121700,100.436000,100.437000,100.408000,100.412000,0
20120203 121800,100.411000,100.418000,100.404000,100.410000,0
20120203 121900,100.411000,100.429000,100.409000,100.427000,0
20120203 122000,100.428000,100.428000,100.412000,100.415000,0
20120203 122100,100.420000,100.423000,100.413000,100.415000,0
20120203 122200,100.414000,100.416000,100.411000,100.415000,0
20120203 122300,100.418000,100.418000,100.399000,100.407000,0
20120203 122400,100.406000,100.414000,100.401000,100.411000,0
20120203 122500,100.413000,100.423000,100.400000,100.422000,0
20120203 122600,100.423000,100.423000,100.410000,100.413000,0
20120203 122700,100.412000,100.433000,100.412000,100.430000,0
20120203 122800,100.431000,100.451000,100.431000,100.448000,0
20120203 122900,100.447000,100.447000,100.436000,100.445000,0
20120203 123000,100.448000,100.452000,100.444000,100.448000,0
20120203 123100,100.447000,100.456000,100.434000,100.451000,0
20120203 123200,100.457000,100.474000,100.451000,100.469000,0
20120203 123300,100.470000,100.480000,100.469000,100.475000,0
20120203 123400,100.472000,100.474000,100.467000,100.467000,0
20120203 123500,100.466000,100.474000,100.457000,100.473000,0
20120203 123600,100.472000,100.511000,100.469000,100.508000,0
20120203 123700,100.506000,100.512000,100.492000,100.492000,0
20120203 123800,100.491000,100.527000,100.482000,100.522000,0
20120203 123900,100.523000,100.550000,100.505000,100.550000,0
20120203 124000,100.549000,100.550000,100.532000,100.534000,0
20120203 124100,100.526000,100.533000,100.524000,100.532000,0
20120203 124200,100.535000,100.584000,100.531000,100.564000,0
20120203 124300,100.562000,100.605000,100.562000,100.593000,0
20120203 124400,100.594000,100.605000,100.580000,100.586000,0
20120203 124500,100.585000,100.599000,100.578000,100.590000,0
20120203 124600,100.591000,100.614000,100.587000,100.600000,0
20120203 124700,100.603000,100.618000,100.592000,100.610000,0
20120203 124800,100.608000,100.627000,100.606000,100.624000,0
20120203 124900,100.627000,100.627000,100.587000,100.587000,0
20120203 125000,100.586000,100.607000,100.580000,100.581000,0
20120203 125100,100.585000,100.594000,100.579000,100.585000,0
20120203 125200,100.583000,100.591000,100.569000,100.581000,0
20120203 125300,100.583000,100.586000,100.569000,100.582000,0
20120203 125400,100.584000,100.584000,100.570000,100.577000,0
20120203 125500,100.576000,100.589000,100.576000,100.578000,0
20120203 125600,100.576000,100.577000,100.559000,100.570000,0
20120203 125700,100.569000,100.574000,100.553000,100.570000,0
20120203 125800,100.567000,100.575000,100.560000,100.568000,0
20120203 125900,100.569000,100.589000,100.568000,100.584000,0
20120203 130000,100.585000,100.597000,100.580000,100.589000,0
20120203 130100,100.588000,100.595000,100.588000,100.592000,0
20120203 130200,100.586000,100.591000,100.567000,100.573000,0
20120203 130300,100.574000,100.574000,100.556000,100.562000,0
20120203 130400,100.563000,100.590000,100.563000,100.577000,0
20120203 130500,100.576000,100.577000,100.564000,100.564000,0
20120203 130600,100.565000,100.571000,100.544000,100.548000,0
20120203 130700,100.547000,100.561000,100.547000,100.559000,0
20120203 130800,100.563000,100.571000,100.563000,100.570000,0
20120203 130900,100.571000,100.571000,100.564000,100.564000,0
20120203 131000,100.561000,100.565000,100.561000,100.565000,0
20120203 131100,100.564000,100.584000,100.557000,100.583000,0
20120203 131200,100.584000,100.611000,100.580000,100.605000,0
20120203 131300,100.604000,100.617000,100.601000,100.609000,0
20120203 131400,100.608000,100.617000,100.604000,100.607000,0
20120203 131500,100.608000,100.642000,100.606000,100.629000,0
20120203 131600,100.631000,100.671000,100.630000,100.667000,0
20120203 131700,100.671000,100.671000,100.637000,100.660000,0
20120203 131800,100.655000,100.660000,100.652000,100.655000,0
20120203 131900,100.654000,100.667000,100.643000,100.664000,0
20120203 132000,100.663000,100.668000,100.660000,100.663000,0
20120203 132100,100.662000,100.662000,100.638000,100.642000,0
20120203 132200,100.643000,100.651000,100.642000,100.648000,0
20120203 132300,100.647000,100.647000,100.610000,100.620000,0
20120203 132400,100.618000,100.631000,100.616000,100.627000,0
20120203 132500,100.624000,100.627000,100.613000,100.618000,0
20120203 132600,100.619000,100.631000,100.619000,100.628000,0
20120203 132700,100.629000,100.638000,100.627000,100.636000,0
20120203 132800,100.633000,100.656000,100.633000,100.650000,0
20120203 132900,100.653000,100.657000,100.649000,100.655000,0
20120203 133000,100.651000,100.655000,100.647000,100.647000,0
20120203 133100,100.646000,100.653000,100.640000,100.641000,0
20120203 133200,100.640000,100.646000,100.638000,100.645000,0
20120203 133300,100.644000,100.644000,100.642000,100.643000,0
20120203 133400,100.642000,100.645000,100.633000,100.640000,0
20120203 133500,100.639000,100.640000,100.629000,100.631000,0
20120203 133600,100.630000,100.632000,100.624000,100.628000,0
20120203 133700,100.630000,100.635000,100.625000,100.625000,0
20120203 133800,100.624000,100.628000,100.621000,100.628000,0
20120203 133900,100.627000,100.638000,100.625000,100.632000,0
20120203 134000,100.633000,100.635000,100.626000,100.627000,0
20120203 134100,100.626000,100.633000,100.625000,100.630000,0
20120203 134200,100.629000,100.631000,100.623000,100.627000,0
20120203 134300,100.626000,100.631000,100.615000,100.617000,0
20120203 134400,100.616000,100.616000,100.598000,100.598000,0
20120203 134500,100.597000,100.610000,100.592000,100.606000,0
20120203 134600,100.607000,100.608000,100.590000,100.592000,0
20120203 134700,100.590000,100.603000,100.590000,100.596000,0
20120203 134800,100.597000,100.617000,100.597000,100.617000,0
20120203 134900,100.618000,100.625000,100.613000,100.619000,0
20120203 135000,100.620000,100.624000,100.613000,100.623000,0
20120203 135100,100.620000,100.620000,100.591000,100.592000,0
20120203 135200,100.588000,100.610000,100.587000,100.608000,0
20120203 135300,100.607000,100.607000,100.580000,100.603000,0
20120203 135400,100.604000,100.626000,100.603000,100.625000,0
20120203 135500,100.626000,100.632000,100.618000,100.625000,0
20120203 135600,100.626000,100.630000,100.626000,100.626000,0
20120203 135700,100.624000,100.624000,100.600000,100.609000,0
20120203 135800,100.608000,100.625000,100.606000,100.622000,0
20120203 135900,100.625000,100.631000,100.621000,100.621000,0
20120203 140000,100.619000,100.626000,100.615000,100.615000,0
20120203 140100,100.613000,100.644000,100.613000,100.644000,0
20120203 140200,100.641000,100.649000,100.635000,100.649000,0
20120203 140300,100.650000,100.660000,100.648000,100.654000,0
20120203 140400,100.653000,100.664000,100.646000,100.658000,0
20120203 140500,100.659000,100.672000,100.659000,100.672000,0
20120203 140600,100.671000,100.675000,100.671000,100.674000,0
20120203 140700,100.673000,100.674000,100.668000,100.673000,0
20120203 140800,100.672000,100.674000,100.663000,100.668000,0
20120203 140900,100.669000,100.673000,100.662000,100.665000,0
20120203 141000,100.666000,100.666000,100.644000,100.652000,0
20120203 141100,100.650000,100.656000,100.640000,100.656000,0
20120203 141200,100.654000,100.660000,100.652000,100.659000,0
20120203 141300,100.661000,100.668000,100.657000,100.667000,0
20120203 141400,100.672000,100.682000,100.663000,100.682000,0
20120203 141500,100.681000,100.687000,100.677000,100.687000,0
20120203 141600,100.693000,100.736000,100.686000,100.728000,0
20120203 141700,100.729000,100.733000,100.705000,100.712000,0
20120203 141800,100.714000,100.722000,100.692000,100.694000,0
20120203 141900,100.698000,100.705000,100.686000,100.704000,0
20120203 142000,100.708000,100.724000,100.696000,100.705000,0
20120203 142100,100.704000,100.715000,100.701000,100.702000,0
20120203 142200,100.703000,100.708000,100.703000,100.708000,0
20120203 142300,100.709000,100.712000,100.708000,100.711000,0
20120203 142400,100.709000,100.728000,100.701000,100.717000,0
20120203 142500,100.718000,100.723000,100.704000,100.709000,0
20120203 142600,100.708000,100.712000,100.701000,100.712000,0
20120203 142700,100.713000,100.759000,100.712000,100.758000,0
20120203 142800,100.757000,100.757000,100.729000,100.729000,0
20120203 142900,100.732000,100.764000,100.732000,100.759000,0
20120203 143000,100.760000,100.760000,100.746000,100.754000,0
20120203 143100,100.756000,100.776000,100.752000,100.757000,0
20120203 143200,100.755000,100.755000,100.733000,100.736000,0
20120203 143300,100.737000,100.744000,100.737000,100.739000,0
20120203 143400,100.735000,100.744000,100.735000,100.743000,0
20120203 143500,100.742000,100.744000,100.741000,100.743000,0
20120203 143600,100.742000,100.757000,100.740000,100.756000,0
20120203 143700,100.755000,100.774000,100.755000,100.765000,0
20120203 143800,100.769000,100.793000,100.768000,100.788000,0
20120203 143900,100.789000,100.789000,100.773000,100.776000,0
20120203 144000,100.774000,100.786000,100.769000,100.781000,0
20120203 144100,100.780000,100.782000,100.767000,100.767000,0
20120203 144200,100.766000,100.770000,100.764000,100.765000,0
20120203 144300,100.768000,100.775000,100.765000,100.771000,0
20120203 144400,100.772000,100.783000,100.770000,100.782000,0
20120203 144500,100.781000,100.782000,100.772000,100.773000,0
20120203 144600,100.775000,100.775000,100.769000,100.773000,0
20120203 144700,100.772000,100.774000,100.739000,100.739000,0
20120203 144800,100.741000,100.763000,100.741000,100.763000,0
20120203 144900,100.762000,100.763000,100.752000,100.757000,0
20120203 145000,100.758000,100.762000,100.740000,100.742000,0
20120203 145100,100.741000,100.741000,100.732000,100.739000,0
20120203 145200,100.738000,100.747000,100.738000,100.745000,0
20120203 145300,100.749000,100.749000,100.730000,100.739000,0
20120203 145400,100.738000,100.742000,100.694000,100.695000,0
20120203 145500,100.696000,100.711000,100.696000,100.710000,0
20120203 145600,100.711000,100.721000,100.707000,100.721000,0
20120203 145700,100.720000,100.732000,100.720000,100.722000,0
20120203 145800,100.721000,100.723000,100.704000,100.706000,0
20120203 145900,100.704000,100.707000,100.695000,100.695000,0
20120203 150000,100.696000,100.696000,100.679000,100.692000,0
20120203 150100,100.691000,100.692000,100.668000,100.676000,0
20120203 150200,100.675000,100.676000,100.663000,100.664000,0
20120203 150300,100.661000,100.663000,100.644000,100.653000,0
20120203 150400,100.651000,100.657000,100.651000,100.655000,0
20120203 150500,100.657000,100.673000,100.656000,100.665000,0
20120203 150600,100.664000,100.672000,100.664000,100.669000,0
20120203 150700,100.671000,100.671000,100.662000,100.663000,0
20120203 150800,100.664000,100.670000,100.658000,100.660000,0
20120203 150900,100.659000,100.660000,100.638000,100.642000,0
20120203 151000,100.641000,100.641000,100.606000,100.626000,0
20120203 151100,100.627000,100.645000,100.627000,100.644000,0
20120203 151200,100.645000,100.651000,100.639000,100.648000,0
20120203 151300,100.649000,100.650000,100.643000,100.648000,0
20120203 151400,100.647000,100.651000,100.635000,100.636000,0
20120203 151500,100.635000,100.640000,100.630000,100.634000,0
20120203 151600,100.637000,100.643000,100.632000,100.634000,0
20120203 151700,100.635000,100.671000,100.635000,100.665000,0
20120203 151800,100.668000,100.678000,100.668000,100.672000,0
20120203 151900,100.673000,100.675000,100.666000,100.673000,0
20120203 152000,100.674000,100.674000,100.659000,100.659000,0
20120203 152100,100.660000,100.660000,100.651000,100.654000,0
20120203 152200,100.653000,100.657000,100.650000,100.656000,0
20120203 152300,100.655000,100.662000,100.654000,100.662000,0
20120203 152400,100.661000,100.666000,100.656000,100.658000,0
20120203 152500,100.657000,100.657000,100.608000,100.608000,0
20120203 152600,100.609000,100.643000,100.609000,100.642000,0
20120203 152700,100.641000,100.672000,100.641000,100.671000,0
20120203 152800,100.670000,100.681000,100.669000,100.672000,0
20120203 152900,100.671000,100.673000,100.657000,100.669000,0
20120203 153000,100.671000,100.698000,100.667000,100.696000,0
20120203 153100,100.691000,100.698000,100.688000,100.688000,0
20120203 153200,100.689000,100.696000,100.686000,100.686000,0
20120203 153300,100.688000,100.696000,100.674000,100.674000,0
20120203 153400,100.675000,100.676000,100.654000,100.657000,0
20120203 153500,100.656000,100.666000,100.652000,100.666000,0
20120203 153600,100.665000,100.665000,100.657000,100.657000,0
20120203 153700,100.658000,100.661000,100.657000,100.661000,0
20120203 153800,100.659000,100.667000,100.659000,100.667000,0
20120203 153900,100.666000,100.671000,100.663000,100.669000,0
20120203 154000,100.668000,100.670000,100.665000,100.669000,0
20120203 154100,100.668000,100.672000,100.659000,100.665000,0
20120203 154200,100.664000,100.667000,100.663000,100.667000,0
20120203 154300,100.663000,100.663000,100.656000,100.657000,0
20120203 154400,100.656000,100.662000,100.652000,100.653000,0
20120203 154500,100.652000,100.659000,100.647000,100.650000,0
20120203 154600,100.652000,100.658000,100.650000,100.650000,0
20120203 154700,100.651000,100.657000,100.649000,100.655000,0
20120203 154800,100.656000,100.662000,100.655000,100.659000,0
20120203 154900,100.662000,100.664000,100.648000,100.654000,0
20120203 155000,100.655000,100.658000,100.655000,100.657000,0
20120203 155100,100.656000,100.662000,100.652000,100.654000,0
20120203 155200,100.653000,100.658000,100.651000,100.654000,0
20120203 155300,100.652000,100.657000,100.650000,100.657000,0
20120203 155400,100.654000,100.664000,100.652000,100.658000,0
20120203 155500,100.660000,100.674000,100.655000,100.670000,0
20120203 155600,100.666000,100.666000,100.654000,100.655000,0
20120203 155700,100.654000,100.654000,100.635000,100.635000,0
20120203 155800,100.636000,100.642000,100.633000,100.641000,0
20120203 155900,100.640000,100.650000,100.634000,100.634000,0
20120203 160000,100.633000,100.633000,100.618000,100.618000,0
20120203 160100,100.620000,100.627000,100.615000,100.621000,0
20120203 160200,100.622000,100.623000,100.617000,100.617000,0
20120203 160300,100.616000,100.621000,100.616000,100.617000,0
20120203 160400,100.618000,100.619000,100.606000,100.606000,0
20120203 160500,100.607000,100.610000,100.599000,100.601000,0
20120203 160600,100.598000,100.608000,100.598000,100.607000,0
20120203 160700,100.605000,100.605000,100.600000,100.602000,0
20120203 160800,100.601000,100.603000,100.599000,100.602000,0
20120203 160900,100.603000,100.603000,100.601000,100.601000,0
20120203 161000,100.602000,100.607000,100.601000,100.604000,0
20120203 161100,100.603000,100.605000,100.602000,100.602000,0
20120203 161200,100.604000,100.604000,100.601000,100.602000,0
20120203 161300,100.604000,100.605000,100.604000,100.604000,0
20120203 161400,100.605000,100.606000,100.601000,100.603000,0
20120203 161500,100.602000,100.617000,100.602000,100.615000,0
20120203 161600,100.614000,100.617000,100.614000,100.617000,0
20120203 161700,100.616000,100.618000,100.616000,100.618000,0
20120203 161800,100.612000,100.630000,100.608000,100.630000,0
20120203 161900,100.628000,100.635000,100.628000,100.634000,0
20120203 162000,100.635000,100.639000,100.627000,100.628000,0
20120203 162100,100.631000,100.631000,100.625000,100.630000,0
20120203 162200,100.631000,100.632000,100.629000,100.630000,0
20120203 162300,100.632000,100.633000,100.627000,100.629000,0
20120203 162400,100.630000,100.633000,100.629000,100.629000,0
20120203 162500,100.631000,100.631000,100.603000,100.610000,0
20120203 162600,100.609000,100.620000,100.609000,100.619000,0
20120203 162700,100.621000,100.649000,100.613000,100.642000,0
20120203 162800,100.641000,100.647000,100.641000,100.646000,0
20120203 162900,100.647000,100.647000,100.633000,100.639000,0
20120203 163000,100.641000,100.652000,100.638000,100.647000,0
20120203 163100,100.646000,100.656000,100.645000,100.648000,0
20120203 163200,100.649000,100.649000,100.635000,100.635000,0
20120203 163300,100.636000,100.640000,100.636000,100.639000,0
20120203 163400,100.641000,100.641000,100.621000,100.634000,0
20120203 163500,100.633000,100.643000,100.633000,100.642000,0
20120203 163600,100.648000,100.655000,100.648000,100.654000,0
20120203 163700,100.653000,100.655000,100.652000,100.655000,0
20120203 163800,100.670000,100.680000,100.659000,100.662000,0
20120203 163900,100.663000,100.694000,100.663000,100.675000,0
20120203 164000,100.676000,100.688000,100.667000,100.667000,0
20120203 164100,100.668000,100.679000,100.667000,100.668000,0
20120203 164200,100.660000,100.660000,100.646000,100.657000,0
20120203 164300,100.656000,100.681000,100.656000,100.681000,0
20120203 164400,100.680000,100.686000,100.672000,100.672000,0
20120203 164500,100.674000,100.681000,100.664000,100.681000,0
20120203 164600,100.678000,100.678000,100.668000,100.671000,0
20120203 164700,100.672000,100.672000,100.663000,100.665000,0
20120203 164800,100.666000,100.666000,100.663000,100.666000,0
20120203 164900,100.662000,100.663000,100.644000,100.648000,0
20120203 165000,100.644000,100.655000,100.642000,100.653000,0
20120203 165100,100.651000,100.682000,100.646000,100.679000,0
20120203 165200,100.693000,100.707000,100.683000,100.706000,0
20120203 165300,100.709000,100.758000,100.708000,100.758000,0
20120203 165400,100.752000,100.798000,100.750000,100.790000,0
20120203 165500,100.797000,100.826000,100.784000,100.793000,0
20120203 165600,100.797000,100.797000,100.776000,100.789000,0
20120203 165700,100.785000,100.793000,100.743000,100.769000,0
20120203 165800,100.771000,100.822000,100.741000,100.767000,0
20120203 165900,100.770000,100.795000,100.770000,100.772000,0
