20160713 000000,115.571000,115.609000,115.563000,115.565000,0
20160713 000100,115.563000,115.577000,115.514000,115.518000,0
20160713 000200,115.516000,115.548000,115.501000,115.521000,0
20160713 000300,115.522000,115.527000,115.495000,115.501000,0
20160713 000400,115.499000,115.547000,115.489000,115.537000,0
20160713 000500,115.536000,115.542000,115.524000,115.529000,0
20160713 000600,115.528000,115.528000,115.500000,115.514000,0
20160713 000700,115.513000,115.524000,115.506000,115.512000,0
20160713 000800,115.511000,115.588000,115.500000,115.525000,0
20160713 000900,115.524000,115.532000,115.438000,115.465000,0
20160713 001000,115.468000,115.478000,115.413000,115.436000,0
20160713 001100,115.437000,115.440000,115.397000,115.408000,0
20160713 001200,115.409000,115.418000,115.386000,115.401000,0
20160713 001300,115.403000,115.413000,115.365000,115.392000,0
20160713 001400,115.391000,115.392000,115.350000,115.363000,0
20160713 001500,115.362000,115.400000,115.360000,115.384000,0
20160713 001600,115.382000,115.382000,115.333000,115.344000,0
20160713 001700,115.351000,115.351000,115.328000,115.330000,0
20160713 001800,115.332000,115.333000,115.310000,115.314000,0
20160713 001900,115.312000,115.359000,115.307000,115.352000,0
20160713 002000,115.352000,115.376000,115.348000,115.376000,0
20160713 002100,115.375000,115.375000,115.352000,115.354000,0
20160713 002200,115.352000,115.352000,115.336000,115.338000,0
20160713 002300,115.337000,115.337000,115.305000,115.305000,0
20160713 002400,115.307000,115.344000,115.305000,115.325000,0
20160713 002500,115.323000,115.384000,115.323000,115.383000,0
20160713 002600,115.382000,115.404000,115.370000,115.375000,0
20160713 002700,115.377000,115.382000,115.352000,115.370000,0
20160713 002800,115.371000,115.443000,115.366000,115.436000,0
20160713 002900,115.437000,115.449000,115.418000,115.418000,0
20160713 003000,115.421000,115.422000,115.328000,115.333000,0
20160713 003100,115.334000,115.347000,115.310000,115.337000,0
20160713 003200,115.338000,115.352000,115.259000,115.269000,0
20160713 003300,115.267000,115.267000,115.102000,115.182000,0
20160713 003400,115.185000,115.200000,115.135000,115.144000,0
20160713 003500,115.143000,115.162000,115.092000,115.114000,0
20160713 003600,115.114000,115.126000,115.073000,115.112000,0
20160713 003700,115.113000,115.164000,115.098000,115.164000,0
20160713 003800,115.165000,115.167000,115.134000,115.157000,0
20160713 003900,115.168000,115.248000,115.159000,115.209000,0
20160713 004000,115.208000,115.285000,115.202000,115.284000,0
20160713 004100,115.282000,115.282000,115.205000,115.209000,0
20160713 004200,115.210000,115.214000,115.141000,115.169000,0
20160713 004300,115.178000,115.232000,115.175000,115.223000,0
20160713 004400,115.218000,115.253000,115.211000,115.211000,0
20160713 004500,115.210000,115.250000,115.175000,115.250000,0
20160713 004600,115.246000,115.335000,115.246000,115.288000,0
20160713 004700,115.287000,115.310000,115.282000,115.297000,0
20160713 004800,115.293000,115.328000,115.287000,115.311000,0
20160713 004900,115.312000,115.312000,115.252000,115.253000,0
20160713 005000,115.257000,115.261000,115.212000,115.246000,0
20160713 005100,115.241000,115.320000,115.241000,115.299000,0
20160713 005200,115.300000,115.307000,115.282000,115.303000,0
20160713 005300,115.302000,115.327000,115.289000,115.313000,0
20160713 005400,115.318000,115.366000,115.316000,115.334000,0
20160713 005500,115.335000,115.338000,115.271000,115.295000,0
20160713 005600,115.296000,115.317000,115.289000,115.311000,0
20160713 005700,115.311000,115.333000,115.307000,115.321000,0
20160713 005800,115.322000,115.330000,115.279000,115.279000,0
20160713 005900,115.280000,115.307000,115.276000,115.304000,0
20160713 010000,115.306000,115.307000,115.176000,115.237000,0
20160713 010100,115.238000,115.267000,115.231000,115.261000,0
20160713 010200,115.262000,115.295000,115.261000,115.279000,0
20160713 010300,115.276000,115.287000,115.269000,115.285000,0
20160713 010400,115.286000,115.340000,115.270000,115.329000,0
20160713 010500,115.330000,115.336000,115.296000,115.329000,0
20160713 010600,115.330000,115.336000,115.304000,115.317000,0
20160713 010700,115.316000,115.337000,115.295000,115.303000,0
20160713 010800,115.306000,115.308000,115.272000,115.272000,0
20160713 010900,115.277000,115.303000,115.258000,115.294000,0
20160713 011000,115.293000,115.351000,115.290000,115.325000,0
20160713 011100,115.323000,115.345000,115.293000,115.329000,0
20160713 011200,115.325000,115.341000,115.307000,115.324000,0
20160713 011300,115.322000,115.337000,115.295000,115.313000,0
20160713 011400,115.312000,115.325000,115.297000,115.306000,0
20160713 011500,115.307000,115.319000,115.250000,115.283000,0
20160713 011600,115.277000,115.277000,115.232000,115.259000,0
20160713 011700,115.260000,115.300000,115.257000,115.270000,0
20160713 011800,115.269000,115.285000,115.269000,115.279000,0
20160713 011900,115.277000,115.278000,115.246000,115.276000,0
20160713 012000,115.277000,115.277000,115.244000,115.250000,0
20160713 012100,115.249000,115.297000,115.249000,115.282000,0
20160713 012200,115.289000,115.379000,115.287000,115.362000,0
20160713 012300,115.365000,115.366000,115.320000,115.324000,0
20160713 012400,115.322000,115.350000,115.311000,115.338000,0
20160713 012500,115.337000,115.341000,115.319000,115.336000,0
20160713 012600,115.337000,115.364000,115.331000,115.349000,0
20160713 012700,115.350000,115.359000,115.324000,115.351000,0
20160713 012800,115.350000,115.415000,115.338000,115.415000,0
20160713 012900,115.421000,115.452000,115.390000,115.434000,0
20160713 013000,115.431000,115.445000,115.415000,115.428000,0
20160713 013100,115.428000,115.441000,115.414000,115.432000,0
20160713 013200,115.434000,115.435000,115.396000,115.417000,0
20160713 013300,115.416000,115.431000,115.404000,115.430000,0
20160713 013400,115.431000,115.435000,115.415000,115.415000,0
20160713 013500,115.419000,115.444000,115.411000,115.426000,0
20160713 013600,115.436000,115.465000,115.425000,115.458000,0
20160713 013700,115.466000,115.472000,115.405000,115.416000,0
20160713 013800,115.417000,115.427000,115.382000,115.383000,0
20160713 013900,115.386000,115.400000,115.379000,115.397000,0
20160713 014000,115.396000,115.402000,115.380000,115.389000,0
20160713 014100,115.391000,115.428000,115.388000,115.422000,0
20160713 014200,115.423000,115.438000,115.401000,115.421000,0
20160713 014300,115.420000,115.458000,115.406000,115.438000,0
20160713 014400,115.439000,115.439000,115.402000,115.424000,0
20160713 014500,115.423000,115.443000,115.417000,115.418000,0
20160713 014600,115.420000,115.420000,115.378000,115.405000,0
20160713 014700,115.406000,115.418000,115.400000,115.411000,0
20160713 014800,115.409000,115.438000,115.404000,115.438000,0
20160713 014900,115.437000,115.446000,115.401000,115.415000,0
20160713 015000,115.417000,115.480000,115.409000,115.476000,0
20160713 015100,115.478000,115.481000,115.425000,115.441000,0
20160713 015200,115.439000,115.439000,115.386000,115.396000,0
20160713 015300,115.397000,115.413000,115.397000,115.408000,0
20160713 015400,115.415000,115.440000,115.409000,115.411000,0
20160713 015500,115.408000,115.410000,115.379000,115.384000,0
20160713 015600,115.388000,115.390000,115.351000,115.376000,0
20160713 015700,115.376000,115.383000,115.367000,115.373000,0
20160713 015800,115.374000,115.453000,115.364000,115.431000,0
20160713 015900,115.430000,115.451000,115.423000,115.433000,0
20160713 020000,115.434000,115.507000,115.401000,115.476000,0
20160713 020100,115.475000,115.477000,115.449000,115.450000,0
20160713 020200,115.448000,115.449000,115.408000,115.419000,0
20160713 020300,115.420000,115.425000,115.392000,115.420000,0
20160713 020400,115.421000,115.450000,115.420000,115.435000,0
20160713 020500,115.437000,115.456000,115.415000,115.416000,0
20160713 020600,115.414000,115.425000,115.380000,115.420000,0
20160713 020700,115.419000,115.421000,115.384000,115.399000,0
20160713 020800,115.407000,115.418000,115.377000,115.377000,0
20160713 020900,115.375000,115.400000,115.372000,115.389000,0
20160713 021000,115.391000,115.395000,115.328000,115.342000,0
20160713 021100,115.343000,115.343000,115.306000,115.330000,0
20160713 021200,115.332000,115.355000,115.327000,115.354000,0
20160713 021300,115.357000,115.391000,115.348000,115.362000,0
20160713 021400,115.361000,115.416000,115.361000,115.391000,0
20160713 021500,115.379000,115.386000,115.366000,115.372000,0
20160713 021600,115.374000,115.390000,115.353000,115.374000,0
20160713 021700,115.374000,115.405000,115.344000,115.344000,0
20160713 021800,115.342000,115.344000,115.123000,115.123000,0
20160713 021900,115.124000,115.207000,115.121000,115.187000,0
20160713 022000,115.187000,115.221000,115.129000,115.167000,0
20160713 022100,115.166000,115.220000,115.166000,115.190000,0
20160713 022200,115.191000,115.220000,115.173000,115.212000,0
20160713 022300,115.213000,115.213000,115.138000,115.191000,0
20160713 022400,115.189000,115.227000,115.178000,115.227000,0
20160713 022500,115.229000,115.284000,115.219000,115.283000,0
20160713 022600,115.280000,115.280000,115.230000,115.242000,0
20160713 022700,115.241000,115.241000,115.205000,115.229000,0
20160713 022800,115.233000,115.259000,115.216000,115.217000,0
20160713 022900,115.218000,115.267000,115.218000,115.265000,0
20160713 023000,115.262000,115.270000,115.260000,115.270000,0
20160713 023100,115.268000,115.268000,115.219000,115.219000,0
20160713 023200,115.221000,115.237000,115.175000,115.175000,0
20160713 023300,115.175000,115.222000,115.155000,115.219000,0
20160713 023400,115.220000,115.286000,115.220000,115.272000,0
20160713 023500,115.275000,115.281000,115.246000,115.260000,0
20160713 023600,115.261000,115.291000,115.255000,115.277000,0
20160713 023700,115.280000,115.283000,115.250000,115.250000,0
20160713 023800,115.247000,115.309000,115.243000,115.309000,0
20160713 023900,115.321000,115.342000,115.293000,115.324000,0
20160713 024000,115.322000,115.348000,115.316000,115.327000,0
20160713 024100,115.327000,115.327000,115.270000,115.290000,0
20160713 024200,115.290000,115.304000,115.281000,115.302000,0
20160713 024300,115.300000,115.335000,115.295000,115.323000,0
20160713 024400,115.325000,115.494000,115.323000,115.466000,0
20160713 024500,115.463000,115.490000,115.448000,115.490000,0
20160713 024600,115.491000,115.500000,115.423000,115.425000,0
20160713 024700,115.425000,115.431000,115.396000,115.413000,0
20160713 024800,115.414000,115.515000,115.414000,115.515000,0
20160713 024900,115.523000,115.582000,115.511000,115.550000,0
20160713 025000,115.552000,115.553000,115.479000,115.523000,0
20160713 025100,115.522000,115.531000,115.455000,115.473000,0
20160713 025200,115.476000,115.494000,115.466000,115.480000,0
20160713 025300,115.483000,115.488000,115.456000,115.475000,0
20160713 025400,115.475000,115.493000,115.460000,115.460000,0
20160713 025500,115.459000,115.475000,115.432000,115.438000,0
20160713 025600,115.435000,115.435000,115.405000,115.416000,0
20160713 025700,115.417000,115.422000,115.392000,115.392000,0
20160713 025800,115.390000,115.391000,115.338000,115.347000,0
20160713 025900,115.349000,115.363000,115.297000,115.297000,0
20160713 030000,115.301000,115.384000,115.301000,115.365000,0
20160713 030100,115.364000,115.429000,115.270000,115.339000,0
20160713 030200,115.337000,115.355000,115.277000,115.283000,0
20160713 030300,115.283000,115.319000,115.279000,115.319000,0
20160713 030400,115.321000,115.348000,115.243000,115.264000,0
20160713 030500,115.254000,115.343000,115.252000,115.320000,0
20160713 030600,115.321000,115.401000,115.309000,115.351000,0
20160713 030700,115.351000,115.360000,115.321000,115.337000,0
20160713 030800,115.340000,115.459000,115.338000,115.421000,0
20160713 030900,115.414000,115.425000,115.385000,115.396000,0
20160713 031000,115.399000,115.402000,115.342000,115.365000,0
20160713 031100,115.365000,115.369000,115.334000,115.342000,0
20160713 031200,115.339000,115.347000,115.316000,115.322000,0
20160713 031300,115.324000,115.330000,115.304000,115.309000,0
20160713 031400,115.311000,115.328000,115.293000,115.314000,0
20160713 031500,115.325000,115.374000,115.316000,115.366000,0
20160713 031600,115.368000,115.406000,115.368000,115.386000,0
20160713 031700,115.388000,115.394000,115.348000,115.359000,0
20160713 031800,115.359000,115.378000,115.345000,115.364000,0
20160713 031900,115.366000,115.386000,115.349000,115.379000,0
20160713 032000,115.376000,115.418000,115.373000,115.398000,0
20160713 032100,115.400000,115.421000,115.367000,115.372000,0
20160713 032200,115.371000,115.394000,115.351000,115.351000,0
20160713 032300,115.353000,115.358000,115.331000,115.353000,0
20160713 032400,115.355000,115.385000,115.348000,115.383000,0
20160713 032500,115.385000,115.390000,115.338000,115.344000,0
20160713 032600,115.342000,115.342000,115.283000,115.292000,0
20160713 032700,115.293000,115.304000,115.284000,115.290000,0
20160713 032800,115.292000,115.319000,115.286000,115.316000,0
20160713 032900,115.315000,115.343000,115.308000,115.324000,0
20160713 033000,115.326000,115.373000,115.321000,115.371000,0
20160713 033100,115.371000,115.371000,115.312000,115.341000,0
20160713 033200,115.338000,115.352000,115.324000,115.352000,0
20160713 033300,115.353000,115.375000,115.345000,115.362000,0
20160713 033400,115.361000,115.365000,115.336000,115.346000,0
20160713 033500,115.347000,115.376000,115.343000,115.364000,0
20160713 033600,115.362000,115.368000,115.355000,115.358000,0
20160713 033700,115.360000,115.375000,115.335000,115.337000,0
20160713 033800,115.341000,115.381000,115.341000,115.362000,0
20160713 033900,115.360000,115.365000,115.328000,115.328000,0
20160713 034000,115.325000,115.325000,115.231000,115.262000,0
20160713 034100,115.262000,115.262000,115.241000,115.243000,0
20160713 034200,115.249000,115.273000,115.244000,115.253000,0
20160713 034300,115.255000,115.266000,115.214000,115.233000,0
20160713 034400,115.234000,115.248000,115.213000,115.243000,0
20160713 034500,115.241000,115.260000,115.234000,115.248000,0
20160713 034600,115.250000,115.304000,115.250000,115.283000,0
20160713 034700,115.285000,115.323000,115.275000,115.308000,0
20160713 034800,115.306000,115.310000,115.198000,115.216000,0
20160713 034900,115.219000,115.240000,115.202000,115.204000,0
20160713 035000,115.191000,115.214000,115.173000,115.189000,0
20160713 035100,115.191000,115.227000,115.185000,115.205000,0
20160713 035200,115.207000,115.221000,115.202000,115.213000,0
20160713 035300,115.214000,115.255000,115.214000,115.238000,0
20160713 035400,115.241000,115.255000,115.226000,115.229000,0
20160713 035500,115.228000,115.255000,115.220000,115.254000,0
20160713 035600,115.255000,115.261000,115.189000,115.191000,0
20160713 035700,115.189000,115.189000,115.150000,115.177000,0
20160713 035800,115.173000,115.175000,115.095000,115.125000,0
20160713 035900,115.123000,115.141000,115.100000,115.122000,0
20160713 040000,115.126000,115.131000,115.033000,115.056000,0
20160713 040100,115.058000,115.073000,115.051000,115.063000,0
20160713 040200,115.065000,115.115000,115.065000,115.102000,0
20160713 040300,115.105000,115.143000,115.105000,115.143000,0
20160713 040400,115.146000,115.163000,115.080000,115.096000,0
20160713 040500,115.097000,115.130000,115.091000,115.109000,0
20160713 040600,115.113000,115.169000,115.113000,115.153000,0
20160713 040700,115.152000,115.175000,115.137000,115.160000,0
20160713 040800,115.161000,115.200000,115.161000,115.200000,0
20160713 040900,115.198000,115.225000,115.190000,115.215000,0
20160713 041000,115.210000,115.227000,115.179000,115.184000,0
20160713 041100,115.186000,115.188000,115.158000,115.160000,0
20160713 041200,115.163000,115.163000,115.129000,115.142000,0
20160713 041300,115.144000,115.159000,115.129000,115.149000,0
20160713 041400,115.148000,115.162000,115.140000,115.160000,0
20160713 041500,115.157000,115.169000,115.137000,115.144000,0
20160713 041600,115.141000,115.164000,115.135000,115.157000,0
20160713 041700,115.159000,115.183000,115.155000,115.183000,0
20160713 041800,115.185000,115.218000,115.185000,115.218000,0
20160713 041900,115.220000,115.257000,115.210000,115.240000,0
20160713 042000,115.240000,115.240000,115.209000,115.226000,0
20160713 042100,115.224000,115.235000,115.167000,115.172000,0
20160713 042200,115.173000,115.186000,115.162000,115.162000,0
20160713 042300,115.160000,115.187000,115.131000,115.140000,0
20160713 042400,115.143000,115.172000,115.129000,115.171000,0
20160713 042500,115.171000,115.186000,115.153000,115.161000,0
20160713 042600,115.162000,115.167000,115.110000,115.110000,0
20160713 042700,115.110000,115.113000,115.056000,115.096000,0
20160713 042800,115.097000,115.171000,115.097000,115.171000,0
20160713 042900,115.170000,115.170000,115.134000,115.153000,0
20160713 043000,115.151000,115.189000,115.147000,115.186000,0
20160713 043100,115.187000,115.254000,115.184000,115.198000,0
20160713 043200,115.198000,115.211000,115.191000,115.205000,0
20160713 043300,115.206000,115.246000,115.206000,115.239000,0
20160713 043400,115.240000,115.275000,115.236000,115.241000,0
20160713 043500,115.241000,115.256000,115.233000,115.244000,0
20160713 043600,115.244000,115.291000,115.242000,115.291000,0
20160713 043700,115.289000,115.337000,115.282000,115.324000,0
20160713 043800,115.322000,115.342000,115.315000,115.340000,0
20160713 043900,115.342000,115.388000,115.342000,115.361000,0
20160713 044000,115.359000,115.369000,115.334000,115.369000,0
20160713 044100,115.371000,115.405000,115.364000,115.381000,0
20160713 044200,115.381000,115.383000,115.337000,115.352000,0
20160713 044300,115.350000,115.375000,115.345000,115.347000,0
20160713 044400,115.347000,115.363000,115.347000,115.359000,0
20160713 044500,115.359000,115.362000,115.300000,115.301000,0
20160713 044600,115.300000,115.328000,115.300000,115.319000,0
20160713 044700,115.316000,115.336000,115.309000,115.326000,0
20160713 044800,115.324000,115.337000,115.304000,115.322000,0
20160713 044900,115.322000,115.351000,115.314000,115.335000,0
20160713 045000,115.336000,115.363000,115.336000,115.342000,0
20160713 045100,115.344000,115.406000,115.341000,115.388000,0
20160713 045200,115.386000,115.423000,115.379000,115.405000,0
20160713 045300,115.406000,115.443000,115.406000,115.407000,0
20160713 045400,115.409000,115.413000,115.365000,115.385000,0
20160713 045500,115.386000,115.400000,115.381000,115.386000,0
20160713 045600,115.388000,115.395000,115.361000,115.372000,0
20160713 045700,115.373000,115.373000,115.343000,115.349000,0
20160713 045800,115.347000,115.347000,115.319000,115.321000,0
20160713 045900,115.320000,115.373000,115.318000,115.372000,0
20160713 050000,115.379000,115.386000,115.346000,115.370000,0
20160713 050100,115.367000,115.367000,115.322000,115.324000,0
20160713 050200,115.327000,115.334000,115.205000,115.205000,0
20160713 050300,115.210000,115.247000,115.198000,115.240000,0
20160713 050400,115.240000,115.281000,115.231000,115.266000,0
20160713 050500,115.264000,115.272000,115.235000,115.249000,0
20160713 050600,115.251000,115.265000,115.215000,115.229000,0
20160713 050700,115.231000,115.241000,115.221000,115.235000,0
20160713 050800,115.236000,115.246000,115.216000,115.229000,0
20160713 050900,115.227000,115.288000,115.221000,115.273000,0
20160713 051000,115.271000,115.317000,115.271000,115.309000,0
20160713 051100,115.308000,115.321000,115.275000,115.309000,0
20160713 051200,115.306000,115.332000,115.290000,115.310000,0
20160713 051300,115.310000,115.359000,115.310000,115.351000,0
20160713 051400,115.349000,115.353000,115.335000,115.349000,0
20160713 051500,115.351000,115.375000,115.342000,115.362000,0
20160713 051600,115.365000,115.411000,115.365000,115.409000,0
20160713 051700,115.415000,115.454000,115.413000,115.446000,0
20160713 051800,115.445000,115.478000,115.445000,115.448000,0
20160713 051900,115.451000,115.477000,115.437000,115.477000,0
20160713 052000,115.480000,115.520000,115.474000,115.505000,0
20160713 052100,115.502000,115.502000,115.462000,115.467000,0
20160713 052200,115.465000,115.473000,115.452000,115.473000,0
20160713 052300,115.473000,115.481000,115.454000,115.480000,0
20160713 052400,115.478000,115.519000,115.471000,115.519000,0
20160713 052500,115.518000,115.538000,115.513000,115.524000,0
20160713 052600,115.525000,115.533000,115.512000,115.533000,0
20160713 052700,115.532000,115.562000,115.532000,115.557000,0
20160713 052800,115.558000,115.615000,115.558000,115.612000,0
20160713 052900,115.612000,115.628000,115.594000,115.621000,0
20160713 053000,115.616000,115.699000,115.613000,115.698000,0
20160713 053100,115.701000,115.718000,115.672000,115.698000,0
20160713 053200,115.695000,115.695000,115.655000,115.656000,0
20160713 053300,115.657000,115.698000,115.648000,115.692000,0
20160713 053400,115.691000,115.691000,115.660000,115.675000,0
20160713 053500,115.673000,115.673000,115.623000,115.664000,0
20160713 053600,115.664000,115.676000,115.652000,115.654000,0
20160713 053700,115.657000,115.703000,115.636000,115.703000,0
20160713 053800,115.704000,115.791000,115.704000,115.791000,0
20160713 053900,115.790000,115.920000,115.768000,115.911000,0
20160713 054000,115.906000,115.906000,115.809000,115.811000,0
20160713 054100,115.809000,115.928000,115.795000,115.905000,0
20160713 054200,115.905000,115.969000,115.894000,115.895000,0
20160713 054300,115.896000,115.924000,115.855000,115.866000,0
20160713 054400,115.866000,115.946000,115.852000,115.944000,0
20160713 054500,115.946000,115.946000,115.896000,115.898000,0
20160713 054600,115.895000,115.901000,115.862000,115.880000,0
20160713 054700,115.878000,115.878000,115.829000,115.848000,0
20160713 054800,115.846000,115.855000,115.829000,115.839000,0
20160713 054900,115.841000,115.892000,115.832000,115.888000,0
20160713 055000,115.888000,115.888000,115.821000,115.831000,0
20160713 055100,115.831000,115.874000,115.831000,115.858000,0
20160713 055200,115.861000,115.908000,115.861000,115.903000,0
20160713 055300,115.903000,115.905000,115.880000,115.887000,0
20160713 055400,115.885000,115.885000,115.844000,115.867000,0
20160713 055500,115.865000,115.890000,115.852000,115.861000,0
20160713 055600,115.860000,115.863000,115.815000,115.834000,0
20160713 055700,115.835000,115.878000,115.827000,115.876000,0
20160713 055800,115.871000,115.871000,115.833000,115.860000,0
20160713 055900,115.860000,115.923000,115.860000,115.876000,0
20160713 060000,115.876000,115.894000,115.853000,115.867000,0
20160713 060100,115.865000,115.877000,115.806000,115.806000,0
20160713 060200,115.803000,115.803000,115.766000,115.789000,0
20160713 060300,115.787000,115.803000,115.758000,115.758000,0
20160713 060400,115.758000,115.770000,115.743000,115.762000,0
20160713 060500,115.760000,115.808000,115.756000,115.805000,0
20160713 060600,115.808000,115.833000,115.797000,115.819000,0
20160713 060700,115.821000,115.824000,115.801000,115.801000,0
20160713 060800,115.803000,115.818000,115.761000,115.763000,0
20160713 060900,115.761000,115.813000,115.756000,115.810000,0
20160713 061000,115.815000,115.841000,115.815000,115.819000,0
20160713 061100,115.821000,115.835000,115.817000,115.824000,0
20160713 061200,115.822000,115.835000,115.807000,115.816000,0
20160713 061300,115.818000,115.835000,115.815000,115.821000,0
20160713 061400,115.823000,115.861000,115.823000,115.854000,0
20160713 061500,115.852000,115.905000,115.836000,115.902000,0
20160713 061600,115.904000,115.995000,115.817000,115.984000,0
20160713 061700,115.978000,115.981000,115.892000,115.947000,0
20160713 061800,115.949000,116.027000,115.949000,115.982000,0
20160713 061900,115.980000,115.985000,115.954000,115.965000,0
20160713 062000,115.965000,115.969000,115.916000,115.924000,0
20160713 062100,115.925000,115.965000,115.925000,115.963000,0
20160713 062200,115.961000,115.971000,115.912000,115.914000,0
20160713 062300,115.913000,115.965000,115.898000,115.938000,0
20160713 062400,115.951000,116.017000,115.951000,115.983000,0
20160713 062500,115.981000,115.983000,115.921000,115.921000,0
20160713 062600,115.918000,115.934000,115.897000,115.922000,0
20160713 062700,115.920000,115.968000,115.912000,115.962000,0
20160713 062800,115.964000,115.969000,115.925000,115.936000,0
20160713 062900,115.938000,115.938000,115.918000,115.936000,0
20160713 063000,115.935000,115.958000,115.927000,115.941000,0
20160713 063100,115.939000,115.962000,115.923000,115.962000,0
20160713 063200,115.965000,115.985000,115.956000,115.982000,0
20160713 063300,115.980000,115.980000,115.918000,115.921000,0
20160713 063400,115.919000,115.947000,115.884000,115.890000,0
20160713 063500,115.889000,115.937000,115.885000,115.916000,0
20160713 063600,115.916000,115.936000,115.890000,115.924000,0
20160713 063700,115.926000,115.953000,115.918000,115.944000,0
20160713 063800,115.942000,115.971000,115.941000,115.963000,0
20160713 063900,115.965000,115.993000,115.965000,115.993000,0
20160713 064000,115.994000,116.002000,115.983000,115.989000,0
20160713 064100,115.987000,116.013000,115.975000,116.004000,0
20160713 064200,116.002000,116.036000,116.001000,116.027000,0
20160713 064300,116.027000,116.032000,116.010000,116.010000,0
20160713 064400,116.008000,116.034000,116.004000,116.028000,0
20160713 064500,116.026000,116.052000,116.016000,116.030000,0
20160713 064600,116.028000,116.071000,116.025000,116.053000,0
20160713 064700,116.053000,116.071000,116.045000,116.064000,0
20160713 064800,116.062000,116.097000,116.058000,116.093000,0
20160713 064900,116.091000,116.092000,116.064000,116.082000,0
20160713 065000,116.085000,116.112000,116.082000,116.107000,0
20160713 065100,116.108000,116.108000,116.059000,116.064000,0
20160713 065200,116.065000,116.076000,116.059000,116.076000,0
20160713 065300,116.079000,116.079000,116.052000,116.052000,0
20160713 065400,116.055000,116.078000,116.036000,116.078000,0
20160713 065500,116.077000,116.077000,116.029000,116.073000,0
20160713 065600,116.076000,116.086000,116.050000,116.077000,0
20160713 065700,116.074000,116.074000,116.053000,116.058000,0
20160713 065800,116.056000,116.095000,116.056000,116.094000,0
20160713 065900,116.094000,116.196000,116.094000,116.196000,0
20160713 070000,116.196000,116.201000,116.132000,116.174000,0
20160713 070100,116.173000,116.226000,116.165000,116.214000,0
20160713 070200,116.213000,116.218000,116.177000,116.184000,0
20160713 070300,116.183000,116.183000,116.156000,116.157000,0
20160713 070400,116.162000,116.177000,116.161000,116.166000,0
20160713 070500,116.164000,116.166000,116.137000,116.137000,0
20160713 070600,116.136000,116.136000,116.104000,116.130000,0
20160713 070700,116.130000,116.134000,116.107000,116.134000,0
20160713 070800,116.132000,116.158000,116.119000,116.119000,0
20160713 070900,116.119000,116.168000,116.114000,116.158000,0
20160713 071000,116.156000,116.156000,116.119000,116.136000,0
20160713 071100,116.136000,116.136000,116.095000,116.095000,0
20160713 071200,116.097000,116.107000,116.080000,116.083000,0
20160713 071300,116.090000,116.090000,116.068000,116.075000,0
20160713 071400,116.075000,116.075000,116.029000,116.047000,0
20160713 071500,116.045000,116.052000,116.020000,116.028000,0
20160713 071600,116.029000,116.051000,116.025000,116.035000,0
20160713 071700,116.038000,116.048000,116.033000,116.045000,0
20160713 071800,116.044000,116.058000,116.043000,116.043000,0
20160713 071900,116.041000,116.041000,116.005000,116.022000,0
20160713 072000,116.024000,116.024000,115.985000,115.985000,0
20160713 072100,115.979000,115.985000,115.956000,115.965000,0
20160713 072200,115.963000,115.969000,115.953000,115.956000,0
20160713 072300,115.954000,115.982000,115.954000,115.976000,0
20160713 072400,115.974000,115.993000,115.968000,115.988000,0
20160713 072500,115.986000,115.992000,115.949000,115.983000,0
20160713 072600,115.981000,115.989000,115.943000,115.955000,0
20160713 072700,115.955000,115.955000,115.926000,115.935000,0
20160713 072800,115.936000,115.940000,115.889000,115.891000,0
20160713 072900,115.891000,115.891000,115.858000,115.870000,0
20160713 073000,115.871000,115.896000,115.871000,115.881000,0
20160713 073100,115.879000,115.879000,115.861000,115.866000,0
20160713 073200,115.868000,115.874000,115.865000,115.866000,0
20160713 073300,115.865000,115.873000,115.823000,115.823000,0
20160713 073400,115.821000,115.844000,115.790000,115.828000,0
20160713 073500,115.828000,115.828000,115.777000,115.818000,0
20160713 073600,115.828000,115.889000,115.825000,115.886000,0
20160713 073700,115.886000,115.886000,115.845000,115.849000,0
20160713 073800,115.849000,115.865000,115.838000,115.839000,0
20160713 073900,115.839000,115.878000,115.839000,115.861000,0
20160713 074000,115.859000,115.901000,115.848000,115.897000,0
20160713 074100,115.895000,115.895000,115.850000,115.884000,0
20160713 074200,115.885000,115.908000,115.885000,115.902000,0
20160713 074300,115.899000,115.959000,115.894000,115.946000,0
20160713 074400,115.945000,115.951000,115.910000,115.910000,0
20160713 074500,115.909000,115.925000,115.890000,115.890000,0
20160713 074600,115.888000,115.897000,115.866000,115.870000,0
20160713 074700,115.873000,115.888000,115.873000,115.888000,0
20160713 074800,115.888000,115.896000,115.882000,115.884000,0
20160713 074900,115.882000,115.905000,115.870000,115.892000,0
20160713 075000,115.894000,115.901000,115.878000,115.897000,0
20160713 075100,115.900000,115.928000,115.900000,115.924000,0
20160713 075200,115.925000,115.926000,115.878000,115.889000,0
20160713 075300,115.892000,115.895000,115.873000,115.873000,0
20160713 075400,115.875000,115.915000,115.875000,115.915000,0
20160713 075500,115.917000,115.921000,115.887000,115.897000,0
20160713 075600,115.896000,115.896000,115.875000,115.877000,0
20160713 075700,115.873000,115.891000,115.851000,115.854000,0
20160713 075800,115.855000,115.860000,115.828000,115.828000,0
20160713 075900,115.829000,115.880000,115.829000,115.874000,0
20160713 080000,115.875000,115.878000,115.847000,115.847000,0
20160713 080100,115.845000,115.848000,115.825000,115.841000,0
20160713 080200,115.839000,115.874000,115.837000,115.857000,0
20160713 080300,115.857000,115.862000,115.839000,115.848000,0
20160713 080400,115.849000,115.877000,115.849000,115.866000,0
20160713 080500,115.865000,115.866000,115.840000,115.840000,0
20160713 080600,115.840000,115.879000,115.832000,115.862000,0
20160713 080700,115.863000,115.874000,115.852000,115.874000,0
20160713 080800,115.872000,115.878000,115.855000,115.861000,0
20160713 080900,115.861000,115.878000,115.842000,115.853000,0
20160713 081000,115.851000,115.878000,115.839000,115.874000,0
20160713 081100,115.872000,115.882000,115.862000,115.882000,0
20160713 081200,115.883000,115.884000,115.868000,115.872000,0
20160713 081300,115.874000,115.876000,115.849000,115.849000,0
20160713 081400,115.852000,115.856000,115.807000,115.812000,0
20160713 081500,115.811000,115.854000,115.811000,115.843000,0
20160713 081600,115.840000,115.840000,115.745000,115.746000,0
20160713 081700,115.745000,115.766000,115.745000,115.756000,0
20160713 081800,115.758000,115.761000,115.720000,115.756000,0
20160713 081900,115.755000,115.770000,115.745000,115.750000,0
20160713 082000,115.749000,115.772000,115.724000,115.734000,0
20160713 082100,115.732000,115.732000,115.681000,115.686000,0
20160713 082200,115.687000,115.715000,115.681000,115.681000,0
20160713 082300,115.684000,115.732000,115.684000,115.720000,0
20160713 082400,115.721000,115.724000,115.690000,115.692000,0
20160713 082500,115.701000,115.741000,115.701000,115.737000,0
20160713 082600,115.735000,115.752000,115.720000,115.747000,0
20160713 082700,115.747000,115.767000,115.747000,115.762000,0
20160713 082800,115.764000,115.792000,115.761000,115.772000,0
20160713 082900,115.773000,115.811000,115.769000,115.792000,0
20160713 083000,115.790000,115.796000,115.758000,115.758000,0
20160713 083100,115.759000,115.773000,115.713000,115.727000,0
20160713 083200,115.725000,115.727000,115.679000,115.686000,0
20160713 083300,115.684000,115.702000,115.677000,115.697000,0
20160713 083400,115.695000,115.695000,115.659000,115.679000,0
20160713 083500,115.681000,115.758000,115.677000,115.757000,0
20160713 083600,115.757000,115.788000,115.738000,115.782000,0
20160713 083700,115.781000,115.788000,115.723000,115.749000,0
20160713 083800,115.748000,115.766000,115.742000,115.758000,0
20160713 083900,115.756000,115.789000,115.755000,115.773000,0
20160713 084000,115.775000,115.803000,115.775000,115.799000,0
20160713 084100,115.797000,115.856000,115.795000,115.821000,0
20160713 084200,115.823000,115.867000,115.823000,115.867000,0
20160713 084300,115.865000,115.875000,115.852000,115.870000,0
20160713 084400,115.867000,115.891000,115.861000,115.891000,0
20160713 084500,115.895000,115.903000,115.879000,115.885000,0
20160713 084600,115.885000,115.908000,115.881000,115.902000,0
20160713 084700,115.904000,115.911000,115.874000,115.900000,0
20160713 084800,115.897000,115.928000,115.897000,115.918000,0
20160713 084900,115.919000,115.932000,115.909000,115.920000,0
20160713 085000,115.917000,115.927000,115.908000,115.920000,0
20160713 085100,115.921000,115.955000,115.921000,115.937000,0
20160713 085200,115.936000,115.985000,115.929000,115.968000,0
20160713 085300,115.966000,115.973000,115.932000,115.965000,0
20160713 085400,115.968000,115.968000,115.940000,115.943000,0
20160713 085500,115.941000,115.946000,115.920000,115.945000,0
20160713 085600,115.944000,115.975000,115.921000,115.963000,0
20160713 085700,115.962000,115.964000,115.928000,115.932000,0
20160713 085800,115.930000,115.936000,115.900000,115.913000,0
20160713 085900,115.911000,115.911000,115.869000,115.889000,0
20160713 090000,115.890000,115.901000,115.857000,115.886000,0
20160713 090100,115.888000,115.894000,115.849000,115.857000,0
20160713 090200,115.857000,115.871000,115.837000,115.850000,0
20160713 090300,115.848000,115.885000,115.842000,115.876000,0
20160713 090400,115.874000,115.887000,115.858000,115.886000,0
20160713 090500,115.887000,115.894000,115.869000,115.870000,0
20160713 090600,115.872000,115.882000,115.863000,115.876000,0
20160713 090700,115.877000,115.889000,115.868000,115.870000,0
20160713 090800,115.873000,115.951000,115.873000,115.933000,0
20160713 090900,115.924000,115.971000,115.914000,115.967000,0
20160713 091000,115.962000,115.983000,115.958000,115.976000,0
20160713 091100,115.979000,115.983000,115.950000,115.966000,0
20160713 091200,115.966000,115.970000,115.944000,115.948000,0
20160713 091300,115.948000,115.984000,115.925000,115.984000,0
20160713 091400,115.985000,116.000000,115.930000,115.982000,0
20160713 091500,115.984000,116.002000,115.967000,115.974000,0
20160713 091600,115.975000,115.999000,115.962000,115.999000,0
20160713 091700,115.997000,116.004000,115.984000,115.984000,0
20160713 091800,115.983000,115.983000,115.936000,115.939000,0
20160713 091900,115.941000,115.941000,115.887000,115.907000,0
20160713 092000,115.918000,115.934000,115.884000,115.934000,0
20160713 092100,115.934000,115.968000,115.927000,115.958000,0
20160713 092200,115.957000,115.959000,115.944000,115.948000,0
20160713 092300,115.947000,115.959000,115.943000,115.943000,0
20160713 092400,115.947000,115.982000,115.947000,115.969000,0
20160713 092500,115.971000,115.972000,115.950000,115.950000,0
20160713 092600,115.950000,115.979000,115.946000,115.973000,0
20160713 092700,115.974000,115.992000,115.966000,115.976000,0
20160713 092800,115.977000,115.977000,115.962000,115.962000,0
20160713 092900,115.961000,115.964000,115.952000,115.964000,0
20160713 093000,115.961000,116.014000,115.959000,116.012000,0
20160713 093100,116.012000,116.022000,115.996000,115.998000,0
20160713 093200,115.999000,115.999000,115.956000,115.956000,0
20160713 093300,115.958000,115.984000,115.955000,115.965000,0
20160713 093400,115.964000,116.007000,115.955000,116.002000,0
20160713 093500,116.000000,116.035000,115.999000,116.023000,0
20160713 093600,116.023000,116.023000,115.983000,116.007000,0
20160713 093700,116.009000,116.009000,115.949000,115.955000,0
20160713 093800,115.955000,115.955000,115.925000,115.928000,0
20160713 093900,115.925000,115.927000,115.891000,115.900000,0
20160713 094000,115.901000,115.902000,115.812000,115.812000,0
20160713 094100,115.811000,115.811000,115.757000,115.794000,0
20160713 094200,115.796000,115.797000,115.700000,115.727000,0
20160713 094300,115.729000,115.735000,115.696000,115.696000,0
20160713 094400,115.698000,115.702000,115.640000,115.666000,0
20160713 094500,115.666000,115.746000,115.663000,115.746000,0
20160713 094600,115.743000,115.747000,115.633000,115.633000,0
20160713 094700,115.633000,115.664000,115.551000,115.563000,0
20160713 094800,115.572000,115.608000,115.555000,115.584000,0
20160713 094900,115.584000,115.616000,115.575000,115.602000,0
20160713 095000,115.600000,115.600000,115.516000,115.551000,0
20160713 095100,115.554000,115.609000,115.554000,115.603000,0
20160713 095200,115.605000,115.641000,115.605000,115.610000,0
20160713 095300,115.608000,115.658000,115.605000,115.611000,0
20160713 095400,115.614000,115.673000,115.608000,115.664000,0
20160713 095500,115.663000,115.701000,115.656000,115.687000,0
20160713 095600,115.688000,115.693000,115.665000,115.671000,0
20160713 095700,115.669000,115.669000,115.622000,115.626000,0
20160713 095800,115.621000,115.635000,115.582000,115.582000,0
20160713 095900,115.581000,115.593000,115.514000,115.588000,0
20160713 100000,115.591000,115.735000,115.591000,115.679000,0
20160713 100100,115.680000,115.766000,115.678000,115.766000,0
20160713 100200,115.764000,115.767000,115.716000,115.716000,0
20160713 100300,115.717000,115.717000,115.672000,115.713000,0
20160713 100400,115.714000,115.729000,115.688000,115.717000,0
20160713 100500,115.715000,115.780000,115.699000,115.757000,0
20160713 100600,115.759000,115.821000,115.756000,115.800000,0
20160713 100700,115.802000,115.802000,115.762000,115.774000,0
20160713 100800,115.774000,115.821000,115.771000,115.801000,0
20160713 100900,115.799000,115.824000,115.782000,115.817000,0
20160713 101000,115.819000,115.848000,115.815000,115.844000,0
20160713 101100,115.845000,115.900000,115.845000,115.883000,0
20160713 101200,115.884000,115.906000,115.881000,115.898000,0
20160713 101300,115.900000,115.926000,115.868000,115.919000,0
20160713 101400,115.916000,115.931000,115.889000,115.894000,0
20160713 101500,115.896000,115.944000,115.894000,115.908000,0
20160713 101600,115.904000,115.951000,115.884000,115.922000,0
20160713 101700,115.923000,115.935000,115.910000,115.914000,0
20160713 101800,115.915000,115.935000,115.901000,115.909000,0
20160713 101900,115.912000,115.944000,115.905000,115.930000,0
20160713 102000,115.932000,115.962000,115.918000,115.947000,0
20160713 102100,115.947000,116.028000,115.945000,116.012000,0
20160713 102200,116.009000,116.012000,115.962000,115.968000,0
20160713 102300,115.966000,115.969000,115.944000,115.955000,0
20160713 102400,115.953000,115.966000,115.940000,115.966000,0
20160713 102500,115.971000,116.029000,115.965000,116.001000,0
20160713 102600,116.001000,116.057000,115.999000,116.053000,0
20160713 102700,116.053000,116.059000,115.993000,115.994000,0
20160713 102800,115.992000,116.013000,115.992000,116.009000,0
20160713 102900,116.011000,116.032000,115.990000,115.992000,0
20160713 103000,115.988000,116.062000,115.903000,115.914000,0
20160713 103100,115.912000,115.934000,115.874000,115.906000,0
20160713 103200,115.908000,116.002000,115.905000,115.975000,0
20160713 103300,115.976000,116.071000,115.976000,116.047000,0
20160713 103400,116.034000,116.051000,116.007000,116.023000,0
20160713 103500,116.024000,116.055000,116.022000,116.035000,0
20160713 103600,116.033000,116.045000,116.011000,116.025000,0
20160713 103700,116.027000,116.082000,116.026000,116.051000,0
20160713 103800,116.051000,116.083000,115.959000,115.968000,0
20160713 103900,115.969000,115.994000,115.960000,115.976000,0
20160713 104000,115.974000,116.056000,115.971000,116.039000,0
20160713 104100,116.036000,116.057000,116.011000,116.038000,0
20160713 104200,116.040000,116.055000,116.021000,116.025000,0
20160713 104300,116.025000,116.025000,115.966000,116.000000,0
20160713 104400,115.999000,116.062000,115.998000,116.058000,0
20160713 104500,116.059000,116.062000,116.006000,116.006000,0
20160713 104600,116.008000,116.013000,115.988000,116.002000,0
20160713 104700,116.003000,116.022000,116.001000,116.022000,0
20160713 104800,116.023000,116.023000,115.958000,115.968000,0
20160713 104900,115.966000,115.984000,115.951000,115.968000,0
20160713 105000,115.973000,115.984000,115.940000,115.953000,0
20160713 105100,115.956000,115.964000,115.937000,115.947000,0
20160713 105200,115.949000,116.006000,115.945000,115.989000,0
20160713 105300,115.991000,116.032000,115.991000,116.020000,0
20160713 105400,116.026000,116.026000,115.947000,115.948000,0
20160713 105500,115.946000,115.947000,115.869000,115.870000,0
20160713 105600,115.872000,115.880000,115.857000,115.860000,0
20160713 105700,115.858000,115.862000,115.720000,115.764000,0
20160713 105800,115.765000,115.769000,115.677000,115.769000,0
20160713 105900,115.770000,115.814000,115.717000,115.800000,0
20160713 110000,115.798000,115.819000,115.763000,115.763000,0
20160713 110100,115.761000,115.785000,115.733000,115.752000,0
20160713 110200,115.750000,115.792000,115.711000,115.790000,0
20160713 110300,115.791000,115.890000,115.784000,115.855000,0
20160713 110400,115.856000,115.858000,115.820000,115.831000,0
20160713 110500,115.828000,115.831000,115.756000,115.771000,0
20160713 110600,115.771000,115.774000,115.737000,115.737000,0
20160713 110700,115.739000,115.766000,115.709000,115.738000,0
20160713 110800,115.736000,115.740000,115.669000,115.695000,0
20160713 110900,115.693000,115.725000,115.681000,115.710000,0
20160713 111000,115.711000,115.730000,115.686000,115.718000,0
20160713 111100,115.718000,115.729000,115.699000,115.708000,0
20160713 111200,115.711000,115.782000,115.711000,115.737000,0
20160713 111300,115.740000,115.771000,115.737000,115.771000,0
20160713 111400,115.769000,115.775000,115.738000,115.763000,0
20160713 111500,115.764000,115.811000,115.764000,115.775000,0
20160713 111600,115.775000,115.820000,115.772000,115.773000,0
20160713 111700,115.771000,115.787000,115.737000,115.786000,0
20160713 111800,115.785000,115.791000,115.754000,115.758000,0
20160713 111900,115.759000,115.759000,115.658000,115.659000,0
20160713 112000,115.661000,115.695000,115.645000,115.664000,0
20160713 112100,115.663000,115.686000,115.644000,115.674000,0
20160713 112200,115.676000,115.689000,115.611000,115.620000,0
20160713 112300,115.623000,115.655000,115.614000,115.640000,0
20160713 112400,115.643000,115.661000,115.599000,115.616000,0
20160713 112500,115.613000,115.659000,115.613000,115.659000,0
20160713 112600,115.661000,115.664000,115.629000,115.650000,0
20160713 112700,115.653000,115.707000,115.653000,115.698000,0
20160713 112800,115.700000,115.702000,115.640000,115.644000,0
20160713 112900,115.646000,115.668000,115.632000,115.668000,0
20160713 113000,115.668000,115.668000,115.618000,115.618000,0
20160713 113100,115.617000,115.617000,115.552000,115.557000,0
20160713 113200,115.559000,115.593000,115.550000,115.573000,0
20160713 113300,115.571000,115.604000,115.563000,115.602000,0
20160713 113400,115.599000,115.620000,115.592000,115.612000,0
20160713 113500,115.610000,115.616000,115.540000,115.540000,0
20160713 113600,115.542000,115.577000,115.541000,115.559000,0
20160713 113700,115.563000,115.616000,115.560000,115.591000,0
20160713 113800,115.592000,115.598000,115.561000,115.566000,0
20160713 113900,115.568000,115.604000,115.567000,115.589000,0
20160713 114000,115.591000,115.601000,115.564000,115.599000,0
20160713 114100,115.596000,115.622000,115.578000,115.578000,0
20160713 114200,115.577000,115.577000,115.489000,115.524000,0
20160713 114300,115.523000,115.526000,115.461000,115.518000,0
20160713 114400,115.524000,115.576000,115.524000,115.571000,0
20160713 114500,115.570000,115.571000,115.544000,115.547000,0
20160713 114600,115.545000,115.563000,115.521000,115.563000,0
20160713 114700,115.560000,115.579000,115.560000,115.561000,0
20160713 114800,115.561000,115.568000,115.532000,115.550000,0
20160713 114900,115.547000,115.568000,115.538000,115.542000,0
20160713 115000,115.545000,115.545000,115.489000,115.533000,0
20160713 115100,115.531000,115.538000,115.480000,115.532000,0
20160713 115200,115.534000,115.541000,115.428000,115.470000,0
20160713 115300,115.469000,115.510000,115.453000,115.510000,0
20160713 115400,115.511000,115.604000,115.502000,115.583000,0
20160713 115500,115.584000,115.638000,115.547000,115.638000,0
20160713 115600,115.638000,115.663000,115.618000,115.658000,0
20160713 115700,115.659000,115.687000,115.653000,115.687000,0
20160713 115800,115.688000,115.722000,115.687000,115.709000,0
20160713 115900,115.707000,115.714000,115.672000,115.680000,0
20160713 120000,115.677000,115.724000,115.673000,115.714000,0
20160713 120100,115.708000,115.776000,115.708000,115.776000,0
20160713 120200,115.774000,115.802000,115.746000,115.797000,0
20160713 120300,115.797000,115.798000,115.754000,115.755000,0
20160713 120400,115.754000,115.773000,115.748000,115.758000,0
20160713 120500,115.760000,115.760000,115.706000,115.710000,0
20160713 120600,115.710000,115.740000,115.706000,115.731000,0
20160713 120700,115.731000,115.764000,115.727000,115.751000,0
20160713 120800,115.750000,115.750000,115.712000,115.720000,0
20160713 120900,115.718000,115.748000,115.717000,115.738000,0
20160713 121000,115.734000,115.739000,115.710000,115.722000,0
20160713 121100,115.724000,115.734000,115.718000,115.726000,0
20160713 121200,115.727000,115.752000,115.727000,115.743000,0
20160713 121300,115.744000,115.744000,115.709000,115.711000,0
20160713 121400,115.710000,115.711000,115.668000,115.682000,0
20160713 121500,115.684000,115.702000,115.666000,115.702000,0
20160713 121600,115.700000,115.709000,115.659000,115.670000,0
20160713 121700,115.671000,115.685000,115.651000,115.670000,0
20160713 121800,115.671000,115.676000,115.634000,115.676000,0
20160713 121900,115.677000,115.677000,115.661000,115.670000,0
20160713 122000,115.671000,115.681000,115.655000,115.668000,0
20160713 122100,115.667000,115.679000,115.655000,115.667000,0
20160713 122200,115.666000,115.669000,115.658000,115.663000,0
20160713 122300,115.663000,115.692000,115.653000,115.688000,0
20160713 122400,115.688000,115.721000,115.688000,115.701000,0
20160713 122500,115.700000,115.707000,115.692000,115.700000,0
20160713 122600,115.699000,115.721000,115.690000,115.708000,0
20160713 122700,115.707000,115.712000,115.693000,115.701000,0
20160713 122800,115.702000,115.706000,115.675000,115.696000,0
20160713 122900,115.697000,115.701000,115.671000,115.685000,0
20160713 123000,115.683000,115.716000,115.682000,115.716000,0
20160713 123100,115.715000,115.717000,115.693000,115.706000,0
20160713 123200,115.704000,115.731000,115.696000,115.723000,0
20160713 123300,115.723000,115.796000,115.719000,115.773000,0
20160713 123400,115.777000,115.828000,115.776000,115.820000,0
20160713 123500,115.821000,115.821000,115.779000,115.792000,0
20160713 123600,115.791000,115.793000,115.757000,115.765000,0
20160713 123700,115.769000,115.796000,115.769000,115.796000,0
20160713 123800,115.795000,115.817000,115.791000,115.795000,0
20160713 123900,115.796000,115.826000,115.787000,115.807000,0
20160713 124000,115.805000,115.828000,115.798000,115.823000,0
20160713 124100,115.825000,115.847000,115.802000,115.813000,0
20160713 124200,115.813000,115.833000,115.805000,115.808000,0
20160713 124300,115.809000,115.836000,115.798000,115.829000,0
20160713 124400,115.830000,115.836000,115.806000,115.806000,0
20160713 124500,115.807000,115.812000,115.797000,115.803000,0
20160713 124600,115.802000,115.807000,115.788000,115.790000,0
20160713 124700,115.789000,115.837000,115.785000,115.837000,0
20160713 124800,115.836000,115.855000,115.828000,115.832000,0
20160713 124900,115.831000,115.831000,115.781000,115.799000,0
20160713 125000,115.801000,115.814000,115.790000,115.812000,0
20160713 125100,115.811000,115.829000,115.797000,115.811000,0
20160713 125200,115.812000,115.812000,115.771000,115.777000,0
20160713 125300,115.776000,115.790000,115.771000,115.777000,0
20160713 125400,115.775000,115.792000,115.773000,115.776000,0
20160713 125500,115.774000,115.796000,115.765000,115.765000,0
20160713 125600,115.773000,115.797000,115.773000,115.795000,0
20160713 125700,115.794000,115.805000,115.760000,115.768000,0
20160713 125800,115.767000,115.814000,115.759000,115.806000,0
20160713 125900,115.806000,115.871000,115.806000,115.848000,0
20160713 130000,115.843000,115.863000,115.819000,115.861000,0
20160713 130100,115.860000,115.880000,115.852000,115.873000,0
20160713 130200,115.873000,115.928000,115.871000,115.908000,0
20160713 130300,115.903000,115.986000,115.902000,115.968000,0
20160713 130400,115.968000,115.972000,115.953000,115.961000,0
20160713 130500,115.959000,115.960000,115.942000,115.945000,0
20160713 130600,115.945000,115.945000,115.909000,115.914000,0
20160713 130700,115.914000,115.915000,115.903000,115.914000,0
20160713 130800,115.914000,115.940000,115.914000,115.931000,0
20160713 130900,115.931000,115.933000,115.902000,115.919000,0
20160713 131000,115.917000,115.925000,115.906000,115.912000,0
20160713 131100,115.911000,115.918000,115.901000,115.907000,0
20160713 131200,115.908000,115.912000,115.887000,115.906000,0
20160713 131300,115.905000,115.929000,115.902000,115.921000,0
20160713 131400,115.920000,115.943000,115.919000,115.935000,0
20160713 131500,115.936000,115.936000,115.903000,115.907000,0
20160713 131600,115.905000,115.905000,115.859000,115.877000,0
20160713 131700,115.878000,115.892000,115.877000,115.890000,0
20160713 131800,115.889000,115.891000,115.883000,115.883000,0
20160713 131900,115.881000,115.887000,115.879000,115.883000,0
20160713 132000,115.882000,115.891000,115.878000,115.891000,0
20160713 132100,115.889000,115.900000,115.883000,115.885000,0
20160713 132200,115.887000,115.939000,115.887000,115.937000,0
20160713 132300,115.938000,115.938000,115.905000,115.908000,0
20160713 132400,115.909000,115.909000,115.888000,115.888000,0
20160713 132500,115.886000,115.886000,115.844000,115.846000,0
20160713 132600,115.845000,115.846000,115.822000,115.822000,0
20160713 132700,115.821000,115.825000,115.809000,115.816000,0
20160713 132800,115.815000,115.815000,115.803000,115.809000,0
20160713 132900,115.811000,115.855000,115.810000,115.850000,0
20160713 133000,115.849000,115.860000,115.838000,115.852000,0
20160713 133100,115.854000,115.856000,115.839000,115.841000,0
20160713 133200,115.840000,115.852000,115.833000,115.834000,0
20160713 133300,115.835000,115.854000,115.827000,115.854000,0
20160713 133400,115.859000,115.862000,115.831000,115.833000,0
20160713 133500,115.834000,115.867000,115.822000,115.859000,0
20160713 133600,115.860000,115.869000,115.847000,115.847000,0
20160713 133700,115.847000,115.861000,115.832000,115.835000,0
20160713 133800,115.834000,115.851000,115.824000,115.843000,0
20160713 133900,115.842000,115.865000,115.840000,115.861000,0
20160713 134000,115.863000,115.866000,115.845000,115.847000,0
20160713 134100,115.842000,115.858000,115.841000,115.857000,0
20160713 134200,115.854000,115.867000,115.853000,115.861000,0
20160713 134300,115.863000,115.879000,115.862000,115.877000,0
20160713 134400,115.877000,115.882000,115.864000,115.874000,0
20160713 134500,115.872000,115.900000,115.872000,115.897000,0
20160713 134600,115.899000,115.911000,115.899000,115.905000,0
20160713 134700,115.905000,115.910000,115.902000,115.907000,0
20160713 134800,115.906000,115.906000,115.881000,115.891000,0
20160713 134900,115.892000,115.908000,115.890000,115.898000,0
20160713 135000,115.897000,115.901000,115.882000,115.888000,0
20160713 135100,115.890000,115.894000,115.858000,115.871000,0
20160713 135200,115.870000,115.871000,115.856000,115.862000,0
20160713 135300,115.861000,115.861000,115.829000,115.832000,0
20160713 135400,115.832000,115.849000,115.828000,115.847000,0
20160713 135500,115.848000,115.883000,115.848000,115.880000,0
20160713 135600,115.878000,115.895000,115.873000,115.894000,0
20160713 135700,115.891000,115.896000,115.885000,115.886000,0
20160713 135800,115.884000,115.884000,115.870000,115.876000,0
20160713 135900,115.877000,115.885000,115.873000,115.884000,0
20160713 140000,115.882000,115.882000,115.860000,115.864000,0
20160713 140100,115.864000,115.879000,115.859000,115.875000,0
20160713 140200,115.876000,115.878000,115.857000,115.864000,0
20160713 140300,115.862000,115.869000,115.854000,115.859000,0
20160713 140400,115.861000,115.861000,115.848000,115.848000,0
20160713 140500,115.849000,115.875000,115.849000,115.863000,0
20160713 140600,115.864000,115.876000,115.857000,115.874000,0
20160713 140700,115.876000,115.917000,115.875000,115.916000,0
20160713 140800,115.915000,115.931000,115.911000,115.928000,0
20160713 140900,115.927000,115.943000,115.918000,115.942000,0
20160713 141000,115.943000,115.957000,115.934000,115.956000,0
20160713 141100,115.962000,115.999000,115.962000,115.972000,0
20160713 141200,115.971000,115.971000,115.941000,115.951000,0
20160713 141300,115.951000,115.960000,115.947000,115.949000,0
20160713 141400,115.950000,115.952000,115.933000,115.941000,0
20160713 141500,115.943000,115.948000,115.930000,115.930000,0
20160713 141600,115.929000,115.933000,115.923000,115.929000,0
20160713 141700,115.927000,115.927000,115.906000,115.914000,0
20160713 141800,115.913000,115.930000,115.906000,115.908000,0
20160713 141900,115.908000,115.913000,115.898000,115.907000,0
20160713 142000,115.907000,115.923000,115.902000,115.902000,0
20160713 142100,115.902000,115.919000,115.902000,115.915000,0
20160713 142200,115.913000,115.913000,115.901000,115.908000,0
20160713 142300,115.908000,115.911000,115.884000,115.891000,0
20160713 142400,115.893000,115.913000,115.884000,115.913000,0
20160713 142500,115.912000,115.925000,115.909000,115.924000,0
20160713 142600,115.923000,115.927000,115.912000,115.913000,0
20160713 142700,115.911000,115.923000,115.896000,115.917000,0
20160713 142800,115.918000,115.970000,115.918000,115.959000,0
20160713 142900,115.960000,115.968000,115.960000,115.966000,0
20160713 143000,115.967000,115.969000,115.961000,115.962000,0
20160713 143100,115.961000,115.981000,115.960000,115.960000,0
20160713 143200,115.958000,115.958000,115.946000,115.952000,0
20160713 143300,115.951000,115.952000,115.939000,115.947000,0
20160713 143400,115.947000,115.956000,115.940000,115.954000,0
20160713 143500,115.954000,115.973000,115.953000,115.971000,0
20160713 143600,115.970000,115.970000,115.939000,115.945000,0
20160713 143700,115.943000,115.961000,115.938000,115.961000,0
20160713 143800,115.961000,115.968000,115.952000,115.953000,0
20160713 143900,115.954000,115.956000,115.932000,115.938000,0
20160713 144000,115.936000,115.947000,115.929000,115.929000,0
20160713 144100,115.931000,115.937000,115.910000,115.912000,0
20160713 144200,115.911000,115.924000,115.911000,115.921000,0
20160713 144300,115.923000,115.929000,115.915000,115.921000,0
20160713 144400,115.920000,115.930000,115.919000,115.921000,0
20160713 144500,115.920000,115.920000,115.899000,115.899000,0
20160713 144600,115.897000,115.897000,115.883000,115.891000,0
20160713 144700,115.891000,115.911000,115.891000,115.902000,0
20160713 144800,115.902000,115.911000,115.899000,115.910000,0
20160713 144900,115.911000,115.924000,115.903000,115.920000,0
20160713 145000,115.914000,115.927000,115.914000,115.914000,0
20160713 145100,115.914000,115.916000,115.896000,115.903000,0
20160713 145200,115.902000,115.903000,115.894000,115.896000,0
20160713 145300,115.894000,115.896000,115.874000,115.874000,0
20160713 145400,115.876000,115.880000,115.873000,115.878000,0
20160713 145500,115.879000,115.885000,115.872000,115.873000,0
20160713 145600,115.872000,115.872000,115.860000,115.867000,0
20160713 145700,115.868000,115.880000,115.866000,115.879000,0
20160713 145800,115.881000,115.919000,115.881000,115.914000,0
20160713 145900,115.909000,115.909000,115.886000,115.892000,0
20160713 150000,115.891000,115.896000,115.874000,115.885000,0
20160713 150100,115.887000,115.898000,115.884000,115.897000,0
20160713 150200,115.899000,115.904000,115.895000,115.898000,0
20160713 150300,115.899000,115.907000,115.898000,115.903000,0
20160713 150400,115.900000,115.913000,115.898000,115.907000,0
20160713 150500,115.908000,115.922000,115.906000,115.917000,0
20160713 150600,115.919000,115.929000,115.919000,115.926000,0
20160713 150700,115.927000,115.952000,115.927000,115.952000,0
20160713 150800,115.954000,115.966000,115.945000,115.955000,0
20160713 150900,115.955000,115.959000,115.936000,115.937000,0
20160713 151000,115.936000,115.936000,115.886000,115.893000,0
20160713 151100,115.891000,115.902000,115.890000,115.895000,0
20160713 151200,115.893000,115.893000,115.883000,115.885000,0
20160713 151300,115.885000,115.885000,115.867000,115.872000,0
20160713 151400,115.871000,115.872000,115.846000,115.846000,0
20160713 151500,115.845000,115.864000,115.845000,115.863000,0
20160713 151600,115.861000,115.867000,115.852000,115.856000,0
20160713 151700,115.855000,115.861000,115.850000,115.859000,0
20160713 151800,115.860000,115.867000,115.855000,115.865000,0
20160713 151900,115.866000,115.872000,115.859000,115.870000,0
20160713 152000,115.872000,115.876000,115.859000,115.859000,0
20160713 152100,115.861000,115.865000,115.837000,115.844000,0
20160713 152200,115.845000,115.850000,115.838000,115.850000,0
20160713 152300,115.850000,115.850000,115.823000,115.823000,0
20160713 152400,115.822000,115.849000,115.822000,115.836000,0
20160713 152500,115.835000,115.844000,115.830000,115.839000,0
20160713 152600,115.840000,115.840000,115.826000,115.826000,0
20160713 152700,115.827000,115.840000,115.819000,115.833000,0
20160713 152800,115.834000,115.835000,115.826000,115.828000,0
20160713 152900,115.828000,115.837000,115.823000,115.828000,0
20160713 153000,115.827000,115.857000,115.827000,115.845000,0
20160713 153100,115.844000,115.845000,115.821000,115.836000,0
20160713 153200,115.835000,115.840000,115.819000,115.829000,0
20160713 153300,115.831000,115.935000,115.831000,115.928000,0
20160713 153400,115.927000,115.930000,115.917000,115.928000,0
20160713 153500,115.925000,115.929000,115.925000,115.927000,0
20160713 153600,115.928000,115.937000,115.927000,115.928000,0
20160713 153700,115.927000,115.927000,115.927000,115.927000,0
20160713 153800,115.927000,115.927000,115.907000,115.908000,0
20160713 153900,115.907000,115.910000,115.903000,115.906000,0
20160713 154000,115.905000,115.907000,115.892000,115.892000,0
20160713 154100,115.891000,115.891000,115.877000,115.883000,0
20160713 154200,115.881000,115.881000,115.864000,115.872000,0
20160713 154300,115.871000,115.891000,115.865000,115.877000,0
20160713 154400,115.873000,115.875000,115.852000,115.858000,0
20160713 154500,115.859000,115.876000,115.859000,115.876000,0
20160713 154600,115.877000,115.883000,115.861000,115.873000,0
20160713 154700,115.872000,115.888000,115.871000,115.887000,0
20160713 154800,115.888000,115.889000,115.877000,115.881000,0
20160713 154900,115.881000,115.889000,115.870000,115.874000,0
20160713 155000,115.874000,115.891000,115.864000,115.869000,0
20160713 155100,115.869000,115.875000,115.858000,115.858000,0
20160713 155200,115.857000,115.863000,115.836000,115.838000,0
20160713 155300,115.839000,115.856000,115.839000,115.850000,0
20160713 155400,115.848000,115.864000,115.835000,115.847000,0
20160713 155500,115.849000,115.874000,115.849000,115.871000,0
20160713 155600,115.872000,115.875000,115.859000,115.867000,0
20160713 155700,115.867000,115.872000,115.851000,115.851000,0
20160713 155800,115.850000,115.854000,115.834000,115.840000,0
20160713 155900,115.840000,115.860000,115.840000,115.850000,0
20160713 160000,115.849000,115.870000,115.849000,115.859000,0
20160713 160100,115.859000,115.862000,115.823000,115.839000,0
20160713 160200,115.840000,115.845000,115.837000,115.840000,0
20160713 160300,115.841000,115.858000,115.841000,115.853000,0
20160713 160400,115.853000,115.866000,115.853000,115.866000,0
20160713 160500,115.868000,115.879000,115.865000,115.865000,0
20160713 160600,115.863000,115.863000,115.860000,115.861000,0
20160713 160700,115.860000,115.869000,115.858000,115.859000,0
20160713 160800,115.858000,115.858000,115.848000,115.848000,0
20160713 160900,115.850000,115.850000,115.841000,115.843000,0
20160713 161000,115.847000,115.847000,115.838000,115.844000,0
20160713 161100,115.844000,115.845000,115.838000,115.841000,0
20160713 161200,115.841000,115.844000,115.836000,115.837000,0
20160713 161300,115.836000,115.850000,115.836000,115.847000,0
20160713 161400,115.847000,115.856000,115.845000,115.856000,0
20160713 161500,115.856000,115.856000,115.848000,115.848000,0
20160713 161600,115.846000,115.847000,115.845000,115.846000,0
20160713 161700,115.845000,115.845000,115.835000,115.835000,0
20160713 161800,115.836000,115.841000,115.836000,115.839000,0
20160713 161900,115.840000,115.853000,115.840000,115.851000,0
20160713 162000,115.851000,115.855000,115.842000,115.855000,0
20160713 162100,115.854000,115.858000,115.851000,115.858000,0
20160713 162200,115.859000,115.860000,115.849000,115.849000,0
20160713 162300,115.848000,115.850000,115.847000,115.847000,0
20160713 162400,115.846000,115.846000,115.844000,115.845000,0
20160713 162500,115.845000,115.848000,115.845000,115.847000,0
20160713 162600,115.848000,115.848000,115.836000,115.836000,0
20160713 162700,115.837000,115.838000,115.826000,115.826000,0
20160713 162800,115.828000,115.835000,115.828000,115.835000,0
20160713 162900,115.836000,115.846000,115.831000,115.831000,0
20160713 163000,115.831000,115.831000,115.807000,115.807000,0
20160713 163100,115.808000,115.812000,115.784000,115.787000,0
20160713 163200,115.786000,115.792000,115.786000,115.788000,0
20160713 163300,115.790000,115.790000,115.771000,115.772000,0
20160713 163400,115.773000,115.782000,115.762000,115.766000,0
20160713 163500,115.767000,115.786000,115.766000,115.783000,0
20160713 163600,115.785000,115.788000,115.779000,115.784000,0
20160713 163700,115.783000,115.785000,115.776000,115.779000,0
20160713 163800,115.778000,115.778000,115.768000,115.769000,0
20160713 163900,115.765000,115.766000,115.765000,115.766000,0
20160713 164000,115.765000,115.772000,115.765000,115.768000,0
20160713 164100,115.766000,115.773000,115.766000,115.770000,0
20160713 164200,115.771000,115.774000,115.768000,115.771000,0
20160713 164300,115.772000,115.801000,115.770000,115.797000,0
20160713 164400,115.799000,115.806000,115.795000,115.806000,0
20160713 164500,115.808000,115.811000,115.807000,115.811000,0
20160713 164600,115.813000,115.824000,115.809000,115.814000,0
20160713 164700,115.816000,115.825000,115.816000,115.825000,0
20160713 164800,115.830000,115.839000,115.830000,115.838000,0
20160713 164900,115.840000,115.860000,115.832000,115.832000,0
20160713 165000,115.832000,115.936000,115.832000,115.920000,0
20160713 165100,115.920000,115.920000,115.888000,115.900000,0
20160713 165200,115.899000,115.908000,115.894000,115.894000,0
20160713 165300,115.890000,115.892000,115.876000,115.880000,0
20160713 165400,115.876000,115.885000,115.874000,115.878000,0
20160713 165500,115.878000,115.878000,115.851000,115.862000,0
20160713 165600,115.860000,115.866000,115.848000,115.848000,0
20160713 165700,115.848000,115.874000,115.834000,115.872000,0
20160713 165800,115.871000,115.871000,115.853000,115.864000,0
20160713 165900,115.868000,115.876000,115.865000,115.865000,0
20160713 170000,115.839000,115.849000,115.817000,115.832000,0
20160713 170100,115.815000,115.815000,115.756000,115.775000,0
20160713 170200,115.776000,115.801000,115.756000,115.801000,0
20160713 170300,115.809000,115.849000,115.801000,115.827000,0
20160713 170400,115.827000,115.827000,115.797000,115.811000,0
20160713 170500,115.812000,115.823000,115.791000,115.796000,0
20160713 170600,115.798000,115.822000,115.798000,115.822000,0
20160713 170700,115.823000,115.828000,115.813000,115.813000,0
20160713 170800,115.820000,115.827000,115.820000,115.823000,0
20160713 170900,115.828000,115.828000,115.828000,115.828000,0
20160713 171000,115.833000,115.833000,115.828000,115.828000,0
20160713 171100,115.829000,115.833000,115.820000,115.832000,0
20160713 171200,115.834000,115.846000,115.830000,115.833000,0
20160713 171300,115.825000,115.838000,115.823000,115.828000,0
20160713 171400,115.845000,115.851000,115.821000,115.832000,0
20160713 171500,115.832000,115.832000,115.829000,115.829000,0
20160713 171600,115.830000,115.830000,115.830000,115.830000,0
20160713 171700,115.831000,115.835000,115.831000,115.834000,0
20160713 171800,115.834000,115.841000,115.830000,115.834000,0
20160713 171900,115.834000,115.849000,115.834000,115.842000,0
20160713 172000,115.840000,115.875000,115.836000,115.862000,0
20160713 172100,115.858000,115.858000,115.852000,115.852000,0
20160713 172200,115.852000,115.853000,115.850000,115.851000,0
20160713 172300,115.851000,115.891000,115.847000,115.882000,0
20160713 172400,115.878000,115.878000,115.849000,115.849000,0
20160713 172500,115.844000,115.845000,115.831000,115.845000,0
20160713 172600,115.838000,115.842000,115.836000,115.836000,0
20160713 172700,115.831000,115.834000,115.826000,115.832000,0
20160713 172800,115.832000,115.863000,115.832000,115.863000,0
20160713 172900,115.866000,115.877000,115.858000,115.858000,0
20160713 173000,115.857000,115.858000,115.852000,115.853000,0
20160713 173100,115.857000,115.857000,115.855000,115.855000,0
20160713 173200,115.851000,115.861000,115.851000,115.855000,0
20160713 173300,115.859000,115.859000,115.853000,115.853000,0
20160713 173400,115.857000,115.862000,115.853000,115.853000,0
20160713 173500,115.855000,115.855000,115.851000,115.851000,0
20160713 173600,115.855000,115.855000,115.853000,115.853000,0
20160713 173700,115.863000,115.863000,115.855000,115.855000,0
20160713 173800,115.855000,115.855000,115.853000,115.853000,0
20160713 173900,115.857000,115.865000,115.849000,115.850000,0
20160713 174000,115.854000,115.859000,115.842000,115.842000,0
20160713 174100,115.840000,115.840000,115.836000,115.837000,0
20160713 174200,115.836000,115.837000,115.836000,115.837000,0
20160713 174300,115.838000,115.838000,115.833000,115.835000,0
20160713 174400,115.835000,115.836000,115.835000,115.836000,0
20160713 174500,115.835000,115.835000,115.833000,115.834000,0
20160713 174600,115.835000,115.836000,115.825000,115.825000,0
20160713 174700,115.824000,115.824000,115.819000,115.820000,0
20160713 174800,115.814000,115.814000,115.804000,115.807000,0
20160713 174900,115.803000,115.803000,115.785000,115.793000,0
20160713 175000,115.792000,115.794000,115.787000,115.794000,0
20160713 175100,115.791000,115.793000,115.772000,115.775000,0
20160713 175200,115.774000,115.775000,115.774000,115.775000,0
20160713 175300,115.769000,115.790000,115.740000,115.740000,0
20160713 175400,115.740000,115.747000,115.732000,115.732000,0
20160713 175500,115.735000,115.749000,115.720000,115.749000,0
20160713 175600,115.751000,115.780000,115.751000,115.775000,0
20160713 175700,115.775000,115.779000,115.768000,115.772000,0
20160713 175800,115.770000,115.775000,115.740000,115.756000,0
20160713 175900,115.759000,115.785000,115.755000,115.780000,0
20160713 180000,115.793000,115.804000,115.779000,115.798000,0
20160713 180100,115.801000,115.824000,115.796000,115.812000,0
20160713 180200,115.810000,115.824000,115.806000,115.818000,0
20160713 180300,115.816000,115.833000,115.812000,115.812000,0
20160713 180400,115.813000,115.819000,115.810000,115.816000,0
20160713 180500,115.815000,115.821000,115.812000,115.814000,0
20160713 180600,115.819000,115.820000,115.801000,115.806000,0
20160713 180700,115.805000,115.808000,115.801000,115.803000,0
20160713 180800,115.804000,115.809000,115.804000,115.809000,0
20160713 180900,115.810000,115.827000,115.800000,115.816000,0
20160713 181000,115.816000,115.816000,115.774000,115.785000,0
20160713 181100,115.783000,115.799000,115.772000,115.777000,0
20160713 181200,115.778000,115.787000,115.771000,115.777000,0
20160713 181300,115.778000,115.778000,115.774000,115.776000,0
20160713 181400,115.777000,115.781000,115.773000,115.776000,0
20160713 181500,115.777000,115.791000,115.775000,115.785000,0
20160713 181600,115.783000,115.783000,115.779000,115.782000,0
20160713 181700,115.780000,115.780000,115.775000,115.778000,0
20160713 181800,115.780000,115.780000,115.780000,115.780000,0
20160713 181900,115.778000,115.804000,115.776000,115.793000,0
20160713 182000,115.791000,115.791000,115.749000,115.754000,0
20160713 182100,115.753000,115.769000,115.753000,115.753000,0
20160713 182200,115.754000,115.754000,115.752000,115.752000,0
20160713 182300,115.758000,115.759000,115.754000,115.758000,0
20160713 182400,115.757000,115.773000,115.757000,115.768000,0
20160713 182500,115.770000,115.793000,115.768000,115.789000,0
20160713 182600,115.791000,115.803000,115.780000,115.790000,0
20160713 182700,115.789000,115.791000,115.774000,115.788000,0
20160713 182800,115.790000,115.792000,115.786000,115.787000,0
20160713 182900,115.790000,115.794000,115.789000,115.791000,0
20160713 183000,115.790000,115.794000,115.753000,115.768000,0
20160713 183100,115.772000,115.775000,115.726000,115.732000,0
20160713 183200,115.732000,115.734000,115.712000,115.732000,0
20160713 183300,115.732000,115.743000,115.712000,115.722000,0
20160713 183400,115.719000,115.720000,115.701000,115.701000,0
20160713 183500,115.698000,115.698000,115.625000,115.669000,0
20160713 183600,115.675000,115.698000,115.651000,115.669000,0
20160713 183700,115.668000,115.672000,115.637000,115.659000,0
20160713 183800,115.659000,115.660000,115.644000,115.648000,0
20160713 183900,115.647000,115.655000,115.647000,115.652000,0
20160713 184000,115.651000,115.665000,115.651000,115.661000,0
20160713 184100,115.659000,115.661000,115.657000,115.658000,0
20160713 184200,115.660000,115.675000,115.660000,115.670000,0
20160713 184300,115.671000,115.671000,115.620000,115.620000,0
20160713 184400,115.619000,115.624000,115.614000,115.615000,0
20160713 184500,115.616000,115.623000,115.614000,115.622000,0
20160713 184600,115.623000,115.625000,115.577000,115.578000,0
20160713 184700,115.575000,115.575000,115.519000,115.527000,0
20160713 184800,115.525000,115.534000,115.497000,115.514000,0
20160713 184900,115.512000,115.528000,115.512000,115.528000,0
20160713 185000,115.526000,115.551000,115.524000,115.539000,0
20160713 185100,115.537000,115.545000,115.537000,115.542000,0
20160713 185200,115.540000,115.543000,115.528000,115.528000,0
20160713 185300,115.530000,115.533000,115.523000,115.525000,0
20160713 185400,115.523000,115.528000,115.519000,115.527000,0
20160713 185500,115.525000,115.546000,115.522000,115.545000,0
20160713 185600,115.546000,115.546000,115.537000,115.539000,0
20160713 185700,115.538000,115.540000,115.487000,115.505000,0
20160713 185800,115.502000,115.509000,115.477000,115.497000,0
20160713 185900,115.495000,115.524000,115.494000,115.522000,0
20160713 190000,115.527000,115.553000,115.527000,115.542000,0
20160713 190100,115.544000,115.575000,115.529000,115.575000,0
20160713 190200,115.578000,115.598000,115.578000,115.592000,0
20160713 190300,115.590000,115.615000,115.586000,115.586000,0
20160713 190400,115.585000,115.585000,115.529000,115.548000,0
20160713 190500,115.549000,115.596000,115.549000,115.590000,0
20160713 190600,115.590000,115.593000,115.555000,115.570000,0
20160713 190700,115.571000,115.575000,115.566000,115.571000,0
20160713 190800,115.571000,115.580000,115.564000,115.576000,0
20160713 190900,115.575000,115.605000,115.565000,115.589000,0
20160713 191000,115.588000,115.588000,115.569000,115.571000,0
20160713 191100,115.573000,115.607000,115.571000,115.602000,0
20160713 191200,115.603000,115.608000,115.544000,115.544000,0
20160713 191300,115.543000,115.572000,115.543000,115.569000,0
20160713 191400,115.568000,115.615000,115.568000,115.596000,0
20160713 191500,115.594000,115.596000,115.522000,115.532000,0
20160713 191600,115.531000,115.538000,115.528000,115.528000,0
20160713 191700,115.527000,115.563000,115.527000,115.547000,0
20160713 191800,115.549000,115.569000,115.536000,115.569000,0
20160713 191900,115.568000,115.624000,115.568000,115.601000,0
20160713 192000,115.600000,115.600000,115.570000,115.599000,0
20160713 192100,115.600000,115.606000,115.548000,115.558000,0
20160713 192200,115.559000,115.563000,115.530000,115.530000,0
20160713 192300,115.532000,115.550000,115.507000,115.507000,0
20160713 192400,115.503000,115.526000,115.489000,115.526000,0
20160713 192500,115.525000,115.552000,115.514000,115.539000,0
20160713 192600,115.542000,115.558000,115.542000,115.554000,0
20160713 192700,115.552000,115.552000,115.502000,115.504000,0
20160713 192800,115.503000,115.516000,115.502000,115.515000,0
20160713 192900,115.516000,115.516000,115.462000,115.487000,0
20160713 193000,115.488000,115.550000,115.478000,115.540000,0
20160713 193100,115.539000,115.545000,115.532000,115.540000,0
20160713 193200,115.540000,115.578000,115.537000,115.568000,0
20160713 193300,115.570000,115.571000,115.535000,115.536000,0
20160713 193400,115.537000,115.538000,115.505000,115.521000,0
20160713 193500,115.521000,115.572000,115.516000,115.572000,0
20160713 193600,115.570000,115.577000,115.558000,115.573000,0
20160713 193700,115.572000,115.572000,115.547000,115.548000,0
20160713 193800,115.549000,115.553000,115.540000,115.545000,0
20160713 193900,115.545000,115.571000,115.545000,115.564000,0
20160713 194000,115.564000,115.569000,115.556000,115.556000,0
20160713 194100,115.555000,115.623000,115.530000,115.582000,0
20160713 194200,115.582000,115.616000,115.574000,115.599000,0
20160713 194300,115.599000,115.627000,115.598000,115.619000,0
20160713 194400,115.618000,115.622000,115.585000,115.587000,0
20160713 194500,115.589000,115.589000,115.561000,115.571000,0
20160713 194600,115.570000,115.570000,115.553000,115.562000,0
20160713 194700,115.559000,115.594000,115.556000,115.589000,0
20160713 194800,115.588000,115.588000,115.546000,115.556000,0
20160713 194900,115.555000,115.559000,115.517000,115.539000,0
20160713 195000,115.536000,115.560000,115.534000,115.543000,0
20160713 195100,115.544000,115.573000,115.543000,115.556000,0
20160713 195200,115.558000,115.562000,115.541000,115.541000,0
20160713 195300,115.542000,115.543000,115.526000,115.543000,0
20160713 195400,115.542000,115.552000,115.515000,115.516000,0
20160713 195500,115.514000,115.514000,115.465000,115.465000,0
20160713 195600,115.469000,115.483000,115.441000,115.483000,0
20160713 195700,115.491000,115.491000,115.471000,115.482000,0
20160713 195800,115.482000,115.489000,115.473000,115.475000,0
20160713 195900,115.474000,115.517000,115.435000,115.440000,0
20160713 200000,115.440000,115.486000,115.410000,115.419000,0
20160713 200100,115.420000,115.501000,115.374000,115.480000,0
20160713 200200,115.476000,115.512000,115.464000,115.498000,0
20160713 200300,115.502000,115.505000,115.475000,115.489000,0
20160713 200400,115.490000,115.562000,115.490000,115.551000,0
20160713 200500,115.549000,115.624000,115.544000,115.619000,0
20160713 200600,115.618000,115.626000,115.601000,115.608000,0
20160713 200700,115.609000,115.678000,115.599000,115.650000,0
20160713 200800,115.649000,115.650000,115.624000,115.625000,0
20160713 200900,115.627000,115.677000,115.622000,115.667000,0
20160713 201000,115.668000,115.675000,115.646000,115.661000,0
20160713 201100,115.662000,115.666000,115.641000,115.645000,0
20160713 201200,115.646000,115.675000,115.644000,115.669000,0
20160713 201300,115.668000,115.668000,115.640000,115.663000,0
20160713 201400,115.662000,115.670000,115.639000,115.670000,0
20160713 201500,115.670000,115.670000,115.623000,115.629000,0
20160713 201600,115.631000,115.634000,115.610000,115.614000,0
20160713 201700,115.616000,115.646000,115.616000,115.632000,0
20160713 201800,115.627000,115.645000,115.622000,115.625000,0
20160713 201900,115.624000,115.630000,115.605000,115.608000,0
20160713 202000,115.607000,115.624000,115.595000,115.606000,0
20160713 202100,115.608000,115.623000,115.590000,115.590000,0
20160713 202200,115.587000,115.615000,115.583000,115.602000,0
20160713 202300,115.600000,115.600000,115.567000,115.574000,0
20160713 202400,115.576000,115.577000,115.552000,115.552000,0
20160713 202500,115.549000,115.582000,115.541000,115.561000,0
20160713 202600,115.562000,115.595000,115.548000,115.585000,0
20160713 202700,115.583000,115.595000,115.573000,115.579000,0
20160713 202800,115.581000,115.601000,115.539000,115.594000,0
20160713 202900,115.596000,115.624000,115.564000,115.612000,0
20160713 203000,115.612000,115.616000,115.593000,115.593000,0
20160713 203100,115.592000,115.592000,115.549000,115.567000,0
20160713 203200,115.570000,115.583000,115.561000,115.567000,0
20160713 203300,115.567000,115.567000,115.550000,115.564000,0
20160713 203400,115.562000,115.564000,115.546000,115.562000,0
20160713 203500,115.559000,115.596000,115.556000,115.596000,0
20160713 203600,115.601000,115.619000,115.586000,115.618000,0
20160713 203700,115.617000,115.644000,115.617000,115.642000,0
20160713 203800,115.641000,115.642000,115.579000,115.583000,0
20160713 203900,115.584000,115.595000,115.579000,115.594000,0
20160713 204000,115.593000,115.594000,115.545000,115.554000,0
20160713 204100,115.553000,115.570000,115.553000,115.561000,0
20160713 204200,115.565000,115.601000,115.565000,115.581000,0
20160713 204300,115.580000,115.585000,115.564000,115.573000,0
20160713 204400,115.574000,115.597000,115.569000,115.586000,0
20160713 204500,115.588000,115.597000,115.580000,115.594000,0
20160713 204600,115.596000,115.634000,115.596000,115.629000,0
20160713 204700,115.627000,115.627000,115.602000,115.604000,0
20160713 204800,115.605000,115.617000,115.605000,115.607000,0
20160713 204900,115.611000,115.627000,115.608000,115.624000,0
20160713 205000,115.626000,115.690000,115.604000,115.688000,0
20160713 205100,115.689000,115.726000,115.685000,115.720000,0
20160713 205200,115.718000,115.721000,115.690000,115.697000,0
20160713 205300,115.696000,115.697000,115.653000,115.663000,0
20160713 205400,115.665000,115.671000,115.556000,115.556000,0
20160713 205500,115.557000,115.564000,115.481000,115.511000,0
20160713 205600,115.513000,115.539000,115.506000,115.506000,0
20160713 205700,115.505000,115.505000,115.415000,115.438000,0
20160713 205800,115.436000,115.516000,115.435000,115.514000,0
20160713 205900,115.511000,115.529000,115.486000,115.510000,0
20160713 210000,115.509000,115.537000,115.492000,115.508000,0
20160713 210100,115.509000,115.545000,115.501000,115.543000,0
20160713 210200,115.542000,115.576000,115.539000,115.567000,0
20160713 210300,115.569000,115.578000,115.531000,115.540000,0
20160713 210400,115.542000,115.548000,115.531000,115.532000,0
20160713 210500,115.533000,115.547000,115.524000,115.543000,0
20160713 210600,115.544000,115.633000,115.544000,115.616000,0
20160713 210700,115.614000,115.614000,115.571000,115.584000,0
20160713 210800,115.583000,115.635000,115.547000,115.613000,0
20160713 210900,115.614000,115.625000,115.598000,115.598000,0
20160713 211000,115.598000,115.599000,115.577000,115.591000,0
20160713 211100,115.591000,115.591000,115.558000,115.562000,0
20160713 211200,115.563000,115.571000,115.549000,115.570000,0
20160713 211300,115.572000,115.586000,115.558000,115.577000,0
20160713 211400,115.577000,115.692000,115.572000,115.675000,0
20160713 211500,115.674000,115.678000,115.610000,115.610000,0
20160713 211600,115.610000,115.633000,115.591000,115.609000,0
20160713 211700,115.608000,115.624000,115.600000,115.624000,0
20160713 211800,115.624000,115.645000,115.624000,115.629000,0
20160713 211900,115.628000,115.633000,115.626000,115.632000,0
20160713 212000,115.634000,115.640000,115.600000,115.617000,0
20160713 212100,115.618000,115.649000,115.616000,115.649000,0
20160713 212200,115.654000,115.751000,115.654000,115.743000,0
20160713 212300,115.741000,115.741000,115.714000,115.733000,0
20160713 212400,115.732000,115.758000,115.711000,115.723000,0
20160713 212500,115.721000,115.732000,115.704000,115.719000,0
20160713 212600,115.717000,115.726000,115.688000,115.688000,0
20160713 212700,115.688000,115.692000,115.658000,115.658000,0
20160713 212800,115.656000,115.718000,115.646000,115.718000,0
20160713 212900,115.725000,115.735000,115.663000,115.668000,0
20160713 213000,115.669000,115.780000,115.669000,115.718000,0
20160713 213100,115.720000,115.757000,115.704000,115.715000,0
20160713 213200,115.716000,115.766000,115.702000,115.755000,0
20160713 213300,115.756000,115.817000,115.756000,115.787000,0
20160713 213400,115.788000,115.798000,115.760000,115.793000,0
20160713 213500,115.790000,115.843000,115.790000,115.843000,0
20160713 213600,115.842000,115.850000,115.802000,115.810000,0
20160713 213700,115.805000,115.808000,115.759000,115.761000,0
20160713 213800,115.763000,115.794000,115.748000,115.794000,0
20160713 213900,115.795000,115.796000,115.756000,115.763000,0
20160713 214000,115.762000,115.801000,115.760000,115.797000,0
20160713 214100,115.793000,115.843000,115.788000,115.831000,0
20160713 214200,115.832000,115.860000,115.828000,115.848000,0
20160713 214300,115.851000,115.858000,115.812000,115.831000,0
20160713 214400,115.833000,115.839000,115.814000,115.815000,0
20160713 214500,115.816000,115.836000,115.804000,115.818000,0
20160713 214600,115.820000,115.843000,115.817000,115.828000,0
20160713 214700,115.827000,115.847000,115.824000,115.834000,0
20160713 214800,115.834000,115.838000,115.819000,115.833000,0
20160713 214900,115.831000,115.896000,115.824000,115.894000,0
20160713 215000,115.893000,115.904000,115.868000,115.878000,0
20160713 215100,115.878000,115.933000,115.878000,115.918000,0
20160713 215200,115.920000,115.930000,115.894000,115.894000,0
20160713 215300,115.894000,115.917000,115.883000,115.906000,0
20160713 215400,115.908000,115.926000,115.892000,115.913000,0
20160713 215500,115.914000,115.925000,115.879000,115.890000,0
20160713 215600,115.891000,115.908000,115.876000,115.884000,0
20160713 215700,115.885000,115.887000,115.852000,115.869000,0
20160713 215800,115.874000,115.910000,115.874000,115.908000,0
20160713 215900,115.907000,115.931000,115.893000,115.904000,0
20160713 220000,115.902000,115.945000,115.896000,115.939000,0
20160713 220100,115.943000,115.964000,115.923000,115.943000,0
20160713 220200,115.942000,115.964000,115.934000,115.936000,0
20160713 220300,115.934000,115.953000,115.930000,115.944000,0
20160713 220400,115.946000,115.977000,115.941000,115.964000,0
20160713 220500,115.964000,116.023000,115.962000,116.017000,0
20160713 220600,116.015000,116.059000,116.000000,116.051000,0
20160713 220700,116.050000,116.054000,116.018000,116.046000,0
20160713 220800,116.044000,116.058000,116.011000,116.017000,0
20160713 220900,116.016000,116.022000,115.974000,115.992000,0
20160713 221000,115.991000,115.997000,115.970000,115.971000,0
20160713 221100,115.969000,116.009000,115.968000,115.982000,0
20160713 221200,115.981000,116.005000,115.972000,115.978000,0
20160713 221300,115.973000,115.988000,115.964000,115.968000,0
20160713 221400,115.969000,115.973000,115.950000,115.956000,0
20160713 221500,115.959000,115.970000,115.949000,115.958000,0
20160713 221600,115.961000,115.982000,115.958000,115.975000,0
20160713 221700,115.976000,115.995000,115.971000,115.992000,0
20160713 221800,115.995000,115.998000,115.975000,115.978000,0
20160713 221900,115.976000,115.976000,115.964000,115.969000,0
20160713 222000,115.968000,116.038000,115.966000,116.032000,0
20160713 222100,116.035000,116.045000,116.017000,116.019000,0
20160713 222200,116.021000,116.035000,116.019000,116.030000,0
20160713 222300,116.031000,116.031000,115.998000,116.011000,0
20160713 222400,116.012000,116.020000,116.000000,116.007000,0
20160713 222500,116.008000,116.010000,115.976000,115.983000,0
20160713 222600,115.982000,115.991000,115.980000,115.991000,0
20160713 222700,115.994000,116.023000,115.988000,116.013000,0
20160713 222800,116.014000,116.027000,116.002000,116.010000,0
20160713 222900,116.009000,116.025000,116.005000,116.018000,0
20160713 223000,116.020000,116.042000,116.013000,116.018000,0
20160713 223100,116.023000,116.054000,116.018000,116.054000,0
20160713 223200,116.053000,116.099000,116.045000,116.088000,0
20160713 223300,116.086000,116.103000,116.071000,116.100000,0
20160713 223400,116.101000,116.132000,116.087000,116.115000,0
20160713 223500,116.108000,116.122000,116.095000,116.121000,0
20160713 223600,116.119000,116.144000,116.101000,116.121000,0
20160713 223700,116.122000,116.140000,116.122000,116.134000,0
20160713 223800,116.136000,116.137000,116.114000,116.118000,0
20160713 223900,116.117000,116.117000,116.105000,116.115000,0
20160713 224000,116.114000,116.139000,116.107000,116.131000,0
20160713 224100,116.130000,116.223000,116.130000,116.218000,0
20160713 224200,116.219000,116.254000,116.205000,116.248000,0
20160713 224300,116.250000,116.252000,116.212000,116.218000,0
20160713 224400,116.225000,116.226000,116.211000,116.216000,0
20160713 224500,116.217000,116.242000,116.214000,116.219000,0
20160713 224600,116.220000,116.276000,116.216000,116.259000,0
20160713 224700,116.260000,116.276000,116.247000,116.253000,0
20160713 224800,116.252000,116.275000,116.252000,116.258000,0
20160713 224900,116.257000,116.278000,116.255000,116.269000,0
20160713 225000,116.270000,116.276000,116.245000,116.245000,0
20160713 225100,116.247000,116.256000,116.228000,116.240000,0
20160713 225200,116.239000,116.253000,116.237000,116.237000,0
20160713 225300,116.238000,116.247000,116.225000,116.240000,0
20160713 225400,116.238000,116.269000,116.220000,116.263000,0
20160713 225500,116.261000,116.329000,116.257000,116.318000,0
20160713 225600,116.316000,116.325000,116.288000,116.292000,0
20160713 225700,116.293000,116.296000,116.272000,116.292000,0
20160713 225800,116.293000,116.319000,116.275000,116.275000,0
20160713 225900,116.274000,116.279000,116.250000,116.266000,0
20160713 230000,116.267000,116.274000,116.246000,116.246000,0
20160713 230100,116.245000,116.255000,116.225000,116.253000,0
20160713 230200,116.252000,116.283000,116.249000,116.283000,0
20160713 230300,116.284000,116.311000,116.268000,116.295000,0
20160713 230400,116.297000,116.299000,116.269000,116.283000,0
20160713 230500,116.287000,116.327000,116.287000,116.315000,0
20160713 230600,116.312000,116.343000,116.308000,116.335000,0
20160713 230700,116.333000,116.340000,116.321000,116.321000,0
20160713 230800,116.323000,116.410000,116.323000,116.357000,0
20160713 230900,116.361000,116.375000,116.334000,116.372000,0
20160713 231000,116.375000,116.379000,116.342000,116.363000,0
20160713 231100,116.361000,116.414000,116.358000,116.386000,0
20160713 231200,116.391000,116.393000,116.362000,116.367000,0
20160713 231300,116.368000,116.402000,116.367000,116.402000,0
20160713 231400,116.405000,116.410000,116.359000,116.365000,0
20160713 231500,116.363000,116.364000,116.336000,116.339000,0
20160713 231600,116.341000,116.341000,116.274000,116.276000,0
20160713 231700,116.278000,116.288000,116.271000,116.271000,0
20160713 231800,116.266000,116.266000,116.222000,116.242000,0
20160713 231900,116.243000,116.274000,116.229000,116.262000,0
20160713 232000,116.261000,116.295000,116.261000,116.295000,0
20160713 232100,116.293000,116.295000,116.275000,116.289000,0
20160713 232200,116.290000,116.317000,116.288000,116.316000,0
20160713 232300,116.320000,116.320000,116.248000,116.248000,0
20160713 232400,116.246000,116.278000,116.233000,116.267000,0
20160713 232500,116.266000,116.269000,116.231000,116.236000,0
20160713 232600,116.235000,116.235000,116.211000,116.220000,0
20160713 232700,116.218000,116.237000,116.208000,116.237000,0
20160713 232800,116.238000,116.261000,116.222000,116.243000,0
20160713 232900,116.241000,116.254000,116.217000,116.228000,0
20160713 233000,116.229000,116.236000,116.198000,116.210000,0
20160713 233100,116.211000,116.211000,116.176000,116.176000,0
20160713 233200,116.176000,116.198000,116.171000,116.198000,0
20160713 233300,116.200000,116.216000,116.186000,116.216000,0
20160713 233400,116.214000,116.259000,116.205000,116.247000,0
20160713 233500,116.245000,116.259000,116.234000,116.237000,0
20160713 233600,116.236000,116.255000,116.231000,116.234000,0
20160713 233700,116.232000,116.264000,116.228000,116.262000,0
20160713 233800,116.261000,116.288000,116.260000,116.287000,0
20160713 233900,116.286000,116.321000,116.286000,116.319000,0
20160713 234000,116.319000,116.319000,116.276000,116.286000,0
20160713 234100,116.286000,116.288000,116.264000,116.264000,0
20160713 234200,116.264000,116.277000,116.253000,116.269000,0
20160713 234300,116.270000,116.314000,116.270000,116.313000,0
20160713 234400,116.312000,116.313000,116.267000,116.271000,0
20160713 234500,116.265000,116.271000,116.251000,116.256000,0
20160713 234600,116.257000,116.268000,116.257000,116.265000,0
20160713 234700,116.264000,116.264000,116.176000,116.215000,0
20160713 234800,116.214000,116.222000,116.184000,116.219000,0
20160713 234900,116.218000,116.224000,116.209000,116.216000,0
20160713 235000,116.215000,116.254000,116.214000,116.243000,0
20160713 235100,116.242000,116.259000,116.235000,116.235000,0
20160713 235200,116.232000,116.237000,116.169000,116.174000,0
20160713 235300,116.173000,116.201000,116.165000,116.201000,0
20160713 235400,116.202000,116.236000,116.202000,116.209000,0
20160713 235500,116.210000,116.213000,116.187000,116.196000,0
20160713 235600,116.203000,116.230000,116.198000,116.203000,0
20160713 235700,116.205000,116.207000,116.193000,116.198000,0
20160713 235800,116.199000,116.236000,116.199000,116.230000,0
20160713 235900,116.228000,116.231000,116.189000,116.199000,0
