20140812 000000,136.769000,136.769000,136.766000,136.768000,0
20140812 000100,136.769000,136.777000,136.768000,136.777000,0
20140812 000200,136.776000,136.779000,136.776000,136.778000,0
20140812 000300,136.779000,136.783000,136.774000,136.783000,0
20140812 000400,136.784000,136.786000,136.780000,136.782000,0
20140812 000500,136.781000,136.789000,136.773000,136.775000,0
20140812 000600,136.773000,136.792000,136.773000,136.785000,0
20140812 000700,136.783000,136.786000,136.783000,136.786000,0
20140812 000800,136.787000,136.792000,136.781000,136.781000,0
20140812 000900,136.782000,136.788000,136.782000,136.784000,0
20140812 001000,136.783000,136.791000,136.783000,136.791000,0
20140812 001100,136.792000,136.792000,136.783000,136.790000,0
20140812 001200,136.789000,136.791000,136.784000,136.784000,0
20140812 001300,136.785000,136.794000,136.785000,136.787000,0
20140812 001400,136.786000,136.800000,136.786000,136.798000,0
20140812 001500,136.797000,136.799000,136.795000,136.796000,0
20140812 001600,136.797000,136.801000,136.795000,136.799000,0
20140812 001700,136.798000,136.801000,136.787000,136.792000,0
20140812 001800,136.793000,136.810000,136.793000,136.797000,0
20140812 001900,136.798000,136.800000,136.794000,136.795000,0
20140812 002000,136.794000,136.797000,136.790000,136.793000,0
20140812 002100,136.792000,136.794000,136.791000,136.794000,0
20140812 002200,136.795000,136.796000,136.795000,136.796000,0
20140812 002300,136.795000,136.795000,136.784000,136.785000,0
20140812 002400,136.783000,136.783000,136.778000,136.778000,0
20140812 002500,136.777000,136.777000,136.749000,136.759000,0
20140812 002600,136.760000,136.770000,136.753000,136.770000,0
20140812 002700,136.769000,136.769000,136.762000,136.768000,0
20140812 002800,136.767000,136.769000,136.767000,136.767000,0
20140812 002900,136.769000,136.778000,136.768000,136.768000,0
20140812 003000,136.772000,136.773000,136.768000,136.772000,0
20140812 003100,136.771000,136.775000,136.771000,136.775000,0
20140812 003200,136.777000,136.789000,136.777000,136.787000,0
20140812 003300,136.788000,136.788000,136.784000,136.785000,0
20140812 003400,136.784000,136.787000,136.780000,136.787000,0
20140812 003500,136.786000,136.792000,136.785000,136.787000,0
20140812 003600,136.786000,136.786000,136.780000,136.780000,0
20140812 003700,136.779000,136.780000,136.770000,136.777000,0
20140812 003800,136.778000,136.787000,136.777000,136.779000,0
20140812 003900,136.781000,136.801000,136.781000,136.795000,0
20140812 004000,136.796000,136.800000,136.787000,136.799000,0
20140812 004100,136.798000,136.798000,136.793000,136.793000,0
20140812 004200,136.794000,136.805000,136.792000,136.792000,0
20140812 004300,136.793000,136.801000,136.789000,136.796000,0
20140812 004400,136.795000,136.801000,136.790000,136.791000,0
20140812 004500,136.793000,136.800000,136.791000,136.791000,0
20140812 004600,136.790000,136.791000,136.788000,136.789000,0
20140812 004700,136.788000,136.792000,136.787000,136.792000,0
20140812 004800,136.793000,136.802000,136.793000,136.793000,0
20140812 004900,136.795000,136.803000,136.795000,136.800000,0
20140812 005000,136.801000,136.801000,136.798000,136.800000,0
20140812 005100,136.799000,136.805000,136.799000,136.801000,0
20140812 005200,136.800000,136.801000,136.785000,136.794000,0
20140812 005300,136.791000,136.791000,136.785000,136.786000,0
20140812 005400,136.788000,136.791000,136.778000,136.779000,0
20140812 005500,136.778000,136.786000,136.778000,136.782000,0
20140812 005600,136.783000,136.786000,136.775000,136.775000,0
20140812 005700,136.776000,136.776000,136.774000,136.775000,0
20140812 005800,136.774000,136.779000,136.773000,136.779000,0
20140812 005900,136.778000,136.782000,136.766000,136.774000,0
20140812 010000,136.776000,136.783000,136.775000,136.777000,0
20140812 010100,136.776000,136.776000,136.770000,136.775000,0
20140812 010200,136.776000,136.789000,136.774000,136.774000,0
20140812 010300,136.775000,136.778000,136.774000,136.774000,0
20140812 010400,136.775000,136.784000,136.775000,136.784000,0
20140812 010500,136.780000,136.782000,136.773000,136.775000,0
20140812 010600,136.774000,136.774000,136.769000,136.770000,0
20140812 010700,136.769000,136.769000,136.752000,136.757000,0
20140812 010800,136.759000,136.769000,136.759000,136.769000,0
20140812 010900,136.768000,136.768000,136.758000,136.762000,0
20140812 011000,136.763000,136.768000,136.761000,136.767000,0
20140812 011100,136.768000,136.772000,136.767000,136.769000,0
20140812 011200,136.770000,136.770000,136.758000,136.758000,0
20140812 011300,136.759000,136.767000,136.759000,136.767000,0
20140812 011400,136.768000,136.769000,136.763000,136.765000,0
20140812 011500,136.766000,136.768000,136.765000,136.767000,0
20140812 011600,136.768000,136.777000,136.768000,136.771000,0
20140812 011700,136.772000,136.773000,136.768000,136.769000,0
20140812 011800,136.768000,136.774000,136.768000,136.770000,0
20140812 011900,136.771000,136.771000,136.767000,136.768000,0
20140812 012000,136.769000,136.775000,136.769000,136.770000,0
20140812 012100,136.769000,136.769000,136.757000,136.764000,0
20140812 012200,136.763000,136.763000,136.740000,136.742000,0
20140812 012300,136.743000,136.752000,136.741000,136.745000,0
20140812 012400,136.744000,136.750000,136.743000,136.749000,0
20140812 012500,136.748000,136.753000,136.748000,136.753000,0
20140812 012600,136.754000,136.770000,136.754000,136.767000,0
20140812 012700,136.766000,136.768000,136.750000,136.755000,0
20140812 012800,136.754000,136.779000,136.754000,136.772000,0
20140812 012900,136.773000,136.777000,136.769000,136.769000,0
20140812 013000,136.771000,136.772000,136.739000,136.742000,0
20140812 013100,136.741000,136.745000,136.738000,136.741000,0
20140812 013200,136.740000,136.745000,136.736000,136.737000,0
20140812 013300,136.738000,136.739000,136.733000,136.734000,0
20140812 013400,136.735000,136.736000,136.731000,136.735000,0
20140812 013500,136.734000,136.734000,136.724000,136.724000,0
20140812 013600,136.725000,136.737000,136.724000,136.737000,0
20140812 013700,136.738000,136.740000,136.734000,136.740000,0
20140812 013800,136.742000,136.744000,136.732000,136.734000,0
20140812 013900,136.735000,136.750000,136.735000,136.747000,0
20140812 014000,136.748000,136.750000,136.746000,136.747000,0
20140812 014100,136.746000,136.746000,136.739000,136.740000,0
20140812 014200,136.739000,136.744000,136.738000,136.742000,0
20140812 014300,136.743000,136.749000,136.742000,136.749000,0
20140812 014400,136.751000,136.759000,136.751000,136.758000,0
20140812 014500,136.756000,136.762000,136.753000,136.762000,0
20140812 014600,136.761000,136.769000,136.757000,136.768000,0
20140812 014700,136.767000,136.770000,136.767000,136.770000,0
20140812 014800,136.769000,136.770000,136.769000,136.769000,0
20140812 014900,136.770000,136.770000,136.762000,136.765000,0
20140812 015000,136.764000,136.769000,136.761000,136.761000,0
20140812 015100,136.760000,136.767000,136.755000,136.755000,0
20140812 015200,136.754000,136.756000,136.741000,136.742000,0
20140812 015300,136.741000,136.750000,136.738000,136.743000,0
20140812 015400,136.738000,136.742000,136.719000,136.721000,0
20140812 015500,136.720000,136.722000,136.716000,136.717000,0
20140812 015600,136.718000,136.719000,136.716000,136.717000,0
20140812 015700,136.718000,136.736000,136.716000,136.736000,0
20140812 015800,136.735000,136.736000,136.733000,136.734000,0
20140812 015900,136.732000,136.732000,136.725000,136.725000,0
20140812 020000,136.722000,136.731000,136.718000,136.729000,0
20140812 020100,136.727000,136.754000,136.727000,136.753000,0
20140812 020200,136.752000,136.763000,136.752000,136.755000,0
20140812 020300,136.754000,136.755000,136.747000,136.747000,0
20140812 020400,136.745000,136.745000,136.724000,136.726000,0
20140812 020500,136.728000,136.728000,136.715000,136.719000,0
20140812 020600,136.720000,136.725000,136.712000,136.712000,0
20140812 020700,136.713000,136.720000,136.688000,136.698000,0
20140812 020800,136.699000,136.702000,136.697000,136.700000,0
20140812 020900,136.701000,136.711000,136.701000,136.704000,0
20140812 021000,136.705000,136.705000,136.689000,136.690000,0
20140812 021100,136.689000,136.711000,136.684000,136.711000,0
20140812 021200,136.712000,136.726000,136.692000,136.693000,0
20140812 021300,136.692000,136.699000,136.686000,136.688000,0
20140812 021400,136.687000,136.711000,136.687000,136.701000,0
20140812 021500,136.700000,136.701000,136.698000,136.700000,0
20140812 021600,136.699000,136.702000,136.692000,136.692000,0
20140812 021700,136.693000,136.695000,136.688000,136.693000,0
20140812 021800,136.694000,136.704000,136.694000,136.704000,0
20140812 021900,136.702000,136.703000,136.694000,136.696000,0
20140812 022000,136.697000,136.699000,136.689000,136.695000,0
20140812 022100,136.698000,136.707000,136.698000,136.703000,0
20140812 022200,136.702000,136.706000,136.702000,136.704000,0
20140812 022300,136.703000,136.719000,136.698000,136.719000,0
20140812 022400,136.718000,136.738000,136.718000,136.729000,0
20140812 022500,136.728000,136.731000,136.727000,136.728000,0
20140812 022600,136.727000,136.727000,136.700000,136.706000,0
20140812 022700,136.707000,136.709000,136.707000,136.708000,0
20140812 022800,136.709000,136.723000,136.700000,136.723000,0
20140812 022900,136.722000,136.729000,136.707000,136.711000,0
20140812 023000,136.712000,136.715000,136.704000,136.709000,0
20140812 023100,136.710000,136.710000,136.701000,136.703000,0
20140812 023200,136.704000,136.704000,136.687000,136.689000,0
20140812 023300,136.690000,136.696000,136.679000,136.695000,0
20140812 023400,136.696000,136.696000,136.679000,136.680000,0
20140812 023500,136.681000,136.697000,136.681000,136.695000,0
20140812 023600,136.696000,136.697000,136.688000,136.689000,0
20140812 023700,136.687000,136.687000,136.678000,136.685000,0
20140812 023800,136.684000,136.697000,136.684000,136.692000,0
20140812 023900,136.691000,136.696000,136.689000,136.693000,0
20140812 024000,136.694000,136.699000,136.693000,136.694000,0
20140812 024100,136.693000,136.700000,136.683000,136.686000,0
20140812 024200,136.688000,136.690000,136.683000,136.684000,0
20140812 024300,136.682000,136.684000,136.677000,136.683000,0
20140812 024400,136.682000,136.684000,136.677000,136.677000,0
20140812 024500,136.676000,136.691000,136.676000,136.691000,0
20140812 024600,136.690000,136.694000,136.690000,136.691000,0
20140812 024700,136.692000,136.694000,136.684000,136.691000,0
20140812 024800,136.690000,136.691000,136.680000,136.686000,0
20140812 024900,136.685000,136.685000,136.672000,136.680000,0
20140812 025000,136.681000,136.690000,136.673000,136.673000,0
20140812 025100,136.674000,136.684000,136.674000,136.682000,0
20140812 025200,136.683000,136.693000,136.683000,136.691000,0
20140812 025300,136.690000,136.708000,136.690000,136.707000,0
20140812 025400,136.710000,136.710000,136.693000,136.699000,0
20140812 025500,136.698000,136.698000,136.680000,136.685000,0
20140812 025600,136.684000,136.694000,136.684000,136.694000,0
20140812 025700,136.693000,136.704000,136.687000,136.701000,0
20140812 025800,136.698000,136.702000,136.680000,136.681000,0
20140812 025900,136.682000,136.686000,136.681000,136.682000,0
20140812 030000,136.681000,136.695000,136.675000,136.695000,0
20140812 030100,136.694000,136.695000,136.682000,136.682000,0
20140812 030200,136.684000,136.688000,136.682000,136.688000,0
20140812 030300,136.686000,136.690000,136.686000,136.689000,0
20140812 030400,136.690000,136.713000,136.689000,136.709000,0
20140812 030500,136.710000,136.721000,136.697000,136.720000,0
20140812 030600,136.716000,136.718000,136.700000,136.702000,0
20140812 030700,136.701000,136.701000,136.687000,136.697000,0
20140812 030800,136.698000,136.707000,136.698000,136.699000,0
20140812 030900,136.698000,136.715000,136.698000,136.713000,0
20140812 031000,136.712000,136.738000,136.712000,136.724000,0
20140812 031100,136.723000,136.723000,136.698000,136.698000,0
20140812 031200,136.697000,136.705000,136.696000,136.696000,0
20140812 031300,136.695000,136.698000,136.686000,136.692000,0
20140812 031400,136.693000,136.693000,136.676000,136.681000,0
20140812 031500,136.682000,136.686000,136.667000,136.680000,0
20140812 031600,136.681000,136.682000,136.667000,136.670000,0
20140812 031700,136.669000,136.697000,136.669000,136.694000,0
20140812 031800,136.693000,136.693000,136.672000,136.681000,0
20140812 031900,136.680000,136.682000,136.679000,136.680000,0
20140812 032000,136.681000,136.686000,136.668000,136.671000,0
20140812 032100,136.670000,136.681000,136.652000,136.680000,0
20140812 032200,136.679000,136.691000,136.670000,136.670000,0
20140812 032300,136.669000,136.670000,136.659000,136.665000,0
20140812 032400,136.663000,136.663000,136.658000,136.660000,0
20140812 032500,136.659000,136.665000,136.654000,136.659000,0
20140812 032600,136.658000,136.672000,136.658000,136.671000,0
20140812 032700,136.672000,136.676000,136.671000,136.672000,0
20140812 032800,136.671000,136.671000,136.656000,136.662000,0
20140812 032900,136.663000,136.667000,136.662000,136.667000,0
20140812 033000,136.668000,136.671000,136.663000,136.669000,0
20140812 033100,136.670000,136.679000,136.664000,136.678000,0
20140812 033200,136.679000,136.682000,136.659000,136.659000,0
20140812 033300,136.657000,136.658000,136.654000,136.655000,0
20140812 033400,136.654000,136.658000,136.653000,136.655000,0
20140812 033500,136.656000,136.676000,136.656000,136.668000,0
20140812 033600,136.667000,136.673000,136.664000,136.668000,0
20140812 033700,136.667000,136.678000,136.666000,136.669000,0
20140812 033800,136.668000,136.685000,136.663000,136.685000,0
20140812 033900,136.686000,136.694000,136.680000,136.682000,0
20140812 034000,136.684000,136.686000,136.671000,136.672000,0
20140812 034100,136.673000,136.677000,136.670000,136.677000,0
20140812 034200,136.678000,136.678000,136.675000,136.676000,0
20140812 034300,136.674000,136.703000,136.671000,136.703000,0
20140812 034400,136.704000,136.712000,136.692000,136.695000,0
20140812 034500,136.694000,136.702000,136.692000,136.702000,0
20140812 034600,136.700000,136.701000,136.699000,136.700000,0
20140812 034700,136.701000,136.709000,136.697000,136.703000,0
20140812 034800,136.704000,136.705000,136.683000,136.685000,0
20140812 034900,136.686000,136.698000,136.685000,136.694000,0
20140812 035000,136.693000,136.696000,136.689000,136.691000,0
20140812 035100,136.692000,136.712000,136.692000,136.707000,0
20140812 035200,136.708000,136.708000,136.693000,136.693000,0
20140812 035300,136.694000,136.706000,136.693000,136.702000,0
20140812 035400,136.701000,136.702000,136.694000,136.695000,0
20140812 035500,136.694000,136.699000,136.682000,136.683000,0
20140812 035600,136.682000,136.701000,136.680000,136.695000,0
20140812 035700,136.694000,136.716000,136.692000,136.709000,0
20140812 035800,136.710000,136.714000,136.706000,136.706000,0
20140812 035900,136.705000,136.710000,136.700000,136.707000,0
20140812 040000,136.706000,136.713000,136.702000,136.702000,0
20140812 040100,136.703000,136.710000,136.699000,136.702000,0
20140812 040200,136.703000,136.703000,136.679000,136.679000,0
20140812 040300,136.678000,136.689000,136.675000,136.678000,0
20140812 040400,136.679000,136.686000,136.678000,136.684000,0
20140812 040500,136.683000,136.697000,136.678000,136.693000,0
20140812 040600,136.690000,136.690000,136.676000,136.679000,0
20140812 040700,136.680000,136.685000,136.664000,136.669000,0
20140812 040800,136.671000,136.680000,136.671000,136.674000,0
20140812 040900,136.673000,136.673000,136.649000,136.656000,0
20140812 041000,136.657000,136.663000,136.648000,136.651000,0
20140812 041100,136.652000,136.667000,136.651000,136.665000,0
20140812 041200,136.664000,136.664000,136.657000,136.663000,0
20140812 041300,136.662000,136.666000,136.659000,136.666000,0
20140812 041400,136.665000,136.665000,136.652000,136.652000,0
20140812 041500,136.651000,136.653000,136.646000,136.650000,0
20140812 041600,136.651000,136.656000,136.644000,136.644000,0
20140812 041700,136.645000,136.648000,136.617000,136.618000,0
20140812 041800,136.619000,136.619000,136.580000,136.601000,0
20140812 041900,136.602000,136.639000,136.601000,136.631000,0
20140812 042000,136.632000,136.637000,136.623000,136.623000,0
20140812 042100,136.622000,136.624000,136.603000,136.604000,0
20140812 042200,136.603000,136.612000,136.598000,136.612000,0
20140812 042300,136.611000,136.612000,136.603000,136.603000,0
20140812 042400,136.602000,136.613000,136.594000,136.612000,0
20140812 042500,136.611000,136.612000,136.604000,136.609000,0
20140812 042600,136.610000,136.634000,136.609000,136.633000,0
20140812 042700,136.632000,136.637000,136.618000,136.620000,0
20140812 042800,136.621000,136.632000,136.620000,136.630000,0
20140812 042900,136.629000,136.645000,136.629000,136.644000,0
20140812 043000,136.645000,136.646000,136.626000,136.627000,0
20140812 043100,136.628000,136.640000,136.628000,136.638000,0
20140812 043200,136.637000,136.638000,136.620000,136.625000,0
20140812 043300,136.626000,136.634000,136.625000,136.627000,0
20140812 043400,136.628000,136.635000,136.627000,136.635000,0
20140812 043500,136.634000,136.644000,136.633000,136.641000,0
20140812 043600,136.643000,136.655000,136.642000,136.643000,0
20140812 043700,136.642000,136.644000,136.637000,136.638000,0
20140812 043800,136.639000,136.648000,136.638000,136.642000,0
20140812 043900,136.641000,136.643000,136.632000,136.632000,0
20140812 044000,136.631000,136.645000,136.630000,136.638000,0
20140812 044100,136.639000,136.639000,136.631000,136.636000,0
20140812 044200,136.637000,136.644000,136.637000,136.643000,0
20140812 044300,136.644000,136.645000,136.615000,136.616000,0
20140812 044400,136.617000,136.633000,136.614000,136.633000,0
20140812 044500,136.634000,136.647000,136.634000,136.646000,0
20140812 044600,136.647000,136.647000,136.631000,136.634000,0
20140812 044700,136.635000,136.640000,136.632000,136.640000,0
20140812 044800,136.639000,136.643000,136.635000,136.636000,0
20140812 044900,136.635000,136.635000,136.611000,136.613000,0
20140812 045000,136.612000,136.616000,136.595000,136.604000,0
20140812 045100,136.605000,136.615000,136.600000,136.615000,0
20140812 045200,136.614000,136.635000,136.614000,136.635000,0
20140812 045300,136.636000,136.637000,136.627000,136.635000,0
20140812 045400,136.634000,136.634000,136.625000,136.626000,0
20140812 045500,136.627000,136.640000,136.626000,136.636000,0
20140812 045600,136.637000,136.638000,136.627000,136.629000,0
20140812 045700,136.630000,136.635000,136.612000,136.612000,0
20140812 045800,136.613000,136.613000,136.593000,136.594000,0
20140812 045900,136.595000,136.617000,136.592000,136.614000,0
20140812 050000,136.547000,136.550000,136.491000,136.506000,0
20140812 050100,136.507000,136.514000,136.490000,136.507000,0
20140812 050200,136.508000,136.508000,136.478000,136.479000,0
20140812 050300,136.478000,136.479000,136.459000,136.468000,0
20140812 050400,136.471000,136.495000,136.465000,136.493000,0
20140812 050500,136.492000,136.492000,136.467000,136.467000,0
20140812 050600,136.469000,136.495000,136.464000,136.492000,0
20140812 050700,136.490000,136.502000,136.481000,136.493000,0
20140812 050800,136.492000,136.508000,136.490000,136.507000,0
20140812 050900,136.509000,136.510000,136.489000,136.489000,0
20140812 051000,136.490000,136.510000,136.488000,136.504000,0
20140812 051100,136.503000,136.524000,136.500000,136.521000,0
20140812 051200,136.520000,136.523000,136.485000,136.489000,0
20140812 051300,136.490000,136.492000,136.478000,136.479000,0
20140812 051400,136.482000,136.483000,136.474000,136.475000,0
20140812 051500,136.476000,136.476000,136.451000,136.459000,0
20140812 051600,136.457000,136.461000,136.449000,136.450000,0
20140812 051700,136.449000,136.454000,136.448000,136.451000,0
20140812 051800,136.450000,136.453000,136.438000,136.438000,0
20140812 051900,136.437000,136.443000,136.434000,136.438000,0
20140812 052000,136.437000,136.442000,136.434000,136.442000,0
20140812 052100,136.441000,136.445000,136.437000,136.438000,0
20140812 052200,136.439000,136.461000,136.438000,136.461000,0
20140812 052300,136.462000,136.470000,136.462000,136.467000,0
20140812 052400,136.468000,136.476000,136.467000,136.476000,0
20140812 052500,136.474000,136.474000,136.457000,136.462000,0
20140812 052600,136.463000,136.463000,136.450000,136.451000,0
20140812 052700,136.452000,136.460000,136.447000,136.460000,0
20140812 052800,136.459000,136.464000,136.457000,136.462000,0
20140812 052900,136.461000,136.463000,136.459000,136.459000,0
20140812 053000,136.458000,136.458000,136.434000,136.438000,0
20140812 053100,136.439000,136.444000,136.439000,136.443000,0
20140812 053200,136.440000,136.440000,136.432000,136.432000,0
20140812 053300,136.434000,136.447000,136.432000,136.436000,0
20140812 053400,136.437000,136.447000,136.433000,136.446000,0
20140812 053500,136.445000,136.462000,136.440000,136.460000,0
20140812 053600,136.461000,136.463000,136.450000,136.452000,0
20140812 053700,136.453000,136.457000,136.446000,136.446000,0
20140812 053800,136.447000,136.457000,136.446000,136.457000,0
20140812 053900,136.456000,136.458000,136.452000,136.458000,0
20140812 054000,136.459000,136.461000,136.454000,136.461000,0
20140812 054100,136.460000,136.478000,136.460000,136.478000,0
20140812 054200,136.479000,136.491000,136.474000,136.481000,0
20140812 054300,136.480000,136.480000,136.472000,136.479000,0
20140812 054400,136.478000,136.482000,136.475000,136.480000,0
20140812 054500,136.481000,136.488000,136.480000,136.487000,0
20140812 054600,136.486000,136.493000,136.486000,136.491000,0
20140812 054700,136.493000,136.518000,136.490000,136.517000,0
20140812 054800,136.518000,136.527000,136.515000,136.518000,0
20140812 054900,136.517000,136.528000,136.515000,136.516000,0
20140812 055000,136.515000,136.536000,136.513000,136.526000,0
20140812 055100,136.525000,136.546000,136.524000,136.540000,0
20140812 055200,136.541000,136.561000,136.539000,136.551000,0
20140812 055300,136.550000,136.553000,136.545000,136.547000,0
20140812 055400,136.546000,136.557000,136.544000,136.546000,0
20140812 055500,136.547000,136.573000,136.547000,136.555000,0
20140812 055600,136.556000,136.560000,136.553000,136.554000,0
20140812 055700,136.553000,136.554000,136.547000,136.552000,0
20140812 055800,136.553000,136.555000,136.546000,136.553000,0
20140812 055900,136.552000,136.553000,136.526000,136.528000,0
20140812 060000,136.529000,136.543000,136.525000,136.541000,0
20140812 060100,136.542000,136.546000,136.539000,136.546000,0
20140812 060200,136.545000,136.549000,136.544000,136.546000,0
20140812 060300,136.545000,136.547000,136.539000,136.540000,0
20140812 060400,136.541000,136.544000,136.540000,136.544000,0
20140812 060500,136.545000,136.546000,136.534000,136.535000,0
20140812 060600,136.534000,136.534000,136.524000,136.525000,0
20140812 060700,136.524000,136.530000,136.518000,136.526000,0
20140812 060800,136.525000,136.530000,136.519000,136.519000,0
20140812 060900,136.518000,136.520000,136.513000,136.513000,0
20140812 061000,136.512000,136.512000,136.498000,136.501000,0
20140812 061100,136.499000,136.499000,136.486000,136.487000,0
20140812 061200,136.489000,136.489000,136.479000,136.480000,0
20140812 061300,136.481000,136.490000,136.481000,136.489000,0
20140812 061400,136.490000,136.493000,136.478000,136.486000,0
20140812 061500,136.484000,136.505000,136.484000,136.505000,0
20140812 061600,136.506000,136.515000,136.476000,136.480000,0
20140812 061700,136.481000,136.481000,136.470000,136.473000,0
20140812 061800,136.474000,136.487000,136.474000,136.487000,0
20140812 061900,136.488000,136.494000,136.486000,136.494000,0
20140812 062000,136.495000,136.499000,136.489000,136.498000,0
20140812 062100,136.499000,136.500000,136.491000,136.500000,0
20140812 062200,136.499000,136.503000,136.498000,136.500000,0
20140812 062300,136.501000,136.514000,136.499000,136.514000,0
20140812 062400,136.513000,136.516000,136.507000,136.507000,0
20140812 062500,136.506000,136.506000,136.488000,136.488000,0
20140812 062600,136.487000,136.494000,136.485000,136.485000,0
20140812 062700,136.486000,136.487000,136.469000,136.476000,0
20140812 062800,136.475000,136.497000,136.475000,136.485000,0
20140812 062900,136.486000,136.495000,136.484000,136.493000,0
20140812 063000,136.492000,136.508000,136.492000,136.504000,0
20140812 063100,136.505000,136.507000,136.502000,136.503000,0
20140812 063200,136.505000,136.507000,136.491000,136.491000,0
20140812 063300,136.490000,136.506000,136.490000,136.501000,0
20140812 063400,136.500000,136.503000,136.493000,136.494000,0
20140812 063500,136.495000,136.495000,136.482000,136.486000,0
20140812 063600,136.488000,136.491000,136.480000,136.481000,0
20140812 063700,136.480000,136.483000,136.480000,136.482000,0
20140812 063800,136.481000,136.482000,136.480000,136.480000,0
20140812 063900,136.481000,136.482000,136.470000,136.473000,0
20140812 064000,136.472000,136.474000,136.459000,136.459000,0
20140812 064100,136.460000,136.460000,136.445000,136.458000,0
20140812 064200,136.459000,136.472000,136.459000,136.471000,0
20140812 064300,136.473000,136.473000,136.461000,136.463000,0
20140812 064400,136.461000,136.464000,136.459000,136.461000,0
20140812 064500,136.460000,136.460000,136.450000,136.453000,0
20140812 064600,136.454000,136.455000,136.449000,136.449000,0
20140812 064700,136.448000,136.451000,136.444000,136.450000,0
20140812 064800,136.449000,136.450000,136.434000,136.434000,0
20140812 064900,136.436000,136.454000,136.436000,136.449000,0
20140812 065000,136.448000,136.452000,136.442000,136.448000,0
20140812 065100,136.446000,136.452000,136.444000,136.447000,0
20140812 065200,136.446000,136.449000,136.441000,136.448000,0
20140812 065300,136.451000,136.453000,136.446000,136.449000,0
20140812 065400,136.451000,136.452000,136.448000,136.450000,0
20140812 065500,136.451000,136.459000,136.450000,136.456000,0
20140812 065600,136.455000,136.458000,136.455000,136.457000,0
20140812 065700,136.456000,136.457000,136.446000,136.447000,0
20140812 065800,136.446000,136.446000,136.426000,136.427000,0
20140812 065900,136.426000,136.431000,136.408000,136.431000,0
20140812 070000,136.432000,136.437000,136.432000,136.437000,0
20140812 070100,136.438000,136.460000,136.438000,136.460000,0
20140812 070200,136.459000,136.460000,136.450000,136.453000,0
20140812 070300,136.452000,136.455000,136.444000,136.446000,0
20140812 070400,136.447000,136.447000,136.444000,136.445000,0
20140812 070500,136.446000,136.451000,136.443000,136.448000,0
20140812 070600,136.449000,136.457000,136.448000,136.455000,0
20140812 070700,136.454000,136.455000,136.448000,136.449000,0
20140812 070800,136.448000,136.451000,136.444000,136.445000,0
20140812 070900,136.446000,136.447000,136.444000,136.447000,0
20140812 071000,136.446000,136.446000,136.436000,136.438000,0
20140812 071100,136.441000,136.447000,136.441000,136.446000,0
20140812 071200,136.445000,136.474000,136.445000,136.462000,0
20140812 071300,136.463000,136.471000,136.460000,136.471000,0
20140812 071400,136.470000,136.494000,136.466000,136.494000,0
20140812 071500,136.495000,136.498000,136.487000,136.489000,0
20140812 071600,136.490000,136.511000,136.489000,136.501000,0
20140812 071700,136.500000,136.509000,136.497000,136.504000,0
20140812 071800,136.502000,136.502000,136.488000,136.489000,0
20140812 071900,136.490000,136.503000,136.489000,136.500000,0
20140812 072000,136.501000,136.505000,136.485000,136.485000,0
20140812 072100,136.486000,136.506000,136.486000,136.492000,0
20140812 072200,136.491000,136.491000,136.488000,136.488000,0
20140812 072300,136.489000,136.493000,136.489000,136.493000,0
20140812 072400,136.494000,136.497000,136.489000,136.496000,0
20140812 072500,136.497000,136.506000,136.496000,136.505000,0
20140812 072600,136.506000,136.507000,136.505000,136.506000,0
20140812 072700,136.507000,136.537000,136.507000,136.529000,0
20140812 072800,136.530000,136.532000,136.525000,136.525000,0
20140812 072900,136.522000,136.522000,136.502000,136.505000,0
20140812 073000,136.507000,136.512000,136.504000,136.504000,0
20140812 073100,136.503000,136.504000,136.486000,136.489000,0
20140812 073200,136.488000,136.515000,136.488000,136.515000,0
20140812 073300,136.514000,136.514000,136.505000,136.509000,0
20140812 073400,136.508000,136.508000,136.499000,136.508000,0
20140812 073500,136.509000,136.510000,136.504000,136.504000,0
20140812 073600,136.505000,136.505000,136.498000,136.498000,0
20140812 073700,136.497000,136.497000,136.464000,136.467000,0
20140812 073800,136.469000,136.480000,136.464000,136.465000,0
20140812 073900,136.466000,136.475000,136.463000,136.474000,0
20140812 074000,136.473000,136.477000,136.456000,136.474000,0
20140812 074100,136.477000,136.483000,136.471000,136.477000,0
20140812 074200,136.478000,136.487000,136.476000,136.487000,0
20140812 074300,136.486000,136.491000,136.477000,136.490000,0
20140812 074400,136.489000,136.489000,136.475000,136.483000,0
20140812 074500,136.484000,136.497000,136.480000,136.486000,0
20140812 074600,136.485000,136.490000,136.480000,136.480000,0
20140812 074700,136.481000,136.484000,136.473000,136.473000,0
20140812 074800,136.472000,136.473000,136.462000,136.466000,0
20140812 074900,136.467000,136.468000,136.449000,136.464000,0
20140812 075000,136.462000,136.462000,136.438000,136.440000,0
20140812 075100,136.441000,136.441000,136.413000,136.416000,0
20140812 075200,136.417000,136.439000,136.417000,136.434000,0
20140812 075300,136.435000,136.462000,136.435000,136.462000,0
20140812 075400,136.461000,136.461000,136.449000,136.450000,0
20140812 075500,136.448000,136.460000,136.447000,136.447000,0
20140812 075600,136.448000,136.450000,136.439000,136.439000,0
20140812 075700,136.433000,136.433000,136.422000,136.426000,0
20140812 075800,136.427000,136.437000,136.425000,136.437000,0
20140812 075900,136.436000,136.437000,136.421000,136.431000,0
20140812 080000,136.430000,136.440000,136.426000,136.440000,0
20140812 080100,136.441000,136.462000,136.441000,136.461000,0
20140812 080200,136.462000,136.470000,136.458000,136.469000,0
20140812 080300,136.468000,136.476000,136.447000,136.448000,0
20140812 080400,136.447000,136.452000,136.445000,136.448000,0
20140812 080500,136.449000,136.452000,136.440000,136.440000,0
20140812 080600,136.439000,136.454000,136.433000,136.450000,0
20140812 080700,136.451000,136.459000,136.448000,136.459000,0
20140812 080800,136.458000,136.459000,136.428000,136.428000,0
20140812 080900,136.429000,136.430000,136.420000,136.423000,0
20140812 081000,136.420000,136.432000,136.419000,136.429000,0
20140812 081100,136.431000,136.449000,136.428000,136.447000,0
20140812 081200,136.451000,136.457000,136.439000,136.444000,0
20140812 081300,136.443000,136.452000,136.440000,136.446000,0
20140812 081400,136.445000,136.468000,136.444000,136.468000,0
20140812 081500,136.467000,136.472000,136.463000,136.465000,0
20140812 081600,136.467000,136.473000,136.458000,136.472000,0
20140812 081700,136.473000,136.476000,136.459000,136.476000,0
20140812 081800,136.480000,136.498000,136.478000,136.491000,0
20140812 081900,136.489000,136.489000,136.475000,136.477000,0
20140812 082000,136.479000,136.497000,136.469000,136.490000,0
20140812 082100,136.492000,136.509000,136.492000,136.499000,0
20140812 082200,136.500000,136.500000,136.487000,136.488000,0
20140812 082300,136.487000,136.487000,136.450000,136.453000,0
20140812 082400,136.452000,136.466000,136.452000,136.463000,0
20140812 082500,136.462000,136.467000,136.450000,136.459000,0
20140812 082600,136.457000,136.461000,136.454000,136.457000,0
20140812 082700,136.456000,136.461000,136.429000,136.434000,0
20140812 082800,136.435000,136.447000,136.422000,136.436000,0
20140812 082900,136.437000,136.445000,136.383000,136.383000,0
20140812 083000,136.384000,136.413000,136.383000,136.408000,0
20140812 083100,136.412000,136.436000,136.406000,136.432000,0
20140812 083200,136.431000,136.442000,136.429000,136.432000,0
20140812 083300,136.433000,136.433000,136.419000,136.428000,0
20140812 083400,136.429000,136.441000,136.422000,136.440000,0
20140812 083500,136.439000,136.439000,136.418000,136.418000,0
20140812 083600,136.417000,136.427000,136.413000,136.415000,0
20140812 083700,136.414000,136.423000,136.406000,136.423000,0
20140812 083800,136.422000,136.436000,136.422000,136.429000,0
20140812 083900,136.430000,136.434000,136.425000,136.426000,0
20140812 084000,136.427000,136.427000,136.419000,136.422000,0
20140812 084100,136.421000,136.422000,136.410000,136.413000,0
20140812 084200,136.412000,136.413000,136.395000,136.408000,0
20140812 084300,136.409000,136.416000,136.402000,136.413000,0
20140812 084400,136.414000,136.428000,136.413000,136.422000,0
20140812 084500,136.421000,136.425000,136.417000,136.420000,0
20140812 084600,136.421000,136.439000,136.407000,136.431000,0
20140812 084700,136.430000,136.434000,136.429000,136.432000,0
20140812 084800,136.431000,136.435000,136.424000,136.432000,0
20140812 084900,136.431000,136.432000,136.416000,136.420000,0
20140812 085000,136.421000,136.434000,136.421000,136.428000,0
20140812 085100,136.429000,136.436000,136.429000,136.435000,0
20140812 085200,136.434000,136.435000,136.428000,136.433000,0
20140812 085300,136.434000,136.435000,136.433000,136.434000,0
20140812 085400,136.435000,136.446000,136.434000,136.434000,0
20140812 085500,136.432000,136.432000,136.423000,136.423000,0
20140812 085600,136.422000,136.430000,136.420000,136.428000,0
20140812 085700,136.427000,136.427000,136.416000,136.420000,0
20140812 085800,136.419000,136.420000,136.409000,136.410000,0
20140812 085900,136.412000,136.421000,136.410000,136.411000,0
20140812 090000,136.412000,136.413000,136.400000,136.401000,0
20140812 090100,136.400000,136.405000,136.381000,136.400000,0
20140812 090200,136.402000,136.414000,136.387000,136.391000,0
20140812 090300,136.390000,136.399000,136.386000,136.397000,0
20140812 090400,136.398000,136.406000,136.391000,136.406000,0
20140812 090500,136.407000,136.409000,136.392000,136.395000,0
20140812 090600,136.394000,136.394000,136.357000,136.366000,0
20140812 090700,136.365000,136.384000,136.365000,136.378000,0
20140812 090800,136.379000,136.379000,136.366000,136.373000,0
20140812 090900,136.372000,136.406000,136.360000,136.397000,0
20140812 091000,136.398000,136.424000,136.395000,136.419000,0
20140812 091100,136.420000,136.420000,136.389000,136.392000,0
20140812 091200,136.391000,136.405000,136.377000,136.403000,0
20140812 091300,136.401000,136.406000,136.367000,136.380000,0
20140812 091400,136.378000,136.401000,136.374000,136.400000,0
20140812 091500,136.398000,136.398000,136.368000,136.390000,0
20140812 091600,136.391000,136.405000,136.391000,136.405000,0
20140812 091700,136.404000,136.404000,136.378000,136.397000,0
20140812 091800,136.399000,136.411000,136.396000,136.407000,0
20140812 091900,136.408000,136.417000,136.406000,136.417000,0
20140812 092000,136.416000,136.417000,136.410000,136.417000,0
20140812 092100,136.416000,136.441000,136.416000,136.438000,0
20140812 092200,136.439000,136.439000,136.419000,136.429000,0
20140812 092300,136.427000,136.440000,136.426000,136.430000,0
20140812 092400,136.429000,136.436000,136.421000,136.429000,0
20140812 092500,136.431000,136.440000,136.427000,136.440000,0
20140812 092600,136.441000,136.456000,136.441000,136.455000,0
20140812 092700,136.456000,136.463000,136.438000,136.446000,0
20140812 092800,136.445000,136.446000,136.437000,136.443000,0
20140812 092900,136.442000,136.448000,136.440000,136.448000,0
20140812 093000,136.449000,136.449000,136.412000,136.430000,0
20140812 093100,136.426000,136.436000,136.418000,136.436000,0
20140812 093200,136.435000,136.443000,136.435000,136.436000,0
20140812 093300,136.437000,136.457000,136.437000,136.456000,0
20140812 093400,136.454000,136.463000,136.447000,136.447000,0
20140812 093500,136.446000,136.479000,136.437000,136.472000,0
20140812 093600,136.470000,136.476000,136.456000,136.457000,0
20140812 093700,136.456000,136.456000,136.422000,136.422000,0
20140812 093800,136.424000,136.447000,136.419000,136.446000,0
20140812 093900,136.445000,136.452000,136.439000,136.452000,0
20140812 094000,136.451000,136.458000,136.437000,136.443000,0
20140812 094100,136.442000,136.454000,136.440000,136.442000,0
20140812 094200,136.441000,136.442000,136.414000,136.416000,0
20140812 094300,136.415000,136.416000,136.401000,136.407000,0
20140812 094400,136.408000,136.412000,136.400000,136.412000,0
20140812 094500,136.411000,136.427000,136.409000,136.427000,0
20140812 094600,136.425000,136.428000,136.423000,136.428000,0
20140812 094700,136.427000,136.456000,136.427000,136.456000,0
20140812 094800,136.455000,136.458000,136.447000,136.453000,0
20140812 094900,136.454000,136.454000,136.434000,136.445000,0
20140812 095000,136.446000,136.452000,136.431000,136.452000,0
20140812 095100,136.449000,136.452000,136.439000,136.445000,0
20140812 095200,136.446000,136.471000,136.446000,136.471000,0
20140812 095300,136.469000,136.469000,136.451000,136.463000,0
20140812 095400,136.461000,136.463000,136.447000,136.450000,0
20140812 095500,136.451000,136.453000,136.443000,136.444000,0
20140812 095600,136.442000,136.458000,136.442000,136.456000,0
20140812 095700,136.457000,136.470000,136.456000,136.469000,0
20140812 095800,136.467000,136.471000,136.462000,136.468000,0
20140812 095900,136.467000,136.502000,136.461000,136.502000,0
20140812 100000,136.501000,136.504000,136.464000,136.475000,0
20140812 100100,136.472000,136.477000,136.464000,136.468000,0
20140812 100200,136.466000,136.473000,136.453000,136.465000,0
20140812 100300,136.466000,136.478000,136.463000,136.465000,0
20140812 100400,136.466000,136.475000,136.463000,136.470000,0
20140812 100500,136.471000,136.485000,136.462000,136.474000,0
20140812 100600,136.473000,136.480000,136.448000,136.450000,0
20140812 100700,136.449000,136.463000,136.439000,136.449000,0
20140812 100800,136.448000,136.472000,136.444000,136.457000,0
20140812 100900,136.458000,136.462000,136.435000,136.435000,0
20140812 101000,136.434000,136.434000,136.401000,136.407000,0
20140812 101100,136.408000,136.424000,136.404000,136.421000,0
20140812 101200,136.422000,136.435000,136.415000,136.428000,0
20140812 101300,136.427000,136.444000,136.421000,136.436000,0
20140812 101400,136.435000,136.468000,136.435000,136.462000,0
20140812 101500,136.463000,136.469000,136.405000,136.412000,0
20140812 101600,136.411000,136.437000,136.407000,136.432000,0
20140812 101700,136.433000,136.449000,136.430000,136.441000,0
20140812 101800,136.440000,136.444000,136.430000,136.444000,0
20140812 101900,136.443000,136.476000,136.442000,136.469000,0
20140812 102000,136.470000,136.473000,136.453000,136.467000,0
20140812 102100,136.468000,136.482000,136.460000,136.460000,0
20140812 102200,136.461000,136.467000,136.458000,136.459000,0
20140812 102300,136.461000,136.466000,136.439000,136.442000,0
20140812 102400,136.443000,136.457000,136.443000,136.455000,0
20140812 102500,136.454000,136.454000,136.434000,136.449000,0
20140812 102600,136.447000,136.447000,136.432000,136.432000,0
20140812 102700,136.433000,136.445000,136.433000,136.444000,0
20140812 102800,136.445000,136.456000,136.439000,136.450000,0
20140812 102900,136.449000,136.455000,136.444000,136.454000,0
20140812 103000,136.452000,136.456000,136.444000,136.454000,0
20140812 103100,136.453000,136.454000,136.441000,136.448000,0
20140812 103200,136.447000,136.459000,136.447000,136.449000,0
20140812 103300,136.447000,136.466000,136.444000,136.466000,0
20140812 103400,136.467000,136.473000,136.456000,136.472000,0
20140812 103500,136.473000,136.473000,136.437000,136.441000,0
20140812 103600,136.442000,136.460000,136.437000,136.458000,0
20140812 103700,136.459000,136.469000,136.454000,136.467000,0
20140812 103800,136.468000,136.477000,136.468000,136.473000,0
20140812 103900,136.472000,136.479000,136.469000,136.469000,0
20140812 104000,136.470000,136.475000,136.468000,136.475000,0
20140812 104100,136.474000,136.481000,136.469000,136.478000,0
20140812 104200,136.479000,136.482000,136.471000,136.478000,0
20140812 104300,136.477000,136.477000,136.461000,136.465000,0
20140812 104400,136.466000,136.476000,136.465000,136.470000,0
20140812 104500,136.471000,136.471000,136.424000,136.436000,0
20140812 104600,136.433000,136.440000,136.419000,136.438000,0
20140812 104700,136.437000,136.441000,136.433000,136.440000,0
20140812 104800,136.441000,136.441000,136.420000,136.422000,0
20140812 104900,136.423000,136.439000,136.422000,136.431000,0
20140812 105000,136.430000,136.444000,136.429000,136.429000,0
20140812 105100,136.430000,136.432000,136.414000,136.421000,0
20140812 105200,136.420000,136.421000,136.408000,136.420000,0
20140812 105300,136.421000,136.434000,136.419000,136.430000,0
20140812 105400,136.428000,136.430000,136.421000,136.424000,0
20140812 105500,136.422000,136.449000,136.421000,136.449000,0
20140812 105600,136.448000,136.448000,136.428000,136.431000,0
20140812 105700,136.430000,136.430000,136.402000,136.425000,0
20140812 105800,136.426000,136.463000,136.423000,136.463000,0
20140812 105900,136.464000,136.494000,136.462000,136.482000,0
20140812 110000,136.485000,136.485000,136.452000,136.452000,0
20140812 110100,136.450000,136.451000,136.423000,136.434000,0
20140812 110200,136.435000,136.444000,136.423000,136.435000,0
20140812 110300,136.434000,136.435000,136.424000,136.433000,0
20140812 110400,136.432000,136.436000,136.429000,136.432000,0
20140812 110500,136.433000,136.443000,136.433000,136.441000,0
20140812 110600,136.442000,136.443000,136.431000,136.440000,0
20140812 110700,136.439000,136.441000,136.420000,136.441000,0
20140812 110800,136.440000,136.442000,136.431000,136.432000,0
20140812 110900,136.431000,136.450000,136.431000,136.450000,0
20140812 111000,136.449000,136.455000,136.445000,136.455000,0
20140812 111100,136.454000,136.455000,136.444000,136.447000,0
20140812 111200,136.448000,136.472000,136.448000,136.471000,0
20140812 111300,136.472000,136.487000,136.472000,136.482000,0
20140812 111400,136.480000,136.485000,136.476000,136.478000,0
20140812 111500,136.479000,136.484000,136.474000,136.483000,0
20140812 111600,136.482000,136.482000,136.461000,136.462000,0
20140812 111700,136.463000,136.472000,136.450000,136.470000,0
20140812 111800,136.469000,136.486000,136.466000,136.486000,0
20140812 111900,136.487000,136.496000,136.480000,136.496000,0
20140812 112000,136.497000,136.499000,136.489000,136.495000,0
20140812 112100,136.494000,136.497000,136.487000,136.492000,0
20140812 112200,136.493000,136.504000,136.485000,136.486000,0
20140812 112300,136.485000,136.488000,136.475000,136.479000,0
20140812 112400,136.481000,136.482000,136.470000,136.474000,0
20140812 112500,136.475000,136.491000,136.475000,136.479000,0
20140812 112600,136.480000,136.504000,136.480000,136.497000,0
20140812 112700,136.496000,136.501000,136.490000,136.501000,0
20140812 112800,136.500000,136.500000,136.483000,136.489000,0
20140812 112900,136.488000,136.490000,136.483000,136.490000,0
20140812 113000,136.491000,136.503000,136.491000,136.502000,0
20140812 113100,136.501000,136.515000,136.501000,136.515000,0
20140812 113200,136.514000,136.517000,136.512000,136.513000,0
20140812 113300,136.514000,136.516000,136.508000,136.516000,0
20140812 113400,136.517000,136.525000,136.513000,136.522000,0
20140812 113500,136.520000,136.539000,136.519000,136.534000,0
20140812 113600,136.532000,136.536000,136.527000,136.530000,0
20140812 113700,136.531000,136.531000,136.507000,136.512000,0
20140812 113800,136.510000,136.510000,136.505000,136.505000,0
20140812 113900,136.506000,136.506000,136.499000,136.505000,0
20140812 114000,136.504000,136.507000,136.501000,136.502000,0
20140812 114100,136.504000,136.507000,136.501000,136.503000,0
20140812 114200,136.502000,136.505000,136.502000,136.504000,0
20140812 114300,136.505000,136.507000,136.496000,136.503000,0
20140812 114400,136.502000,136.508000,136.497000,136.503000,0
20140812 114500,136.504000,136.508000,136.502000,136.503000,0
20140812 114600,136.502000,136.510000,136.501000,136.510000,0
20140812 114700,136.511000,136.518000,136.510000,136.515000,0
20140812 114800,136.514000,136.528000,136.513000,136.526000,0
20140812 114900,136.525000,136.525000,136.502000,136.509000,0
20140812 115000,136.510000,136.514000,136.509000,136.510000,0
20140812 115100,136.511000,136.517000,136.511000,136.517000,0
20140812 115200,136.516000,136.516000,136.507000,136.512000,0
20140812 115300,136.510000,136.521000,136.508000,136.518000,0
20140812 115400,136.516000,136.523000,136.514000,136.523000,0
20140812 115500,136.524000,136.537000,136.518000,136.533000,0
20140812 115600,136.534000,136.534000,136.522000,136.529000,0
20140812 115700,136.530000,136.545000,136.530000,136.540000,0
20140812 115800,136.541000,136.541000,136.525000,136.528000,0
20140812 115900,136.527000,136.528000,136.519000,136.519000,0
20140812 120000,136.520000,136.521000,136.501000,136.501000,0
20140812 120100,136.503000,136.506000,136.498000,136.502000,0
20140812 120200,136.503000,136.507000,136.498000,136.504000,0
20140812 120300,136.505000,136.508000,136.499000,136.499000,0
20140812 120400,136.501000,136.506000,136.500000,136.501000,0
20140812 120500,136.500000,136.510000,136.500000,136.508000,0
20140812 120600,136.507000,136.515000,136.507000,136.513000,0
20140812 120700,136.515000,136.523000,136.513000,136.521000,0
20140812 120800,136.520000,136.524000,136.520000,136.523000,0
20140812 120900,136.525000,136.538000,136.525000,136.538000,0
20140812 121000,136.539000,136.540000,136.524000,136.526000,0
20140812 121100,136.525000,136.527000,136.509000,136.509000,0
20140812 121200,136.510000,136.521000,136.510000,136.514000,0
20140812 121300,136.513000,136.532000,136.512000,136.532000,0
20140812 121400,136.531000,136.541000,136.524000,136.530000,0
20140812 121500,136.532000,136.535000,136.523000,136.531000,0
20140812 121600,136.530000,136.539000,136.528000,136.530000,0
20140812 121700,136.529000,136.530000,136.522000,136.529000,0
20140812 121800,136.530000,136.530000,136.524000,136.526000,0
20140812 121900,136.528000,136.545000,136.525000,136.544000,0
20140812 122000,136.542000,136.544000,136.531000,136.536000,0
20140812 122100,136.537000,136.540000,136.536000,136.536000,0
20140812 122200,136.537000,136.546000,136.536000,136.538000,0
20140812 122300,136.537000,136.551000,136.531000,136.550000,0
20140812 122400,136.548000,136.550000,136.544000,136.546000,0
20140812 122500,136.545000,136.557000,136.545000,136.557000,0
20140812 122600,136.558000,136.571000,136.554000,136.569000,0
20140812 122700,136.568000,136.574000,136.568000,136.573000,0
20140812 122800,136.572000,136.573000,136.566000,136.571000,0
20140812 122900,136.570000,136.570000,136.562000,136.567000,0
20140812 123000,136.566000,136.569000,136.560000,136.567000,0
20140812 123100,136.566000,136.569000,136.565000,136.569000,0
20140812 123200,136.568000,136.575000,136.564000,136.572000,0
20140812 123300,136.573000,136.576000,136.572000,136.573000,0
20140812 123400,136.572000,136.583000,136.572000,136.581000,0
20140812 123500,136.582000,136.590000,136.578000,136.589000,0
20140812 123600,136.587000,136.610000,136.587000,136.610000,0
20140812 123700,136.609000,136.610000,136.600000,136.603000,0
20140812 123800,136.604000,136.610000,136.602000,136.607000,0
20140812 123900,136.606000,136.614000,136.606000,136.613000,0
20140812 124000,136.615000,136.615000,136.610000,136.612000,0
20140812 124100,136.613000,136.614000,136.610000,136.612000,0
20140812 124200,136.611000,136.617000,136.611000,136.617000,0
20140812 124300,136.618000,136.618000,136.610000,136.617000,0
20140812 124400,136.618000,136.622000,136.614000,136.617000,0
20140812 124500,136.616000,136.616000,136.600000,136.602000,0
20140812 124600,136.603000,136.616000,136.603000,136.615000,0
20140812 124700,136.616000,136.619000,136.612000,136.612000,0
20140812 124800,136.613000,136.614000,136.610000,136.612000,0
20140812 124900,136.611000,136.612000,136.608000,136.609000,0
20140812 125000,136.607000,136.608000,136.591000,136.594000,0
20140812 125100,136.595000,136.597000,136.594000,136.597000,0
20140812 125200,136.598000,136.602000,136.598000,136.602000,0
20140812 125300,136.601000,136.601000,136.594000,136.594000,0
20140812 125400,136.593000,136.596000,136.591000,136.596000,0
20140812 125500,136.595000,136.607000,136.595000,136.607000,0
20140812 125600,136.606000,136.606000,136.588000,136.591000,0
20140812 125700,136.589000,136.592000,136.586000,136.591000,0
20140812 125800,136.592000,136.593000,136.590000,136.590000,0
20140812 125900,136.593000,136.603000,136.591000,136.595000,0
20140812 130000,136.594000,136.600000,136.589000,136.598000,0
20140812 130100,136.597000,136.603000,136.595000,136.597000,0
20140812 130200,136.596000,136.597000,136.573000,136.574000,0
20140812 130300,136.575000,136.576000,136.574000,136.575000,0
20140812 130400,136.576000,136.578000,136.573000,136.577000,0
20140812 130500,136.578000,136.578000,136.563000,136.563000,0
20140812 130600,136.568000,136.586000,136.568000,136.581000,0
20140812 130700,136.580000,136.586000,136.579000,136.581000,0
20140812 130800,136.580000,136.589000,136.573000,136.589000,0
20140812 130900,136.590000,136.592000,136.590000,136.592000,0
20140812 131000,136.590000,136.593000,136.586000,136.587000,0
20140812 131100,136.588000,136.592000,136.587000,136.588000,0
20140812 131200,136.589000,136.598000,136.588000,136.595000,0
20140812 131300,136.594000,136.597000,136.587000,136.588000,0
20140812 131400,136.587000,136.593000,136.584000,136.591000,0
20140812 131500,136.590000,136.591000,136.588000,136.590000,0
20140812 131600,136.591000,136.602000,136.590000,136.593000,0
20140812 131700,136.592000,136.592000,136.589000,136.589000,0
20140812 131800,136.590000,136.599000,136.590000,136.597000,0
20140812 131900,136.601000,136.613000,136.595000,136.613000,0
20140812 132000,136.612000,136.624000,136.612000,136.616000,0
20140812 132100,136.617000,136.621000,136.615000,136.621000,0
20140812 132200,136.622000,136.636000,136.622000,136.634000,0
20140812 132300,136.633000,136.633000,136.619000,136.619000,0
20140812 132400,136.618000,136.618000,136.602000,136.602000,0
20140812 132500,136.603000,136.616000,136.603000,136.608000,0
20140812 132600,136.607000,136.616000,136.607000,136.616000,0
20140812 132700,136.617000,136.627000,136.616000,136.625000,0
20140812 132800,136.626000,136.626000,136.620000,136.624000,0
20140812 132900,136.622000,136.649000,136.622000,136.643000,0
20140812 133000,136.642000,136.643000,136.633000,136.634000,0
20140812 133100,136.635000,136.637000,136.627000,136.628000,0
20140812 133200,136.629000,136.629000,136.616000,136.619000,0
20140812 133300,136.620000,136.623000,136.616000,136.616000,0
20140812 133400,136.617000,136.621000,136.612000,136.612000,0
20140812 133500,136.613000,136.617000,136.612000,136.617000,0
20140812 133600,136.618000,136.632000,136.618000,136.631000,0
20140812 133700,136.633000,136.640000,136.626000,136.631000,0
20140812 133800,136.633000,136.634000,136.626000,136.631000,0
20140812 133900,136.632000,136.645000,136.632000,136.644000,0
20140812 134000,136.645000,136.648000,136.643000,136.648000,0
20140812 134100,136.649000,136.649000,136.642000,136.643000,0
20140812 134200,136.644000,136.645000,136.642000,136.645000,0
20140812 134300,136.646000,136.648000,136.635000,136.640000,0
20140812 134400,136.641000,136.641000,136.633000,136.638000,0
20140812 134500,136.637000,136.640000,136.635000,136.637000,0
20140812 134600,136.636000,136.637000,136.632000,136.632000,0
20140812 134700,136.631000,136.635000,136.631000,136.633000,0
20140812 134800,136.632000,136.640000,136.632000,136.632000,0
20140812 134900,136.633000,136.633000,136.626000,136.631000,0
20140812 135000,136.630000,136.632000,136.625000,136.627000,0
20140812 135100,136.625000,136.625000,136.619000,136.625000,0
20140812 135200,136.624000,136.639000,136.624000,136.639000,0
20140812 135300,136.638000,136.639000,136.633000,136.635000,0
20140812 135400,136.636000,136.636000,136.634000,136.634000,0
20140812 135500,136.635000,136.635000,136.631000,136.632000,0
20140812 135600,136.633000,136.634000,136.621000,136.621000,0
20140812 135700,136.622000,136.629000,136.621000,136.626000,0
20140812 135800,136.627000,136.648000,136.625000,136.648000,0
20140812 135900,136.647000,136.658000,136.637000,136.656000,0
20140812 140000,136.657000,136.662000,136.651000,136.653000,0
20140812 140100,136.652000,136.652000,136.631000,136.632000,0
20140812 140200,136.631000,136.638000,136.620000,136.634000,0
20140812 140300,136.633000,136.647000,136.631000,136.643000,0
20140812 140400,136.646000,136.646000,136.632000,136.633000,0
20140812 140500,136.632000,136.650000,136.632000,136.646000,0
20140812 140600,136.647000,136.650000,136.626000,136.631000,0
20140812 140700,136.630000,136.640000,136.629000,136.639000,0
20140812 140800,136.640000,136.640000,136.629000,136.629000,0
20140812 140900,136.630000,136.632000,136.623000,136.628000,0
20140812 141000,136.627000,136.627000,136.618000,136.621000,0
20140812 141100,136.620000,136.622000,136.603000,136.603000,0
20140812 141200,136.604000,136.612000,136.602000,136.612000,0
20140812 141300,136.614000,136.614000,136.604000,136.609000,0
20140812 141400,136.607000,136.611000,136.605000,136.611000,0
20140812 141500,136.612000,136.630000,136.611000,136.626000,0
20140812 141600,136.625000,136.629000,136.618000,136.627000,0
20140812 141700,136.628000,136.629000,136.626000,136.626000,0
20140812 141800,136.627000,136.628000,136.622000,136.622000,0
20140812 141900,136.621000,136.625000,136.614000,136.623000,0
20140812 142000,136.622000,136.639000,136.622000,136.637000,0
20140812 142100,136.636000,136.642000,136.633000,136.640000,0
20140812 142200,136.641000,136.642000,136.636000,136.636000,0
20140812 142300,136.638000,136.640000,136.635000,136.640000,0
20140812 142400,136.641000,136.641000,136.635000,136.636000,0
20140812 142500,136.635000,136.646000,136.635000,136.643000,0
20140812 142600,136.641000,136.643000,136.639000,136.643000,0
20140812 142700,136.644000,136.669000,136.644000,136.652000,0
20140812 142800,136.655000,136.656000,136.629000,136.631000,0
20140812 142900,136.629000,136.637000,136.626000,136.634000,0
20140812 143000,136.632000,136.632000,136.623000,136.631000,0
20140812 143100,136.630000,136.634000,136.623000,136.624000,0
20140812 143200,136.623000,136.631000,136.619000,136.631000,0
20140812 143300,136.632000,136.634000,136.626000,136.634000,0
20140812 143400,136.632000,136.635000,136.625000,136.631000,0
20140812 143500,136.628000,136.628000,136.624000,136.624000,0
20140812 143600,136.623000,136.625000,136.621000,136.624000,0
20140812 143700,136.625000,136.628000,136.616000,136.628000,0
20140812 143800,136.627000,136.628000,136.626000,136.628000,0
20140812 143900,136.629000,136.651000,136.628000,136.644000,0
20140812 144000,136.645000,136.646000,136.644000,136.646000,0
20140812 144100,136.645000,136.645000,136.633000,136.634000,0
20140812 144200,136.633000,136.637000,136.628000,136.637000,0
20140812 144300,136.636000,136.655000,136.636000,136.655000,0
20140812 144400,136.656000,136.664000,136.654000,136.658000,0
20140812 144500,136.657000,136.659000,136.656000,136.657000,0
20140812 144600,136.658000,136.660000,136.654000,136.655000,0
20140812 144700,136.656000,136.656000,136.646000,136.648000,0
20140812 144800,136.647000,136.648000,136.642000,136.647000,0
20140812 144900,136.649000,136.650000,136.643000,136.643000,0
20140812 145000,136.644000,136.650000,136.643000,136.647000,0
20140812 145100,136.648000,136.649000,136.640000,136.645000,0
20140812 145200,136.643000,136.646000,136.634000,136.637000,0
20140812 145300,136.638000,136.644000,136.638000,136.640000,0
20140812 145400,136.643000,136.648000,136.641000,136.645000,0
20140812 145500,136.649000,136.650000,136.645000,136.646000,0
20140812 145600,136.647000,136.647000,136.645000,136.645000,0
20140812 145700,136.646000,136.646000,136.643000,136.645000,0
20140812 145800,136.646000,136.646000,136.629000,136.632000,0
20140812 145900,136.630000,136.630000,136.608000,136.611000,0
20140812 150000,136.612000,136.624000,136.612000,136.623000,0
20140812 150100,136.622000,136.624000,136.621000,136.624000,0
20140812 150200,136.623000,136.623000,136.620000,136.622000,0
20140812 150300,136.620000,136.622000,136.620000,136.622000,0
20140812 150400,136.625000,136.632000,136.625000,136.630000,0
20140812 150500,136.631000,136.633000,136.629000,136.633000,0
20140812 150600,136.635000,136.636000,136.635000,136.636000,0
20140812 150700,136.635000,136.644000,136.633000,136.644000,0
20140812 150800,136.645000,136.650000,136.645000,136.648000,0
20140812 150900,136.647000,136.648000,136.645000,136.647000,0
20140812 151000,136.646000,136.647000,136.637000,136.638000,0
20140812 151100,136.637000,136.646000,136.637000,136.646000,0
20140812 151200,136.645000,136.648000,136.644000,136.644000,0
20140812 151300,136.645000,136.646000,136.644000,136.645000,0
20140812 151400,136.644000,136.645000,136.644000,136.644000,0
20140812 151500,136.645000,136.646000,136.638000,136.638000,0
20140812 151600,136.640000,136.644000,136.640000,136.642000,0
20140812 151700,136.641000,136.644000,136.637000,136.640000,0
20140812 151800,136.641000,136.644000,136.636000,136.636000,0
20140812 151900,136.637000,136.639000,136.632000,136.638000,0
20140812 152000,136.639000,136.640000,136.634000,136.640000,0
20140812 152100,136.639000,136.640000,136.635000,136.636000,0
20140812 152200,136.635000,136.639000,136.632000,136.639000,0
20140812 152300,136.638000,136.642000,136.638000,136.641000,0
20140812 152400,136.640000,136.644000,136.639000,136.644000,0
20140812 152500,136.645000,136.651000,136.645000,136.649000,0
20140812 152600,136.648000,136.649000,136.641000,136.642000,0
20140812 152700,136.641000,136.643000,136.638000,136.642000,0
20140812 152800,136.643000,136.644000,136.635000,136.635000,0
20140812 152900,136.636000,136.641000,136.636000,136.640000,0
20140812 153000,136.638000,136.649000,136.636000,136.649000,0
20140812 153100,136.648000,136.657000,136.648000,136.656000,0
20140812 153200,136.655000,136.662000,136.655000,136.658000,0
20140812 153300,136.657000,136.657000,136.648000,136.648000,0
20140812 153400,136.647000,136.651000,136.646000,136.646000,0
20140812 153500,136.647000,136.653000,136.647000,136.653000,0
20140812 153600,136.654000,136.654000,136.651000,136.653000,0
20140812 153700,136.652000,136.667000,136.652000,136.661000,0
20140812 153800,136.660000,136.661000,136.658000,136.658000,0
20140812 153900,136.659000,136.660000,136.657000,136.660000,0
20140812 154000,136.659000,136.669000,136.659000,136.668000,0
20140812 154100,136.669000,136.669000,136.664000,136.666000,0
20140812 154200,136.665000,136.665000,136.657000,136.658000,0
20140812 154300,136.659000,136.660000,136.651000,136.651000,0
20140812 154400,136.650000,136.651000,136.641000,136.643000,0
20140812 154500,136.644000,136.647000,136.644000,136.646000,0
20140812 154600,136.647000,136.650000,136.647000,136.648000,0
20140812 154700,136.649000,136.649000,136.644000,136.647000,0
20140812 154800,136.645000,136.647000,136.643000,136.644000,0
20140812 154900,136.643000,136.645000,136.640000,136.640000,0
20140812 155000,136.639000,136.640000,136.635000,136.640000,0
20140812 155100,136.639000,136.639000,136.638000,136.639000,0
20140812 155200,136.638000,136.641000,136.636000,136.641000,0
20140812 155300,136.642000,136.642000,136.639000,136.639000,0
20140812 155400,136.638000,136.639000,136.636000,136.636000,0
20140812 155500,136.637000,136.646000,136.637000,136.638000,0
20140812 155600,136.639000,136.639000,136.635000,136.636000,0
20140812 155700,136.637000,136.643000,136.636000,136.643000,0
20140812 155800,136.644000,136.644000,136.642000,136.642000,0
20140812 155900,136.641000,136.645000,136.628000,136.632000,0
20140812 160000,136.631000,136.647000,136.630000,136.644000,0
20140812 160100,136.645000,136.646000,136.640000,136.641000,0
20140812 160200,136.642000,136.650000,136.641000,136.649000,0
20140812 160300,136.648000,136.650000,136.647000,136.649000,0
20140812 160400,136.650000,136.650000,136.649000,136.649000,0
20140812 160500,136.648000,136.648000,136.644000,136.644000,0
20140812 160600,136.645000,136.645000,136.643000,136.643000,0
20140812 160700,136.642000,136.643000,136.641000,136.643000,0
20140812 160800,136.644000,136.647000,136.643000,136.646000,0
20140812 160900,136.645000,136.650000,136.644000,136.649000,0
20140812 161000,136.648000,136.651000,136.648000,136.650000,0
20140812 161100,136.649000,136.650000,136.648000,136.649000,0
20140812 161200,136.648000,136.649000,136.643000,136.643000,0
20140812 161300,136.642000,136.646000,136.642000,136.645000,0
20140812 161400,136.646000,136.650000,136.646000,136.649000,0
20140812 161500,136.648000,136.649000,136.645000,136.646000,0
20140812 161600,136.645000,136.646000,136.635000,136.635000,0
20140812 161700,136.636000,136.639000,136.634000,136.634000,0
20140812 161800,136.635000,136.635000,136.634000,136.635000,0
20140812 161900,136.636000,136.643000,136.636000,136.643000,0
20140812 162000,136.644000,136.644000,136.643000,136.643000,0
20140812 162100,136.641000,136.644000,136.639000,136.643000,0
20140812 162200,136.642000,136.645000,136.642000,136.645000,0
20140812 162300,136.646000,136.646000,136.640000,136.642000,0
20140812 162400,136.644000,136.649000,136.644000,136.649000,0
20140812 162500,136.650000,136.651000,136.650000,136.650000,0
20140812 162600,136.649000,136.650000,136.645000,136.645000,0
20140812 162700,136.646000,136.646000,136.645000,136.646000,0
20140812 162800,136.645000,136.647000,136.644000,136.647000,0
20140812 162900,136.646000,136.647000,136.643000,136.647000,0
20140812 163000,136.648000,136.648000,136.643000,136.643000,0
20140812 163100,136.642000,136.642000,136.640000,136.642000,0
20140812 163200,136.643000,136.643000,136.642000,136.643000,0
20140812 163300,136.642000,136.643000,136.640000,136.643000,0
20140812 163400,136.644000,136.644000,136.642000,136.643000,0
20140812 163500,136.644000,136.645000,136.643000,136.644000,0
20140812 163600,136.643000,136.647000,136.643000,136.646000,0
20140812 163700,136.647000,136.652000,136.646000,136.651000,0
20140812 163800,136.653000,136.657000,136.653000,136.657000,0
20140812 163900,136.656000,136.656000,136.655000,136.655000,0
20140812 164000,136.654000,136.661000,136.654000,136.658000,0
20140812 164100,136.657000,136.660000,136.657000,136.658000,0
20140812 164200,136.659000,136.661000,136.659000,136.660000,0
20140812 164300,136.661000,136.662000,136.660000,136.660000,0
20140812 164400,136.661000,136.664000,136.661000,136.662000,0
20140812 164500,136.663000,136.666000,136.661000,136.663000,0
20140812 164600,136.662000,136.663000,136.662000,136.663000,0
20140812 164700,136.662000,136.664000,136.662000,136.664000,0
20140812 164800,136.665000,136.667000,136.664000,136.666000,0
20140812 164900,136.667000,136.668000,136.665000,136.667000,0
20140812 165000,136.666000,136.666000,136.665000,136.665000,0
20140812 165100,136.666000,136.666000,136.661000,136.663000,0
20140812 165200,136.665000,136.666000,136.662000,136.663000,0
20140812 165300,136.662000,136.665000,136.658000,136.665000,0
20140812 165400,136.663000,136.666000,136.660000,136.662000,0
20140812 165500,136.663000,136.675000,136.662000,136.672000,0
20140812 165600,136.671000,136.678000,136.668000,136.678000,0
20140812 165700,136.677000,136.685000,136.676000,136.680000,0
20140812 165800,136.681000,136.690000,136.678000,136.687000,0
20140812 165900,136.689000,136.710000,136.688000,136.710000,0
20140812 170000,136.711000,136.711000,136.690000,136.693000,0
20140812 170100,136.688000,136.688000,136.676000,136.676000,0
20140812 170200,136.677000,136.692000,136.677000,136.691000,0
20140812 170300,136.690000,136.693000,136.683000,136.685000,0
20140812 170400,136.684000,136.685000,136.682000,136.685000,0
20140812 170500,136.686000,136.689000,136.685000,136.685000,0
20140812 170700,136.684000,136.691000,136.684000,136.691000,0
20140812 170800,136.692000,136.693000,136.691000,136.693000,0
20140812 170900,136.695000,136.702000,136.692000,136.701000,0
20140812 171000,136.699000,136.699000,136.696000,136.696000,0
20140812 171100,136.695000,136.699000,136.695000,136.698000,0
20140812 171200,136.697000,136.698000,136.694000,136.697000,0
20140812 171300,136.692000,136.695000,136.680000,136.681000,0
20140812 171400,136.680000,136.686000,136.680000,136.684000,0
20140812 171500,136.683000,136.683000,136.675000,136.675000,0
20140812 171600,136.676000,136.683000,136.676000,136.682000,0
20140812 171700,136.683000,136.690000,136.681000,136.688000,0
20140812 171800,136.687000,136.690000,136.686000,136.690000,0
20140812 171900,136.694000,136.697000,136.694000,136.695000,0
20140812 172000,136.696000,136.696000,136.694000,136.695000,0
20140812 172100,136.694000,136.696000,136.693000,136.696000,0
20140812 172200,136.695000,136.696000,136.695000,136.695000,0
20140812 172300,136.696000,136.696000,136.696000,136.696000,0
20140812 172400,136.695000,136.703000,136.695000,136.700000,0
20140812 172500,136.699000,136.699000,136.698000,136.699000,0
20140812 172600,136.700000,136.700000,136.698000,136.698000,0
20140812 172700,136.697000,136.698000,136.696000,136.698000,0
20140812 172800,136.696000,136.696000,136.695000,136.695000,0
20140812 172900,136.694000,136.694000,136.694000,136.694000,0
20140812 173000,136.695000,136.699000,136.695000,136.695000,0
20140812 173100,136.696000,136.696000,136.695000,136.695000,0
20140812 173200,136.698000,136.698000,136.694000,136.694000,0
20140812 173300,136.693000,136.693000,136.687000,136.687000,0
20140812 173400,136.684000,136.684000,136.679000,136.679000,0
20140812 173500,136.680000,136.681000,136.680000,136.680000,0
20140812 173600,136.681000,136.684000,136.681000,136.684000,0
20140812 173700,136.683000,136.684000,136.682000,136.684000,0
20140812 173800,136.683000,136.683000,136.681000,136.682000,0
20140812 173900,136.683000,136.684000,136.682000,136.684000,0
20140812 174000,136.685000,136.685000,136.685000,136.685000,0
20140812 174100,136.686000,136.687000,136.686000,136.687000,0
20140812 174200,136.686000,136.688000,136.686000,136.686000,0
20140812 174300,136.687000,136.689000,136.686000,136.689000,0
20140812 174400,136.688000,136.690000,136.685000,136.685000,0
20140812 174500,136.683000,136.687000,136.683000,136.685000,0
20140812 174600,136.684000,136.687000,136.684000,136.686000,0
20140812 174700,136.687000,136.687000,136.682000,136.685000,0
20140812 174800,136.686000,136.686000,136.683000,136.684000,0
20140812 174900,136.685000,136.685000,136.684000,136.685000,0
20140812 175000,136.684000,136.686000,136.683000,136.685000,0
20140812 175100,136.686000,136.686000,136.685000,136.685000,0
20140812 175200,136.684000,136.685000,136.683000,136.683000,0
20140812 175300,136.684000,136.685000,136.683000,136.683000,0
20140812 175400,136.682000,136.684000,136.682000,136.683000,0
20140812 175500,136.684000,136.686000,136.683000,136.683000,0
20140812 175600,136.684000,136.684000,136.679000,136.680000,0
20140812 175700,136.681000,136.692000,136.680000,136.683000,0
20140812 175800,136.684000,136.685000,136.677000,136.677000,0
20140812 175900,136.679000,136.680000,136.678000,136.678000,0
20140812 180000,136.680000,136.685000,136.678000,136.682000,0
20140812 180100,136.681000,136.684000,136.681000,136.682000,0
20140812 180200,136.683000,136.686000,136.680000,136.682000,0
20140812 180300,136.683000,136.684000,136.681000,136.682000,0
20140812 180400,136.681000,136.681000,136.680000,136.681000,0
20140812 180500,136.680000,136.684000,136.679000,136.680000,0
20140812 180600,136.682000,136.682000,136.678000,136.678000,0
20140812 180700,136.677000,136.678000,136.677000,136.678000,0
20140812 180800,136.677000,136.677000,136.676000,136.676000,0
20140812 180900,136.675000,136.695000,136.675000,136.695000,0
20140812 181000,136.692000,136.697000,136.689000,136.692000,0
20140812 181100,136.694000,136.695000,136.693000,136.693000,0
20140812 181200,136.694000,136.700000,136.694000,136.700000,0
20140812 181300,136.701000,136.705000,136.698000,136.704000,0
20140812 181400,136.705000,136.705000,136.702000,136.702000,0
20140812 181500,136.703000,136.705000,136.703000,136.703000,0
20140812 181600,136.704000,136.713000,136.704000,136.713000,0
20140812 181700,136.714000,136.714000,136.710000,136.712000,0
20140812 181800,136.711000,136.714000,136.711000,136.713000,0
20140812 181900,136.712000,136.716000,136.712000,136.715000,0
20140812 182000,136.714000,136.735000,136.713000,136.729000,0
20140812 182100,136.731000,136.746000,136.729000,136.744000,0
20140812 182200,136.745000,136.745000,136.734000,136.736000,0
20140812 182300,136.733000,136.737000,136.733000,136.737000,0
20140812 182400,136.740000,136.744000,136.740000,136.742000,0
20140812 182500,136.740000,136.751000,136.739000,136.746000,0
20140812 182600,136.745000,136.746000,136.744000,136.744000,0
20140812 182700,136.746000,136.749000,136.743000,136.743000,0
20140812 182800,136.745000,136.745000,136.741000,136.741000,0
20140812 182900,136.740000,136.741000,136.734000,136.736000,0
20140812 183000,136.738000,136.741000,136.736000,136.736000,0
20140812 183100,136.734000,136.739000,136.731000,136.734000,0
20140812 183200,136.732000,136.736000,136.732000,136.736000,0
20140812 183300,136.735000,136.736000,136.733000,136.734000,0
20140812 183400,136.732000,136.732000,136.729000,136.729000,0
20140812 183500,136.730000,136.731000,136.726000,136.726000,0
20140812 183600,136.728000,136.730000,136.728000,136.730000,0
20140812 183700,136.728000,136.728000,136.725000,136.725000,0
20140812 183800,136.726000,136.728000,136.720000,136.724000,0
20140812 183900,136.723000,136.728000,136.723000,136.728000,0
20140812 184000,136.727000,136.728000,136.724000,136.725000,0
20140812 184100,136.724000,136.725000,136.719000,136.719000,0
20140812 184200,136.720000,136.721000,136.720000,136.720000,0
20140812 184300,136.721000,136.723000,136.719000,136.723000,0
20140812 184400,136.722000,136.722000,136.720000,136.722000,0
20140812 184500,136.721000,136.726000,136.721000,136.725000,0
20140812 184600,136.723000,136.725000,136.722000,136.724000,0
20140812 184700,136.733000,136.733000,136.724000,136.724000,0
20140812 184800,136.723000,136.724000,136.723000,136.724000,0
20140812 184900,136.725000,136.725000,136.723000,136.723000,0
20140812 185000,136.722000,136.723000,136.722000,136.723000,0
20140812 185100,136.724000,136.724000,136.721000,136.721000,0
20140812 185200,136.722000,136.725000,136.722000,136.724000,0
20140812 185300,136.723000,136.728000,136.722000,136.727000,0
20140812 185400,136.728000,136.728000,136.726000,136.726000,0
20140812 185500,136.725000,136.726000,136.725000,136.726000,0
20140812 185600,136.727000,136.727000,136.725000,136.725000,0
20140812 185700,136.724000,136.725000,136.717000,136.718000,0
20140812 185800,136.719000,136.723000,136.719000,136.722000,0
20140812 185900,136.723000,136.723000,136.716000,136.716000,0
20140812 190000,136.714000,136.716000,136.714000,136.714000,0
20140812 190100,136.715000,136.718000,136.714000,136.717000,0
20140812 190200,136.716000,136.720000,136.716000,136.720000,0
20140812 190300,136.721000,136.721000,136.719000,136.719000,0
20140812 190400,136.725000,136.725000,136.720000,136.721000,0
20140812 190500,136.720000,136.721000,136.717000,136.720000,0
20140812 190600,136.719000,136.719000,136.718000,136.718000,0
20140812 190700,136.719000,136.719000,136.717000,136.717000,0
20140812 190800,136.718000,136.720000,136.718000,136.720000,0
20140812 190900,136.719000,136.719000,136.719000,136.719000,0
20140812 191000,136.722000,136.722000,136.719000,136.721000,0
20140812 191100,136.720000,136.720000,136.720000,136.720000,0
20140812 191200,136.723000,136.723000,136.722000,136.722000,0
20140812 191300,136.725000,136.726000,136.725000,136.726000,0
20140812 191400,136.725000,136.731000,136.725000,136.731000,0
20140812 191500,136.734000,136.736000,136.734000,136.734000,0
20140812 191600,136.732000,136.735000,136.732000,136.733000,0
20140812 191700,136.732000,136.732000,136.731000,136.731000,0
20140812 191800,136.735000,136.743000,136.735000,136.743000,0
20140812 191900,136.744000,136.744000,136.744000,136.744000,0
20140812 192000,136.743000,136.745000,136.742000,136.743000,0
20140812 192100,136.741000,136.746000,136.741000,136.746000,0
20140812 192200,136.745000,136.746000,136.745000,136.745000,0
20140812 192300,136.744000,136.745000,136.743000,136.745000,0
20140812 192400,136.746000,136.748000,136.746000,136.747000,0
20140812 192500,136.746000,136.746000,136.746000,136.746000,0
20140812 192600,136.745000,136.746000,136.743000,136.745000,0
20140812 192700,136.746000,136.749000,136.742000,136.742000,0
20140812 192800,136.741000,136.741000,136.736000,136.736000,0
20140812 192900,136.735000,136.735000,136.724000,136.725000,0
20140812 193000,136.726000,136.729000,136.724000,136.725000,0
20140812 193100,136.724000,136.725000,136.723000,136.724000,0
20140812 193200,136.723000,136.723000,136.720000,136.720000,0
20140812 193300,136.722000,136.724000,136.722000,136.723000,0
20140812 193400,136.724000,136.724000,136.724000,136.724000,0
20140812 193500,136.722000,136.728000,136.722000,136.728000,0
20140812 193600,136.729000,136.730000,136.728000,136.728000,0
20140812 193700,136.729000,136.731000,136.729000,136.730000,0
20140812 193800,136.731000,136.731000,136.714000,136.715000,0
20140812 193900,136.716000,136.717000,136.716000,136.717000,0
20140812 194000,136.718000,136.722000,136.717000,136.722000,0
20140812 194100,136.723000,136.723000,136.721000,136.721000,0
20140812 194200,136.720000,136.720000,136.720000,136.720000,0
20140812 194300,136.719000,136.719000,136.719000,136.719000,0
20140812 194400,136.720000,136.720000,136.705000,136.705000,0
20140812 194500,136.706000,136.708000,136.702000,136.706000,0
20140812 194600,136.707000,136.713000,136.707000,136.713000,0
20140812 194700,136.714000,136.728000,136.714000,136.728000,0
20140812 194800,136.727000,136.729000,136.727000,136.728000,0
20140812 194900,136.727000,136.736000,136.720000,136.721000,0
20140812 195000,136.708000,136.741000,136.661000,136.737000,0
20140812 195100,136.735000,136.747000,136.730000,136.730000,0
20140812 195200,136.729000,136.729000,136.716000,136.721000,0
20140812 195300,136.719000,136.719000,136.696000,136.699000,0
20140812 195400,136.701000,136.704000,136.692000,136.693000,0
20140812 195500,136.691000,136.693000,136.686000,136.693000,0
20140812 195600,136.692000,136.696000,136.691000,136.696000,0
20140812 195700,136.697000,136.700000,136.696000,136.696000,0
20140812 195800,136.695000,136.695000,136.684000,136.693000,0
20140812 195900,136.694000,136.700000,136.692000,136.692000,0
20140812 200000,136.691000,136.694000,136.673000,136.679000,0
20140812 200100,136.680000,136.682000,136.675000,136.680000,0
20140812 200200,136.683000,136.692000,136.683000,136.690000,0
20140812 200300,136.692000,136.705000,136.692000,136.705000,0
20140812 200400,136.704000,136.712000,136.699000,136.710000,0
20140812 200500,136.709000,136.719000,136.709000,136.715000,0
20140812 200600,136.714000,136.741000,136.707000,136.738000,0
20140812 200700,136.740000,136.748000,136.734000,136.734000,0
20140812 200800,136.733000,136.735000,136.712000,136.713000,0
20140812 200900,136.714000,136.714000,136.712000,136.712000,0
20140812 201000,136.711000,136.719000,136.705000,136.714000,0
20140812 201100,136.713000,136.713000,136.697000,136.697000,0
20140812 201200,136.695000,136.719000,136.695000,136.713000,0
20140812 201300,136.715000,136.726000,136.714000,136.715000,0
20140812 201400,136.716000,136.723000,136.712000,136.714000,0
20140812 201500,136.716000,136.716000,136.709000,136.711000,0
20140812 201600,136.712000,136.722000,136.709000,136.722000,0
20140812 201700,136.724000,136.737000,136.712000,136.714000,0
20140812 201800,136.713000,136.729000,136.713000,136.723000,0
20140812 201900,136.724000,136.725000,136.714000,136.715000,0
20140812 202000,136.717000,136.723000,136.714000,136.718000,0
20140812 202100,136.717000,136.717000,136.693000,136.701000,0
20140812 202200,136.700000,136.712000,136.697000,136.711000,0
20140812 202300,136.712000,136.714000,136.701000,136.701000,0
20140812 202400,136.700000,136.702000,136.695000,136.695000,0
20140812 202500,136.696000,136.704000,136.696000,136.704000,0
20140812 202600,136.703000,136.704000,136.701000,136.701000,0
20140812 202700,136.702000,136.718000,136.701000,136.717000,0
20140812 202800,136.718000,136.720000,136.713000,136.718000,0
20140812 202900,136.719000,136.724000,136.716000,136.716000,0
20140812 203000,136.714000,136.714000,136.687000,136.696000,0
20140812 203100,136.697000,136.710000,136.697000,136.710000,0
20140812 203200,136.709000,136.710000,136.707000,136.707000,0
20140812 203300,136.708000,136.714000,136.706000,136.706000,0
20140812 203400,136.705000,136.706000,136.700000,136.701000,0
20140812 203500,136.700000,136.701000,136.698000,136.698000,0
20140812 203600,136.699000,136.705000,136.698000,136.701000,0
20140812 203700,136.700000,136.701000,136.699000,136.700000,0
20140812 203800,136.699000,136.699000,136.698000,136.698000,0
20140812 203900,136.699000,136.700000,136.699000,136.700000,0
20140812 204000,136.699000,136.704000,136.698000,136.702000,0
20140812 204100,136.701000,136.717000,136.700000,136.707000,0
20140812 204200,136.706000,136.706000,136.691000,136.691000,0
20140812 204300,136.690000,136.691000,136.672000,136.677000,0
20140812 204400,136.676000,136.678000,136.673000,136.677000,0
20140812 204500,136.678000,136.678000,136.664000,136.668000,0
20140812 204600,136.667000,136.670000,136.666000,136.669000,0
20140812 204700,136.668000,136.671000,136.668000,136.671000,0
20140812 204800,136.670000,136.671000,136.663000,136.667000,0
20140812 204900,136.666000,136.667000,136.663000,136.664000,0
20140812 205000,136.661000,136.661000,136.651000,136.651000,0
20140812 205100,136.650000,136.678000,136.650000,136.677000,0
20140812 205200,136.678000,136.678000,136.656000,136.656000,0
20140812 205300,136.655000,136.664000,136.654000,136.661000,0
20140812 205400,136.662000,136.663000,136.650000,136.651000,0
20140812 205500,136.649000,136.649000,136.642000,136.645000,0
20140812 205600,136.644000,136.662000,136.643000,136.655000,0
20140812 205700,136.656000,136.656000,136.633000,136.634000,0
20140812 205800,136.635000,136.635000,136.626000,136.632000,0
20140812 205900,136.631000,136.634000,136.630000,136.632000,0
20140812 210000,136.633000,136.648000,136.633000,136.647000,0
20140812 210100,136.646000,136.655000,136.644000,136.653000,0
20140812 210200,136.654000,136.655000,136.648000,136.655000,0
20140812 210300,136.652000,136.671000,136.650000,136.661000,0
20140812 210400,136.660000,136.663000,136.656000,136.662000,0
20140812 210500,136.661000,136.661000,136.655000,136.656000,0
20140812 210600,136.655000,136.657000,136.653000,136.657000,0
20140812 210700,136.656000,136.656000,136.653000,136.653000,0
20140812 210800,136.654000,136.662000,136.649000,136.650000,0
20140812 210900,136.651000,136.653000,136.651000,136.653000,0
20140812 211000,136.652000,136.657000,136.651000,136.652000,0
20140812 211100,136.653000,136.656000,136.653000,136.656000,0
20140812 211200,136.657000,136.661000,136.657000,136.659000,0
20140812 211300,136.660000,136.660000,136.655000,136.655000,0
20140812 211400,136.654000,136.665000,136.651000,136.665000,0
20140812 211500,136.666000,136.674000,136.654000,136.655000,0
20140812 211600,136.656000,136.659000,136.653000,136.656000,0
20140812 211700,136.659000,136.659000,136.657000,136.657000,0
20140812 211800,136.656000,136.656000,136.650000,136.650000,0
20140812 211900,136.649000,136.650000,136.645000,136.646000,0
20140812 212000,136.647000,136.649000,136.647000,136.649000,0
20140812 212100,136.650000,136.671000,136.650000,136.671000,0
20140812 212200,136.672000,136.672000,136.670000,136.672000,0
20140812 212300,136.673000,136.673000,136.660000,136.661000,0
20140812 212400,136.660000,136.660000,136.657000,136.657000,0
20140812 212500,136.658000,136.662000,136.647000,136.647000,0
20140812 212600,136.646000,136.648000,136.634000,136.638000,0
20140812 212700,136.637000,136.637000,136.628000,136.630000,0
20140812 212800,136.631000,136.638000,136.625000,136.625000,0
20140812 212900,136.626000,136.630000,136.620000,136.622000,0
20140812 213000,136.623000,136.625000,136.616000,136.616000,0
20140812 213100,136.617000,136.617000,136.605000,136.613000,0
20140812 213200,136.614000,136.629000,136.613000,136.624000,0
20140812 213300,136.625000,136.632000,136.622000,136.625000,0
20140812 213400,136.626000,136.626000,136.622000,136.626000,0
20140812 213500,136.624000,136.626000,136.619000,136.619000,0
20140812 213600,136.620000,136.633000,136.620000,136.629000,0
20140812 213700,136.627000,136.639000,136.626000,136.633000,0
20140812 213800,136.634000,136.638000,136.632000,136.637000,0
20140812 213900,136.638000,136.677000,136.638000,136.673000,0
20140812 214000,136.674000,136.677000,136.671000,136.672000,0
20140812 214100,136.670000,136.670000,136.662000,136.668000,0
20140812 214200,136.669000,136.670000,136.666000,136.669000,0
20140812 214300,136.670000,136.670000,136.667000,136.669000,0
20140812 214400,136.670000,136.670000,136.657000,136.657000,0
20140812 214500,136.658000,136.665000,136.657000,136.660000,0
20140812 214600,136.661000,136.662000,136.660000,136.662000,0
20140812 214700,136.661000,136.664000,136.657000,136.663000,0
20140812 214800,136.665000,136.671000,136.665000,136.670000,0
20140812 214900,136.672000,136.674000,136.659000,136.668000,0
20140812 215000,136.669000,136.672000,136.666000,136.670000,0
20140812 215100,136.671000,136.673000,136.668000,136.669000,0
20140812 215200,136.670000,136.672000,136.662000,136.663000,0
20140812 215300,136.662000,136.668000,136.659000,136.666000,0
20140812 215400,136.668000,136.674000,136.667000,136.670000,0
20140812 215500,136.669000,136.669000,136.658000,136.658000,0
20140812 215600,136.659000,136.667000,136.658000,136.666000,0
20140812 215700,136.667000,136.672000,136.667000,136.670000,0
20140812 215800,136.669000,136.672000,136.665000,136.672000,0
20140812 215900,136.673000,136.674000,136.672000,136.673000,0
20140812 220000,136.674000,136.681000,136.670000,136.678000,0
20140812 220100,136.677000,136.682000,136.671000,136.671000,0
20140812 220200,136.668000,136.673000,136.666000,136.668000,0
20140812 220300,136.666000,136.673000,136.660000,136.668000,0
20140812 220400,136.667000,136.670000,136.667000,136.669000,0
20140812 220500,136.668000,136.669000,136.658000,136.659000,0
20140812 220600,136.657000,136.668000,136.655000,136.665000,0
20140812 220700,136.664000,136.671000,136.657000,136.657000,0
20140812 220800,136.656000,136.657000,136.653000,136.653000,0
20140812 220900,136.651000,136.651000,136.626000,136.634000,0
20140812 221000,136.636000,136.639000,136.622000,136.639000,0
20140812 221100,136.638000,136.656000,136.637000,136.653000,0
20140812 221200,136.654000,136.664000,136.651000,136.663000,0
20140812 221300,136.662000,136.665000,136.660000,136.661000,0
20140812 221400,136.659000,136.666000,136.652000,136.666000,0
20140812 221500,136.667000,136.667000,136.664000,136.664000,0
20140812 221600,136.665000,136.665000,136.658000,136.658000,0
20140812 221700,136.659000,136.659000,136.657000,136.659000,0
20140812 221800,136.658000,136.660000,136.657000,136.658000,0
20140812 221900,136.657000,136.659000,136.657000,136.659000,0
20140812 222000,136.661000,136.663000,136.658000,136.658000,0
20140812 222100,136.661000,136.683000,136.661000,136.673000,0
20140812 222200,136.675000,136.677000,136.671000,136.673000,0
20140812 222300,136.674000,136.693000,136.673000,136.684000,0
20140812 222400,136.685000,136.685000,136.671000,136.672000,0
20140812 222500,136.673000,136.674000,136.670000,136.674000,0
20140812 222600,136.675000,136.689000,136.675000,136.684000,0
20140812 222700,136.685000,136.695000,136.684000,136.690000,0
20140812 222800,136.689000,136.689000,136.678000,136.679000,0
20140812 222900,136.680000,136.680000,136.678000,136.678000,0
20140812 223000,136.679000,136.695000,136.679000,136.695000,0
20140812 223100,136.694000,136.704000,136.694000,136.699000,0
20140812 223200,136.700000,136.700000,136.688000,136.695000,0
20140812 223300,136.698000,136.706000,136.698000,136.698000,0
20140812 223400,136.699000,136.701000,136.692000,136.701000,0
20140812 223500,136.702000,136.702000,136.687000,136.693000,0
20140812 223600,136.692000,136.697000,136.685000,136.694000,0
20140812 223700,136.695000,136.695000,136.677000,136.677000,0
20140812 223800,136.676000,136.677000,136.661000,136.671000,0
20140812 223900,136.670000,136.681000,136.669000,136.679000,0
20140812 224000,136.680000,136.682000,136.676000,136.680000,0
20140812 224100,136.681000,136.702000,136.681000,136.700000,0
20140812 224200,136.695000,136.699000,136.686000,136.691000,0
20140812 224300,136.692000,136.692000,136.688000,136.688000,0
20140812 224400,136.689000,136.690000,136.673000,136.681000,0
20140812 224500,136.682000,136.682000,136.680000,136.682000,0
20140812 224600,136.683000,136.683000,136.683000,136.683000,0
20140812 224700,136.684000,136.686000,136.682000,136.685000,0
20140812 224800,136.684000,136.685000,136.684000,136.685000,0
20140812 224900,136.683000,136.685000,136.682000,136.682000,0
20140812 225000,136.681000,136.684000,136.681000,136.683000,0
20140812 225100,136.682000,136.682000,136.681000,136.682000,0
20140812 225200,136.685000,136.686000,136.685000,136.686000,0
20140812 225300,136.685000,136.687000,136.682000,136.683000,0
20140812 225400,136.684000,136.684000,136.677000,136.680000,0
20140812 225500,136.679000,136.680000,136.675000,136.678000,0
20140812 225600,136.679000,136.679000,136.675000,136.676000,0
20140812 225700,136.675000,136.684000,136.675000,136.683000,0
20140812 225800,136.682000,136.685000,136.681000,136.685000,0
20140812 225900,136.686000,136.702000,136.686000,136.702000,0
20140812 230000,136.700000,136.700000,136.687000,136.688000,0
20140812 230100,136.689000,136.689000,136.687000,136.687000,0
20140812 230200,136.688000,136.695000,136.688000,136.695000,0
20140812 230300,136.693000,136.696000,136.692000,136.693000,0
20140812 230400,136.692000,136.693000,136.692000,136.692000,0
20140812 230500,136.693000,136.694000,136.692000,136.693000,0
20140812 230600,136.694000,136.698000,136.692000,136.698000,0
20140812 230700,136.699000,136.699000,136.692000,136.692000,0
20140812 230800,136.690000,136.690000,136.688000,136.689000,0
20140812 230900,136.690000,136.692000,136.690000,136.692000,0
20140812 231000,136.695000,136.699000,136.695000,136.698000,0
20140812 231100,136.699000,136.699000,136.697000,136.697000,0
20140812 231200,136.698000,136.701000,136.698000,136.701000,0
20140812 231300,136.700000,136.702000,136.700000,136.702000,0
20140812 231400,136.701000,136.702000,136.699000,136.699000,0
20140812 231500,136.697000,136.702000,136.691000,136.692000,0
20140812 231600,136.691000,136.691000,136.687000,136.687000,0
20140812 231700,136.686000,136.687000,136.682000,136.687000,0
20140812 231800,136.686000,136.690000,136.686000,136.689000,0
20140812 231900,136.690000,136.691000,136.689000,136.690000,0
20140812 232000,136.691000,136.691000,136.690000,136.690000,0
20140812 232100,136.688000,136.688000,136.687000,136.688000,0
20140812 232200,136.687000,136.689000,136.684000,136.685000,0
20140812 232300,136.686000,136.688000,136.686000,136.688000,0
20140812 232400,136.689000,136.690000,136.687000,136.687000,0
20140812 232500,136.685000,136.686000,136.680000,136.683000,0
20140812 232600,136.682000,136.686000,136.682000,136.686000,0
20140812 232700,136.685000,136.697000,136.684000,136.697000,0
20140812 232800,136.698000,136.698000,136.692000,136.695000,0
20140812 232900,136.696000,136.697000,136.695000,136.697000,0
20140812 233000,136.696000,136.705000,136.696000,136.700000,0
20140812 233100,136.699000,136.701000,136.699000,136.700000,0
20140812 233200,136.701000,136.705000,136.700000,136.702000,0
20140812 233300,136.701000,136.701000,136.691000,136.692000,0
20140812 233400,136.693000,136.697000,136.693000,136.694000,0
20140812 233500,136.697000,136.706000,136.697000,136.702000,0
20140812 233600,136.701000,136.701000,136.698000,136.698000,0
20140812 233700,136.699000,136.702000,136.698000,136.702000,0
20140812 233800,136.701000,136.713000,136.698000,136.709000,0
20140812 233900,136.710000,136.711000,136.707000,136.707000,0
20140812 234000,136.706000,136.709000,136.705000,136.708000,0
20140812 234100,136.707000,136.712000,136.706000,136.712000,0
20140812 234200,136.711000,136.711000,136.708000,136.708000,0
20140812 234300,136.707000,136.715000,136.707000,136.710000,0
20140812 234400,136.712000,136.715000,136.705000,136.705000,0
20140812 234500,136.702000,136.703000,136.697000,136.702000,0
20140812 234600,136.701000,136.705000,136.696000,136.705000,0
20140812 234700,136.707000,136.709000,136.704000,136.706000,0
20140812 234800,136.707000,136.709000,136.706000,136.709000,0
20140812 234900,136.708000,136.709000,136.705000,136.708000,0
20140812 235000,136.706000,136.706000,136.693000,136.693000,0
20140812 235100,136.694000,136.697000,136.693000,136.697000,0
20140812 235200,136.696000,136.696000,136.696000,136.696000,0
20140812 235300,136.697000,136.697000,136.690000,136.692000,0
20140812 235400,136.688000,136.694000,136.679000,136.690000,0
20140812 235500,136.689000,136.694000,136.689000,136.691000,0
20140812 235600,136.692000,136.709000,136.691000,136.702000,0
20140812 235700,136.703000,136.714000,136.703000,136.712000,0
20140812 235800,136.713000,136.726000,136.711000,136.725000,0
20140812 235900,136.724000,136.724000,136.714000,136.722000,0
