20080714 000000,169.390000,169.420000,169.390000,169.390000,0
20080714 000100,169.400000,169.400000,169.370000,169.370000,0
20080714 000200,169.380000,169.400000,169.370000,169.400000,0
20080714 000300,169.430000,169.440000,169.410000,169.420000,0
20080714 000400,169.430000,169.430000,169.410000,169.410000,0
20080714 000500,169.420000,169.420000,169.400000,169.410000,0
20080714 000600,169.400000,169.410000,169.400000,169.400000,0
20080714 000700,169.390000,169.390000,169.380000,169.380000,0
20080714 000800,169.370000,169.380000,169.360000,169.360000,0
20080714 000900,169.370000,169.380000,169.360000,169.370000,0
20080714 001100,169.380000,169.380000,169.370000,169.370000,0
20080714 001200,169.380000,169.390000,169.370000,169.370000,0
20080714 001300,169.380000,169.380000,169.360000,169.380000,0
20080714 001400,169.370000,169.370000,169.340000,169.350000,0
20080714 001500,169.360000,169.380000,169.350000,169.350000,0
20080714 001600,169.340000,169.340000,169.330000,169.340000,0
20080714 001700,169.330000,169.340000,169.320000,169.320000,0
20080714 001800,169.330000,169.330000,169.330000,169.330000,0
20080714 001900,169.310000,169.310000,169.260000,169.280000,0
20080714 002000,169.290000,169.290000,169.270000,169.280000,0
20080714 002100,169.270000,169.280000,169.270000,169.280000,0
20080714 002200,169.290000,169.300000,169.280000,169.300000,0
20080714 002300,169.280000,169.320000,169.270000,169.320000,0
20080714 002400,169.300000,169.310000,169.300000,169.300000,0
20080714 002500,169.290000,169.300000,169.280000,169.290000,0
20080714 002600,169.310000,169.310000,169.300000,169.310000,0
20080714 002700,169.300000,169.310000,169.280000,169.280000,0
20080714 002800,169.290000,169.290000,169.270000,169.280000,0
20080714 002900,169.270000,169.270000,169.270000,169.270000,0
20080714 003000,169.280000,169.280000,169.240000,169.250000,0
20080714 003100,169.260000,169.280000,169.250000,169.280000,0
20080714 003300,169.300000,169.300000,169.250000,169.250000,0
20080714 003400,169.260000,169.270000,169.240000,169.240000,0
20080714 003600,169.260000,169.260000,169.260000,169.260000,0
20080714 003700,169.250000,169.260000,169.220000,169.230000,0
20080714 003800,169.220000,169.230000,169.220000,169.230000,0
20080714 003900,169.220000,169.240000,169.220000,169.240000,0
20080714 004000,169.250000,169.250000,169.230000,169.230000,0
20080714 004100,169.220000,169.230000,169.200000,169.220000,0
20080714 004200,169.210000,169.210000,169.190000,169.200000,0
20080714 004300,169.220000,169.230000,169.210000,169.230000,0
20080714 004400,169.240000,169.250000,169.230000,169.240000,0
20080714 004500,169.230000,169.240000,169.210000,169.210000,0
20080714 004600,169.200000,169.210000,169.160000,169.170000,0
20080714 004700,169.160000,169.170000,169.140000,169.170000,0
20080714 004800,169.180000,169.220000,169.160000,169.220000,0
20080714 004900,169.210000,169.250000,169.210000,169.240000,0
20080714 005000,169.230000,169.230000,169.220000,169.220000,0
20080714 005100,169.230000,169.230000,169.220000,169.230000,0
20080714 005200,169.220000,169.220000,169.210000,169.210000,0
20080714 005300,169.220000,169.220000,169.210000,169.220000,0
20080714 005400,169.230000,169.230000,169.230000,169.230000,0
20080714 005500,169.220000,169.230000,169.210000,169.230000,0
20080714 005600,169.240000,169.260000,169.240000,169.240000,0
20080714 005700,169.230000,169.240000,169.230000,169.240000,0
20080714 005800,169.230000,169.260000,169.230000,169.260000,0
20080714 005900,169.250000,169.260000,169.250000,169.250000,0
20080714 010000,169.260000,169.270000,169.260000,169.260000,0
20080714 010100,169.270000,169.270000,169.270000,169.270000,0
20080714 010200,169.280000,169.280000,169.270000,169.280000,0
20080714 010300,169.270000,169.280000,169.260000,169.260000,0
20080714 010400,169.250000,169.270000,169.250000,169.250000,0
20080714 010600,169.240000,169.260000,169.230000,169.260000,0
20080714 010700,169.250000,169.260000,169.240000,169.240000,0
20080714 010800,169.250000,169.260000,169.230000,169.240000,0
20080714 010900,169.230000,169.250000,169.230000,169.250000,0
20080714 011000,169.240000,169.250000,169.240000,169.250000,0
20080714 011100,169.240000,169.260000,169.240000,169.260000,0
20080714 011200,169.250000,169.260000,169.240000,169.240000,0
20080714 011300,169.250000,169.260000,169.240000,169.240000,0
20080714 011400,169.230000,169.250000,169.230000,169.240000,0
20080714 011500,169.230000,169.260000,169.230000,169.240000,0
20080714 011600,169.230000,169.280000,169.190000,169.260000,0
20080714 011700,169.250000,169.250000,169.240000,169.240000,0
20080714 011800,169.250000,169.250000,169.200000,169.210000,0
20080714 011900,169.200000,169.230000,169.170000,169.220000,0
20080714 012000,169.210000,169.230000,169.160000,169.190000,0
20080714 012100,169.200000,169.220000,169.190000,169.190000,0
20080714 012200,169.180000,169.190000,169.180000,169.180000,0
20080714 012300,169.190000,169.190000,169.110000,169.110000,0
20080714 012400,169.130000,169.150000,169.110000,169.130000,0
20080714 012500,169.140000,169.170000,169.130000,169.170000,0
20080714 012600,169.160000,169.200000,169.160000,169.170000,0
20080714 012700,169.160000,169.180000,169.150000,169.170000,0
20080714 012800,169.190000,169.190000,169.140000,169.140000,0
20080714 012900,169.150000,169.150000,169.050000,169.050000,0
20080714 013000,169.040000,169.090000,169.040000,169.070000,0
20080714 013100,169.080000,169.080000,169.030000,169.050000,0
20080714 013200,169.060000,169.150000,169.060000,169.150000,0
20080714 013300,169.130000,169.180000,169.110000,169.180000,0
20080714 013400,169.190000,169.190000,169.150000,169.170000,0
20080714 013500,169.160000,169.190000,169.150000,169.180000,0
20080714 013600,169.170000,169.180000,169.110000,169.110000,0
20080714 013700,169.120000,169.160000,169.110000,169.150000,0
20080714 013800,169.180000,169.180000,169.130000,169.140000,0
20080714 013900,169.130000,169.190000,169.130000,169.160000,0
20080714 014000,169.180000,169.190000,169.170000,169.180000,0
20080714 014100,169.170000,169.200000,169.140000,169.160000,0
20080714 014200,169.150000,169.160000,169.140000,169.160000,0
20080714 014300,169.150000,169.230000,169.150000,169.230000,0
20080714 014400,169.240000,169.260000,169.220000,169.240000,0
20080714 014500,169.230000,169.250000,169.210000,169.230000,0
20080714 014600,169.220000,169.230000,169.210000,169.210000,0
20080714 014700,169.220000,169.220000,169.210000,169.210000,0
20080714 014800,169.220000,169.220000,169.190000,169.220000,0
20080714 014900,169.210000,169.250000,169.210000,169.240000,0
20080714 015000,169.230000,169.240000,169.220000,169.230000,0
20080714 015100,169.220000,169.240000,169.210000,169.210000,0
20080714 015200,169.220000,169.240000,169.200000,169.210000,0
20080714 015300,169.230000,169.230000,169.200000,169.220000,0
20080714 015400,169.210000,169.230000,169.200000,169.230000,0
20080714 015500,169.220000,169.260000,169.220000,169.260000,0
20080714 015600,169.250000,169.260000,169.240000,169.250000,0
20080714 015700,169.260000,169.260000,169.240000,169.260000,0
20080714 015800,169.250000,169.290000,169.250000,169.280000,0
20080714 015900,169.270000,169.290000,169.250000,169.290000,0
20080714 020000,169.280000,169.280000,169.240000,169.270000,0
20080714 020100,169.280000,169.280000,169.250000,169.270000,0
20080714 020200,169.240000,169.250000,169.190000,169.210000,0
20080714 020300,169.200000,169.210000,169.160000,169.170000,0
20080714 020400,169.180000,169.190000,169.140000,169.190000,0
20080714 020500,169.180000,169.220000,169.180000,169.200000,0
20080714 020600,169.210000,169.220000,169.200000,169.220000,0
20080714 020700,169.230000,169.260000,169.230000,169.260000,0
20080714 020800,169.250000,169.260000,169.240000,169.240000,0
20080714 020900,169.250000,169.260000,169.240000,169.260000,0
20080714 021000,169.270000,169.280000,169.260000,169.270000,0
20080714 021100,169.260000,169.290000,169.260000,169.280000,0
20080714 021200,169.270000,169.270000,169.250000,169.270000,0
20080714 021300,169.260000,169.270000,169.200000,169.200000,0
20080714 021400,169.220000,169.230000,169.200000,169.220000,0
20080714 021500,169.230000,169.230000,169.220000,169.220000,0
20080714 021600,169.230000,169.270000,169.230000,169.270000,0
20080714 021700,169.280000,169.330000,169.270000,169.320000,0
20080714 021800,169.300000,169.310000,169.290000,169.310000,0
20080714 021900,169.300000,169.310000,169.280000,169.310000,0
20080714 022000,169.300000,169.310000,169.300000,169.300000,0
20080714 022100,169.310000,169.320000,169.300000,169.320000,0
20080714 022200,169.330000,169.340000,169.320000,169.320000,0
20080714 022300,169.330000,169.340000,169.320000,169.340000,0
20080714 022400,169.330000,169.350000,169.330000,169.330000,0
20080714 022500,169.340000,169.340000,169.320000,169.330000,0
20080714 022600,169.340000,169.340000,169.310000,169.310000,0
20080714 022800,169.300000,169.310000,169.300000,169.300000,0
20080714 022900,169.310000,169.310000,169.280000,169.290000,0
20080714 023000,169.280000,169.290000,169.250000,169.270000,0
20080714 023100,169.280000,169.310000,169.270000,169.310000,0
20080714 023200,169.320000,169.350000,169.310000,169.350000,0
20080714 023300,169.340000,169.350000,169.330000,169.340000,0
20080714 023400,169.330000,169.440000,169.330000,169.440000,0
20080714 023500,169.450000,169.450000,169.400000,169.410000,0
20080714 023600,169.400000,169.400000,169.310000,169.340000,0
20080714 023700,169.350000,169.450000,169.330000,169.410000,0
20080714 023800,169.400000,169.440000,169.390000,169.390000,0
20080714 023900,169.380000,169.390000,169.360000,169.390000,0
20080714 024000,169.380000,169.390000,169.380000,169.380000,0
20080714 024100,169.390000,169.390000,169.360000,169.380000,0
20080714 024200,169.390000,169.400000,169.390000,169.400000,0
20080714 024300,169.390000,169.400000,169.370000,169.380000,0
20080714 024400,169.360000,169.360000,169.320000,169.340000,0
20080714 024500,169.330000,169.330000,169.310000,169.310000,0
20080714 024600,169.300000,169.340000,169.290000,169.290000,0
20080714 024700,169.300000,169.320000,169.290000,169.320000,0
20080714 024800,169.310000,169.350000,169.310000,169.340000,0
20080714 024900,169.350000,169.380000,169.330000,169.330000,0
20080714 025000,169.340000,169.340000,169.320000,169.320000,0
20080714 025100,169.310000,169.350000,169.310000,169.340000,0
20080714 025200,169.350000,169.350000,169.320000,169.320000,0
20080714 025300,169.330000,169.340000,169.310000,169.310000,0
20080714 025400,169.320000,169.350000,169.320000,169.350000,0
20080714 025500,169.340000,169.340000,169.320000,169.320000,0
20080714 025600,169.330000,169.330000,169.280000,169.280000,0
20080714 025700,169.290000,169.320000,169.290000,169.310000,0
20080714 025800,169.330000,169.330000,169.260000,169.280000,0
20080714 025900,169.290000,169.320000,169.290000,169.310000,0
20080714 030000,169.320000,169.360000,169.300000,169.350000,0
20080714 030100,169.340000,169.360000,169.330000,169.360000,0
20080714 030200,169.370000,169.370000,169.330000,169.340000,0
20080714 030300,169.330000,169.350000,169.270000,169.280000,0
20080714 030400,169.270000,169.280000,169.210000,169.270000,0
20080714 030500,169.280000,169.280000,169.260000,169.280000,0
20080714 030600,169.290000,169.290000,169.280000,169.280000,0
20080714 030700,169.260000,169.260000,169.240000,169.240000,0
20080714 030800,169.230000,169.250000,169.200000,169.200000,0
20080714 030900,169.190000,169.200000,169.150000,169.180000,0
20080714 031000,169.170000,169.240000,169.170000,169.230000,0
20080714 031100,169.240000,169.260000,169.220000,169.260000,0
20080714 031200,169.270000,169.280000,169.260000,169.270000,0
20080714 031300,169.260000,169.290000,169.260000,169.280000,0
20080714 031400,169.290000,169.290000,169.240000,169.240000,0
20080714 031500,169.250000,169.270000,169.200000,169.250000,0
20080714 031600,169.240000,169.310000,169.230000,169.310000,0
20080714 031700,169.320000,169.340000,169.310000,169.320000,0
20080714 031800,169.310000,169.350000,169.310000,169.350000,0
20080714 031900,169.340000,169.360000,169.330000,169.340000,0
20080714 032000,169.350000,169.350000,169.320000,169.330000,0
20080714 032100,169.340000,169.340000,169.290000,169.290000,0
20080714 032200,169.300000,169.310000,169.280000,169.280000,0
20080714 032300,169.290000,169.290000,169.250000,169.280000,0
20080714 032400,169.290000,169.290000,169.250000,169.280000,0
20080714 032500,169.290000,169.320000,169.290000,169.320000,0
20080714 032600,169.340000,169.370000,169.340000,169.370000,0
20080714 032700,169.380000,169.400000,169.370000,169.400000,0
20080714 032800,169.380000,169.380000,169.340000,169.360000,0
20080714 032900,169.370000,169.410000,169.360000,169.390000,0
20080714 033000,169.400000,169.430000,169.390000,169.410000,0
20080714 033100,169.400000,169.430000,169.390000,169.400000,0
20080714 033200,169.410000,169.420000,169.350000,169.360000,0
20080714 033300,169.350000,169.360000,169.330000,169.330000,0
20080714 033400,169.340000,169.350000,169.310000,169.310000,0
20080714 033500,169.320000,169.320000,169.310000,169.310000,0
20080714 033600,169.320000,169.340000,169.300000,169.300000,0
20080714 033700,169.290000,169.350000,169.290000,169.340000,0
20080714 033800,169.350000,169.370000,169.340000,169.350000,0
20080714 033900,169.340000,169.380000,169.340000,169.340000,0
20080714 034000,169.350000,169.380000,169.330000,169.330000,0
20080714 034100,169.340000,169.340000,169.280000,169.300000,0
20080714 034200,169.310000,169.310000,169.280000,169.280000,0
20080714 034300,169.290000,169.290000,169.280000,169.290000,0
20080714 034400,169.300000,169.300000,169.290000,169.290000,0
20080714 034500,169.300000,169.300000,169.280000,169.280000,0
20080714 034600,169.270000,169.300000,169.250000,169.300000,0
20080714 034700,169.290000,169.290000,169.250000,169.280000,0
20080714 034800,169.270000,169.280000,169.270000,169.270000,0
20080714 034900,169.280000,169.330000,169.270000,169.310000,0
20080714 035000,169.320000,169.320000,169.310000,169.310000,0
20080714 035100,169.300000,169.300000,169.270000,169.270000,0
20080714 035200,169.260000,169.260000,169.240000,169.250000,0
20080714 035300,169.260000,169.290000,169.250000,169.290000,0
20080714 035400,169.280000,169.280000,169.240000,169.270000,0
20080714 035500,169.260000,169.260000,169.230000,169.230000,0
20080714 035600,169.240000,169.260000,169.240000,169.250000,0
20080714 035700,169.240000,169.260000,169.240000,169.250000,0
20080714 035800,169.260000,169.260000,169.230000,169.230000,0
20080714 035900,169.240000,169.280000,169.230000,169.280000,0
20080714 040000,169.290000,169.310000,169.270000,169.300000,0
20080714 040100,169.290000,169.320000,169.280000,169.290000,0
20080714 040200,169.300000,169.300000,169.260000,169.280000,0
20080714 040300,169.270000,169.280000,169.220000,169.230000,0
20080714 040400,169.220000,169.240000,169.210000,169.230000,0
20080714 040500,169.220000,169.260000,169.220000,169.250000,0
20080714 040600,169.260000,169.270000,169.240000,169.260000,0
20080714 040700,169.270000,169.270000,169.220000,169.220000,0
20080714 040800,169.230000,169.230000,169.140000,169.150000,0
20080714 040900,169.140000,169.190000,169.130000,169.190000,0
20080714 041000,169.180000,169.190000,169.130000,169.150000,0
20080714 041100,169.160000,169.170000,169.100000,169.140000,0
20080714 041200,169.150000,169.170000,169.110000,169.150000,0
20080714 041300,169.140000,169.180000,169.130000,169.140000,0
20080714 041400,169.130000,169.170000,169.130000,169.160000,0
20080714 041500,169.150000,169.230000,169.150000,169.230000,0
20080714 041600,169.220000,169.250000,169.190000,169.200000,0
20080714 041700,169.190000,169.210000,169.190000,169.210000,0
20080714 041800,169.200000,169.220000,169.200000,169.210000,0
20080714 041900,169.220000,169.220000,169.210000,169.210000,0
20080714 042000,169.220000,169.230000,169.210000,169.210000,0
20080714 042100,169.220000,169.240000,169.210000,169.240000,0
20080714 042200,169.260000,169.270000,169.240000,169.250000,0
20080714 042300,169.240000,169.270000,169.240000,169.270000,0
20080714 042400,169.260000,169.280000,169.260000,169.260000,0
20080714 042500,169.250000,169.290000,169.240000,169.280000,0
20080714 042600,169.270000,169.290000,169.270000,169.270000,0
20080714 042700,169.280000,169.310000,169.270000,169.300000,0
20080714 042800,169.310000,169.340000,169.300000,169.330000,0
20080714 042900,169.320000,169.330000,169.270000,169.280000,0
20080714 043000,169.270000,169.310000,169.250000,169.310000,0
20080714 043100,169.300000,169.360000,169.300000,169.340000,0
20080714 043200,169.350000,169.360000,169.340000,169.350000,0
20080714 043300,169.340000,169.340000,169.290000,169.310000,0
20080714 043400,169.320000,169.350000,169.320000,169.350000,0
20080714 043500,169.340000,169.370000,169.300000,169.310000,0
20080714 043600,169.320000,169.360000,169.320000,169.350000,0
20080714 043700,169.360000,169.360000,169.310000,169.320000,0
20080714 043800,169.330000,169.340000,169.310000,169.330000,0
20080714 043900,169.320000,169.320000,169.310000,169.310000,0
20080714 044000,169.320000,169.330000,169.300000,169.300000,0
20080714 044100,169.290000,169.310000,169.260000,169.310000,0
20080714 044200,169.320000,169.330000,169.310000,169.320000,0
20080714 044300,169.330000,169.350000,169.320000,169.350000,0
20080714 044400,169.340000,169.360000,169.340000,169.360000,0
20080714 044500,169.350000,169.380000,169.350000,169.370000,0
20080714 044600,169.360000,169.370000,169.340000,169.340000,0
20080714 044700,169.330000,169.360000,169.330000,169.340000,0
20080714 044800,169.330000,169.330000,169.320000,169.330000,0
20080714 044900,169.320000,169.320000,169.290000,169.300000,0
20080714 045000,169.290000,169.320000,169.280000,169.290000,0
20080714 045100,169.300000,169.340000,169.300000,169.310000,0
20080714 045200,169.290000,169.340000,169.270000,169.330000,0
20080714 045300,169.320000,169.350000,169.310000,169.350000,0
20080714 045400,169.340000,169.350000,169.340000,169.350000,0
20080714 045500,169.340000,169.350000,169.340000,169.340000,0
20080714 045600,169.330000,169.350000,169.320000,169.340000,0
20080714 045700,169.330000,169.370000,169.330000,169.370000,0
20080714 045800,169.360000,169.380000,169.350000,169.380000,0
20080714 045900,169.370000,169.430000,169.370000,169.380000,0
20080714 050000,169.390000,169.410000,169.380000,169.400000,0
20080714 050100,169.390000,169.390000,169.350000,169.350000,0
20080714 050200,169.340000,169.340000,169.330000,169.340000,0
20080714 050300,169.350000,169.360000,169.310000,169.320000,0
20080714 050400,169.310000,169.320000,169.310000,169.310000,0
20080714 050500,169.300000,169.300000,169.280000,169.280000,0
20080714 050600,169.270000,169.280000,169.270000,169.280000,0
20080714 050700,169.290000,169.340000,169.290000,169.340000,0
20080714 050800,169.350000,169.350000,169.340000,169.340000,0
20080714 050900,169.330000,169.330000,169.290000,169.290000,0
20080714 051000,169.280000,169.280000,169.230000,169.240000,0
20080714 051100,169.230000,169.240000,169.210000,169.210000,0
20080714 051200,169.200000,169.240000,169.200000,169.230000,0
20080714 051300,169.240000,169.260000,169.220000,169.240000,0
20080714 051400,169.250000,169.260000,169.210000,169.210000,0
20080714 051500,169.220000,169.230000,169.150000,169.180000,0
20080714 051600,169.190000,169.230000,169.180000,169.220000,0
20080714 051700,169.210000,169.240000,169.210000,169.220000,0
20080714 051800,169.230000,169.250000,169.210000,169.210000,0
20080714 051900,169.200000,169.210000,169.200000,169.200000,0
20080714 052000,169.210000,169.230000,169.190000,169.210000,0
20080714 052100,169.220000,169.220000,169.190000,169.190000,0
20080714 052200,169.170000,169.170000,169.130000,169.170000,0
20080714 052300,169.180000,169.210000,169.170000,169.210000,0
20080714 052400,169.220000,169.220000,169.200000,169.200000,0
20080714 052500,169.190000,169.190000,169.150000,169.160000,0
20080714 052600,169.150000,169.180000,169.150000,169.180000,0
20080714 052700,169.170000,169.180000,169.150000,169.180000,0
20080714 052800,169.170000,169.190000,169.170000,169.190000,0
20080714 052900,169.180000,169.220000,169.180000,169.220000,0
20080714 053000,169.210000,169.220000,169.180000,169.180000,0
20080714 053100,169.190000,169.190000,169.160000,169.160000,0
20080714 053200,169.170000,169.180000,169.160000,169.170000,0
20080714 053300,169.180000,169.200000,169.180000,169.180000,0
20080714 053400,169.170000,169.220000,169.170000,169.220000,0
20080714 053500,169.210000,169.230000,169.210000,169.220000,0
20080714 053600,169.230000,169.230000,169.210000,169.210000,0
20080714 053700,169.200000,169.230000,169.200000,169.220000,0
20080714 053800,169.230000,169.230000,169.220000,169.220000,0
20080714 053900,169.210000,169.240000,169.210000,169.240000,0
20080714 054100,169.230000,169.230000,169.220000,169.230000,0
20080714 054200,169.220000,169.250000,169.220000,169.250000,0
20080714 054300,169.260000,169.260000,169.230000,169.230000,0
20080714 054400,169.240000,169.250000,169.230000,169.250000,0
20080714 054500,169.240000,169.280000,169.240000,169.280000,0
20080714 054600,169.290000,169.310000,169.290000,169.300000,0
20080714 054700,169.320000,169.320000,169.290000,169.290000,0
20080714 054800,169.300000,169.300000,169.270000,169.280000,0
20080714 054900,169.290000,169.300000,169.280000,169.290000,0
20080714 055000,169.280000,169.290000,169.280000,169.290000,0
20080714 055100,169.280000,169.280000,169.230000,169.230000,0
20080714 055200,169.240000,169.260000,169.230000,169.260000,0
20080714 055300,169.270000,169.280000,169.230000,169.240000,0
20080714 055400,169.250000,169.260000,169.230000,169.240000,0
20080714 055500,169.230000,169.230000,169.190000,169.190000,0
20080714 055600,169.200000,169.200000,169.180000,169.190000,0
20080714 055700,169.200000,169.260000,169.180000,169.230000,0
20080714 055800,169.220000,169.220000,169.210000,169.220000,0
20080714 055900,169.210000,169.240000,169.210000,169.240000,0
20080714 060000,169.230000,169.240000,169.230000,169.230000,0
20080714 060100,169.220000,169.240000,169.210000,169.240000,0
20080714 060200,169.250000,169.270000,169.230000,169.250000,0
20080714 060300,169.260000,169.260000,169.210000,169.230000,0
20080714 060400,169.240000,169.250000,169.230000,169.250000,0
20080714 060500,169.240000,169.240000,169.220000,169.230000,0
20080714 060600,169.240000,169.270000,169.230000,169.260000,0
20080714 060700,169.250000,169.270000,169.240000,169.260000,0
20080714 060800,169.250000,169.290000,169.250000,169.270000,0
20080714 060900,169.280000,169.300000,169.270000,169.280000,0
20080714 061000,169.290000,169.300000,169.230000,169.260000,0
20080714 061100,169.250000,169.260000,169.210000,169.250000,0
20080714 061200,169.260000,169.290000,169.260000,169.280000,0
20080714 061300,169.260000,169.270000,169.250000,169.260000,0
20080714 061400,169.250000,169.270000,169.230000,169.270000,0
20080714 061500,169.280000,169.280000,169.220000,169.220000,0
20080714 061600,169.210000,169.220000,169.210000,169.210000,0
20080714 061700,169.220000,169.230000,169.190000,169.200000,0
20080714 061800,169.210000,169.220000,169.200000,169.200000,0
20080714 061900,169.210000,169.230000,169.200000,169.230000,0
20080714 062000,169.240000,169.270000,169.240000,169.250000,0
20080714 062100,169.260000,169.270000,169.260000,169.270000,0
20080714 062200,169.260000,169.290000,169.240000,169.280000,0
20080714 062300,169.290000,169.310000,169.280000,169.290000,0
20080714 062400,169.280000,169.300000,169.250000,169.260000,0
20080714 062500,169.270000,169.280000,169.270000,169.270000,0
20080714 062600,169.260000,169.280000,169.260000,169.270000,0
20080714 062700,169.250000,169.300000,169.250000,169.280000,0
20080714 062800,169.290000,169.290000,169.260000,169.280000,0
20080714 062900,169.290000,169.310000,169.280000,169.300000,0
20080714 063000,169.290000,169.300000,169.290000,169.300000,0
20080714 063100,169.290000,169.300000,169.290000,169.300000,0
20080714 063200,169.320000,169.320000,169.260000,169.260000,0
20080714 063300,169.270000,169.300000,169.270000,169.300000,0
20080714 063400,169.310000,169.320000,169.300000,169.310000,0
20080714 063500,169.300000,169.320000,169.290000,169.290000,0
20080714 063600,169.300000,169.300000,169.260000,169.260000,0
20080714 063700,169.270000,169.270000,169.250000,169.270000,0
20080714 063800,169.260000,169.270000,169.240000,169.250000,0
20080714 063900,169.240000,169.260000,169.240000,169.260000,0
20080714 064000,169.250000,169.260000,169.200000,169.230000,0
20080714 064100,169.220000,169.230000,169.220000,169.220000,0
20080714 064200,169.210000,169.210000,169.190000,169.190000,0
20080714 064300,169.180000,169.190000,169.140000,169.150000,0
20080714 064400,169.160000,169.180000,169.120000,169.170000,0
20080714 064500,169.160000,169.160000,169.150000,169.150000,0
20080714 064600,169.160000,169.190000,169.160000,169.190000,0
20080714 064700,169.200000,169.200000,169.190000,169.190000,0
20080714 064800,169.200000,169.200000,169.190000,169.190000,0
20080714 064900,169.200000,169.200000,169.190000,169.190000,0
20080714 065000,169.200000,169.210000,169.190000,169.210000,0
20080714 065100,169.220000,169.260000,169.220000,169.260000,0
20080714 065200,169.270000,169.270000,169.210000,169.210000,0
20080714 065300,169.200000,169.240000,169.190000,169.230000,0
20080714 065400,169.220000,169.230000,169.190000,169.190000,0
20080714 065500,169.200000,169.200000,169.200000,169.200000,0
20080714 065600,169.190000,169.190000,169.180000,169.180000,0
20080714 065700,169.190000,169.190000,169.170000,169.170000,0
20080714 065800,169.180000,169.180000,169.170000,169.180000,0
20080714 065900,169.170000,169.180000,169.160000,169.160000,0
20080714 070000,169.150000,169.200000,169.140000,169.180000,0
20080714 070100,169.190000,169.190000,169.160000,169.190000,0
20080714 070200,169.200000,169.210000,169.200000,169.210000,0
20080714 070300,169.200000,169.210000,169.190000,169.210000,0
20080714 070400,169.200000,169.220000,169.200000,169.210000,0
20080714 070500,169.200000,169.200000,169.160000,169.160000,0
20080714 070600,169.150000,169.200000,169.150000,169.190000,0
20080714 070700,169.180000,169.190000,169.170000,169.180000,0
20080714 070800,169.170000,169.200000,169.170000,169.200000,0
20080714 070900,169.210000,169.210000,169.110000,169.130000,0
20080714 071000,169.140000,169.170000,169.140000,169.170000,0
20080714 071100,169.160000,169.180000,169.160000,169.170000,0
20080714 071200,169.180000,169.190000,169.160000,169.170000,0
20080714 071300,169.160000,169.160000,169.140000,169.140000,0
20080714 071400,169.150000,169.160000,169.140000,169.160000,0
20080714 071500,169.170000,169.180000,169.150000,169.160000,0
20080714 071600,169.170000,169.180000,169.140000,169.180000,0
20080714 071700,169.170000,169.180000,169.160000,169.170000,0
20080714 071800,169.180000,169.190000,169.140000,169.140000,0
20080714 071900,169.160000,169.250000,169.160000,169.240000,0
20080714 072000,169.230000,169.240000,169.200000,169.200000,0
20080714 072100,169.190000,169.190000,169.160000,169.160000,0
20080714 072200,169.150000,169.170000,169.150000,169.160000,0
20080714 072300,169.150000,169.170000,169.150000,169.170000,0
20080714 072400,169.160000,169.170000,169.150000,169.150000,0
20080714 072500,169.160000,169.180000,169.150000,169.180000,0
20080714 072600,169.170000,169.200000,169.170000,169.190000,0
20080714 072700,169.180000,169.180000,169.150000,169.160000,0
20080714 072800,169.150000,169.150000,169.130000,169.130000,0
20080714 072900,169.140000,169.140000,169.110000,169.120000,0
20080714 073000,169.110000,169.110000,169.060000,169.090000,0
20080714 073100,169.100000,169.120000,169.100000,169.100000,0
20080714 073200,169.110000,169.130000,169.080000,169.120000,0
20080714 073300,169.110000,169.130000,169.110000,169.130000,0
20080714 073400,169.140000,169.150000,169.130000,169.140000,0
20080714 073500,169.150000,169.150000,169.100000,169.110000,0
20080714 073600,169.100000,169.120000,169.090000,169.110000,0
20080714 073700,169.100000,169.130000,169.090000,169.130000,0
20080714 073800,169.120000,169.140000,169.120000,169.140000,0
20080714 073900,169.130000,169.160000,169.110000,169.110000,0
20080714 074000,169.090000,169.110000,169.090000,169.110000,0
20080714 074100,169.120000,169.130000,169.110000,169.110000,0
20080714 074200,169.100000,169.130000,169.090000,169.100000,0
20080714 074300,169.090000,169.100000,169.080000,169.090000,0
20080714 074400,169.100000,169.100000,169.080000,169.090000,0
20080714 074500,169.100000,169.110000,169.100000,169.100000,0
20080714 074600,169.110000,169.140000,169.100000,169.110000,0
20080714 074700,169.120000,169.160000,169.120000,169.150000,0
20080714 074800,169.160000,169.160000,169.090000,169.090000,0
20080714 074900,169.100000,169.130000,169.090000,169.100000,0
20080714 075000,169.090000,169.160000,169.090000,169.160000,0
20080714 075100,169.150000,169.180000,169.150000,169.150000,0
20080714 075200,169.140000,169.140000,169.140000,169.140000,0
20080714 075300,169.150000,169.170000,169.130000,169.170000,0
20080714 075400,169.160000,169.160000,169.150000,169.150000,0
20080714 075500,169.160000,169.190000,169.150000,169.180000,0
20080714 075600,169.170000,169.170000,169.150000,169.170000,0
20080714 075700,169.160000,169.170000,169.140000,169.140000,0
20080714 075800,169.150000,169.190000,169.150000,169.190000,0
20080714 075900,169.180000,169.230000,169.180000,169.220000,0
20080714 080000,169.210000,169.230000,169.200000,169.230000,0
20080714 080100,169.220000,169.290000,169.220000,169.280000,0
20080714 080200,169.260000,169.310000,169.240000,169.290000,0
20080714 080300,169.280000,169.300000,169.260000,169.270000,0
20080714 080400,169.260000,169.290000,169.260000,169.280000,0
20080714 080500,169.290000,169.300000,169.280000,169.300000,0
20080714 080600,169.290000,169.300000,169.280000,169.290000,0
20080714 080700,169.300000,169.300000,169.290000,169.290000,0
20080714 080800,169.300000,169.320000,169.290000,169.320000,0
20080714 080900,169.290000,169.310000,169.290000,169.290000,0
20080714 081000,169.300000,169.300000,169.270000,169.280000,0
20080714 081100,169.290000,169.290000,169.280000,169.290000,0
20080714 081200,169.300000,169.320000,169.290000,169.310000,0
20080714 081300,169.300000,169.320000,169.290000,169.290000,0
20080714 081400,169.280000,169.280000,169.230000,169.260000,0
20080714 081500,169.250000,169.270000,169.240000,169.250000,0
20080714 081600,169.240000,169.250000,169.220000,169.250000,0
20080714 081700,169.230000,169.240000,169.190000,169.200000,0
20080714 081800,169.210000,169.240000,169.190000,169.190000,0
20080714 081900,169.180000,169.190000,169.160000,169.190000,0
20080714 082000,169.210000,169.210000,169.170000,169.190000,0
20080714 082100,169.180000,169.190000,169.160000,169.160000,0
20080714 082200,169.170000,169.170000,169.110000,169.120000,0
20080714 082300,169.110000,169.120000,169.060000,169.060000,0
20080714 082400,169.070000,169.070000,169.050000,169.060000,0
20080714 082500,169.070000,169.080000,169.050000,169.080000,0
20080714 082600,169.090000,169.090000,169.080000,169.080000,0
20080714 082700,169.090000,169.100000,169.070000,169.080000,0
20080714 082800,169.060000,169.100000,169.060000,169.080000,0
20080714 082900,169.090000,169.090000,169.070000,169.080000,0
20080714 083000,169.090000,169.170000,169.090000,169.140000,0
20080714 083100,169.120000,169.130000,169.080000,169.130000,0
20080714 083200,169.120000,169.120000,169.090000,169.100000,0
20080714 083300,169.110000,169.140000,169.090000,169.120000,0
20080714 083400,169.130000,169.150000,169.130000,169.140000,0
20080714 083500,169.150000,169.160000,169.140000,169.140000,0
20080714 083600,169.120000,169.140000,169.120000,169.130000,0
20080714 083700,169.140000,169.150000,169.140000,169.140000,0
20080714 083800,169.130000,169.140000,169.110000,169.110000,0
20080714 083900,169.100000,169.140000,169.080000,169.140000,0
20080714 084000,169.150000,169.150000,169.120000,169.130000,0
20080714 084100,169.140000,169.140000,169.110000,169.120000,0
20080714 084200,169.130000,169.140000,169.110000,169.130000,0
20080714 084300,169.140000,169.150000,169.120000,169.120000,0
20080714 084400,169.110000,169.130000,169.100000,169.130000,0
20080714 084500,169.140000,169.140000,169.090000,169.110000,0
20080714 084600,169.100000,169.140000,169.100000,169.110000,0
20080714 084700,169.120000,169.120000,169.100000,169.120000,0
20080714 084800,169.110000,169.150000,169.110000,169.130000,0
20080714 084900,169.120000,169.150000,169.110000,169.140000,0
20080714 085000,169.150000,169.160000,169.150000,169.160000,0
20080714 085100,169.140000,169.160000,169.140000,169.150000,0
20080714 085200,169.140000,169.140000,169.120000,169.130000,0
20080714 085300,169.120000,169.130000,169.100000,169.130000,0
20080714 085400,169.120000,169.130000,169.080000,169.080000,0
20080714 085500,169.090000,169.110000,169.090000,169.110000,0
20080714 085600,169.100000,169.130000,169.100000,169.100000,0
20080714 085700,169.120000,169.140000,169.100000,169.130000,0
20080714 085800,169.140000,169.140000,169.120000,169.130000,0
20080714 085900,169.140000,169.140000,169.080000,169.110000,0
20080714 090000,169.100000,169.120000,169.080000,169.090000,0
20080714 090100,169.080000,169.090000,169.050000,169.060000,0
20080714 090200,169.070000,169.090000,169.050000,169.050000,0
20080714 090300,169.060000,169.070000,169.040000,169.050000,0
20080714 090400,169.060000,169.070000,169.040000,169.050000,0
20080714 090500,169.040000,169.050000,169.000000,169.000000,0
20080714 090600,168.990000,169.020000,168.990000,169.020000,0
20080714 090700,169.030000,169.030000,169.000000,169.000000,0
20080714 090800,169.010000,169.020000,168.960000,168.970000,0
20080714 090900,168.980000,168.990000,168.960000,168.980000,0
20080714 091000,168.990000,169.010000,168.960000,168.980000,0
20080714 091100,168.990000,169.000000,168.960000,168.980000,0
20080714 091200,168.970000,169.000000,168.950000,168.960000,0
20080714 091300,168.960000,169.000000,168.960000,168.990000,0
20080714 091400,168.980000,169.000000,168.960000,168.970000,0
20080714 091500,168.960000,169.000000,168.960000,169.000000,0
20080714 091600,168.990000,169.000000,168.980000,168.980000,0
20080714 091700,168.980000,169.000000,168.980000,169.000000,0
20080714 091800,169.010000,169.010000,168.970000,168.980000,0
20080714 091900,168.970000,168.980000,168.970000,168.980000,0
20080714 092000,168.960000,168.960000,168.950000,168.950000,0
20080714 092100,168.960000,168.980000,168.960000,168.980000,0
20080714 092200,168.960000,168.970000,168.940000,168.940000,0
20080714 092300,168.930000,168.940000,168.900000,168.910000,0
20080714 092400,168.920000,168.950000,168.920000,168.950000,0
20080714 092500,168.940000,168.970000,168.930000,168.960000,0
20080714 092600,168.950000,168.950000,168.900000,168.910000,0
20080714 092700,168.900000,168.910000,168.890000,168.900000,0
20080714 092800,168.910000,168.950000,168.910000,168.950000,0
20080714 092900,168.940000,168.950000,168.900000,168.900000,0
20080714 093000,168.910000,168.950000,168.910000,168.910000,0
20080714 093100,168.920000,168.940000,168.900000,168.940000,0
20080714 093200,168.920000,168.960000,168.910000,168.950000,0
20080714 093300,168.940000,168.950000,168.920000,168.950000,0
20080714 093400,168.940000,168.960000,168.930000,168.960000,0
20080714 093500,168.950000,168.970000,168.950000,168.960000,0
20080714 093600,168.950000,169.030000,168.950000,168.980000,0
20080714 093700,168.990000,169.010000,168.970000,168.970000,0
20080714 093800,168.980000,168.990000,168.960000,168.980000,0
20080714 093900,168.970000,169.010000,168.970000,168.990000,0
20080714 094000,169.000000,169.000000,168.980000,169.000000,0
20080714 094100,169.010000,169.030000,169.000000,169.010000,0
20080714 094200,168.990000,169.030000,168.970000,169.030000,0
20080714 094300,169.040000,169.050000,168.970000,168.980000,0
20080714 094400,168.970000,168.990000,168.950000,168.950000,0
20080714 094500,168.940000,168.960000,168.920000,168.950000,0
20080714 094600,168.960000,168.970000,168.910000,168.940000,0
20080714 094700,168.950000,168.960000,168.930000,168.940000,0
20080714 094800,168.930000,168.940000,168.890000,168.890000,0
20080714 094900,168.900000,168.910000,168.870000,168.890000,0
20080714 095000,168.880000,168.900000,168.870000,168.890000,0
20080714 095100,168.880000,168.890000,168.860000,168.890000,0
20080714 095200,168.880000,168.900000,168.840000,168.850000,0
20080714 095300,168.860000,168.910000,168.850000,168.890000,0
20080714 095400,168.880000,168.890000,168.850000,168.880000,0
20080714 095500,168.870000,168.900000,168.870000,168.900000,0
20080714 095600,168.890000,168.890000,168.860000,168.860000,0
20080714 095700,168.870000,168.920000,168.850000,168.890000,0
20080714 095800,168.880000,168.950000,168.870000,168.950000,0
20080714 095900,168.940000,169.000000,168.940000,168.980000,0
20080714 100000,168.970000,168.980000,168.930000,168.980000,0
20080714 100100,168.970000,168.990000,168.940000,168.980000,0
20080714 100200,168.970000,168.990000,168.900000,168.920000,0
20080714 100300,168.930000,168.940000,168.900000,168.920000,0
20080714 100400,168.910000,169.070000,168.910000,169.070000,0
20080714 100500,169.060000,169.100000,169.050000,169.090000,0
20080714 100600,169.080000,169.120000,169.070000,169.090000,0
20080714 100700,169.070000,169.110000,169.070000,169.110000,0
20080714 100800,169.100000,169.120000,169.080000,169.080000,0
20080714 100900,169.070000,169.100000,169.060000,169.070000,0
20080714 101000,169.080000,169.080000,169.040000,169.060000,0
20080714 101100,169.050000,169.080000,169.040000,169.040000,0
20080714 101200,169.030000,169.070000,169.030000,169.070000,0
20080714 101300,169.080000,169.090000,169.050000,169.070000,0
20080714 101400,169.060000,169.070000,169.030000,169.070000,0
20080714 101500,169.080000,169.110000,169.060000,169.080000,0
20080714 101600,169.090000,169.100000,169.080000,169.090000,0
20080714 101700,169.080000,169.100000,169.070000,169.080000,0
20080714 101800,169.070000,169.080000,169.050000,169.060000,0
20080714 101900,169.050000,169.110000,169.050000,169.090000,0
20080714 102000,169.080000,169.100000,169.060000,169.080000,0
20080714 102100,169.090000,169.090000,169.050000,169.060000,0
20080714 102200,169.070000,169.070000,169.030000,169.030000,0
20080714 102300,169.040000,169.060000,169.030000,169.040000,0
20080714 102400,169.030000,169.050000,169.010000,169.010000,0
20080714 102500,169.020000,169.020000,169.000000,169.020000,0
20080714 102600,169.010000,169.020000,168.970000,169.010000,0
20080714 102700,169.020000,169.060000,168.990000,169.010000,0
20080714 102800,169.000000,169.020000,168.990000,169.020000,0
20080714 102900,169.030000,169.110000,169.020000,169.100000,0
20080714 103000,169.090000,169.130000,169.070000,169.120000,0
20080714 103100,169.110000,169.140000,169.090000,169.120000,0
20080714 103200,169.130000,169.200000,169.130000,169.190000,0
20080714 103300,169.200000,169.200000,169.130000,169.130000,0
20080714 103400,169.140000,169.170000,169.120000,169.160000,0
20080714 103500,169.170000,169.210000,169.170000,169.200000,0
20080714 103600,169.210000,169.210000,169.170000,169.190000,0
20080714 103700,169.180000,169.190000,169.180000,169.190000,0
20080714 103800,169.180000,169.200000,169.160000,169.180000,0
20080714 103900,169.170000,169.180000,169.130000,169.140000,0
20080714 104000,169.130000,169.150000,169.100000,169.140000,0
20080714 104100,169.130000,169.180000,169.130000,169.140000,0
20080714 104200,169.130000,169.150000,169.100000,169.120000,0
20080714 104300,169.130000,169.150000,169.110000,169.120000,0
20080714 104400,169.110000,169.160000,169.110000,169.120000,0
20080714 104500,169.130000,169.140000,169.060000,169.070000,0
20080714 104600,169.060000,169.130000,169.060000,169.110000,0
20080714 104700,169.100000,169.120000,169.100000,169.110000,0
20080714 104800,169.120000,169.120000,169.090000,169.090000,0
20080714 104900,169.080000,169.130000,169.080000,169.100000,0
20080714 105000,169.110000,169.160000,169.100000,169.150000,0
20080714 105100,169.140000,169.160000,169.130000,169.140000,0
20080714 105200,169.150000,169.170000,169.140000,169.140000,0
20080714 105300,169.130000,169.160000,169.130000,169.160000,0
20080714 105400,169.150000,169.150000,169.130000,169.150000,0
20080714 105500,169.140000,169.160000,169.120000,169.160000,0
20080714 105600,169.150000,169.180000,169.150000,169.170000,0
20080714 105700,169.180000,169.220000,169.160000,169.170000,0
20080714 105800,169.160000,169.200000,169.150000,169.190000,0
20080714 105900,169.200000,169.260000,169.190000,169.230000,0
20080714 110000,169.240000,169.270000,169.230000,169.260000,0
20080714 110100,169.250000,169.270000,169.250000,169.250000,0
20080714 110200,169.260000,169.260000,169.240000,169.250000,0
20080714 110300,169.240000,169.250000,169.200000,169.210000,0
20080714 110400,169.200000,169.230000,169.200000,169.230000,0
20080714 110500,169.220000,169.230000,169.210000,169.220000,0
20080714 110600,169.210000,169.220000,169.190000,169.190000,0
20080714 110700,169.200000,169.200000,169.180000,169.190000,0
20080714 110800,169.180000,169.200000,169.180000,169.180000,0
20080714 110900,169.190000,169.200000,169.180000,169.180000,0
20080714 111000,169.170000,169.200000,169.170000,169.180000,0
20080714 111100,169.190000,169.200000,169.180000,169.180000,0
20080714 111200,169.170000,169.180000,169.160000,169.180000,0
20080714 111300,169.190000,169.190000,169.170000,169.180000,0
20080714 111400,169.190000,169.190000,169.160000,169.180000,0
20080714 111500,169.170000,169.180000,169.150000,169.160000,0
20080714 111600,169.150000,169.170000,169.150000,169.160000,0
20080714 111700,169.150000,169.160000,169.140000,169.140000,0
20080714 111800,169.150000,169.160000,169.130000,169.150000,0
20080714 111900,169.140000,169.150000,169.130000,169.130000,0
20080714 112000,169.140000,169.140000,169.100000,169.120000,0
20080714 112100,169.130000,169.140000,169.120000,169.120000,0
20080714 112200,169.130000,169.130000,169.110000,169.120000,0
20080714 112300,169.130000,169.130000,169.120000,169.130000,0
20080714 112400,169.120000,169.130000,169.080000,169.090000,0
20080714 112500,169.080000,169.120000,169.080000,169.090000,0
20080714 112600,169.080000,169.100000,169.070000,169.100000,0
20080714 112700,169.110000,169.120000,169.080000,169.100000,0
20080714 112800,169.110000,169.120000,169.050000,169.070000,0
20080714 112900,169.060000,169.080000,169.060000,169.060000,0
20080714 113000,169.070000,169.100000,169.060000,169.090000,0
20080714 113100,169.100000,169.110000,169.060000,169.060000,0
20080714 113200,169.070000,169.070000,169.030000,169.040000,0
20080714 113300,169.030000,169.080000,169.030000,169.060000,0
20080714 113400,169.050000,169.050000,168.980000,168.990000,0
20080714 113500,168.980000,169.010000,168.970000,169.010000,0
20080714 113600,169.000000,169.010000,168.980000,168.990000,0
20080714 113700,169.000000,169.030000,168.990000,169.020000,0
20080714 113800,169.030000,169.090000,169.020000,169.070000,0
20080714 113900,169.080000,169.100000,169.070000,169.100000,0
20080714 114000,169.110000,169.110000,169.060000,169.070000,0
20080714 114100,169.080000,169.130000,169.080000,169.130000,0
20080714 114200,169.120000,169.150000,169.100000,169.120000,0
20080714 114300,169.130000,169.130000,169.100000,169.110000,0
20080714 114400,169.120000,169.140000,169.110000,169.130000,0
20080714 114500,169.120000,169.140000,169.120000,169.130000,0
20080714 114600,169.120000,169.130000,169.120000,169.120000,0
20080714 114700,169.130000,169.130000,169.100000,169.110000,0
20080714 114800,169.100000,169.130000,169.100000,169.110000,0
20080714 114900,169.100000,169.130000,169.100000,169.110000,0
20080714 115000,169.120000,169.140000,169.100000,169.130000,0
20080714 115100,169.140000,169.150000,169.100000,169.130000,0
20080714 115200,169.140000,169.140000,169.100000,169.110000,0
20080714 115300,169.100000,169.100000,169.080000,169.080000,0
20080714 115400,169.070000,169.070000,169.020000,169.020000,0
20080714 115500,169.010000,169.050000,168.940000,168.950000,0
20080714 115600,168.940000,168.960000,168.930000,168.960000,0
20080714 115700,168.950000,168.960000,168.900000,168.910000,0
20080714 115800,168.900000,168.980000,168.890000,168.970000,0
20080714 115900,168.960000,169.030000,168.960000,169.020000,0
20080714 120000,169.010000,169.010000,168.950000,168.990000,0
20080714 120100,169.000000,169.020000,168.970000,168.990000,0
20080714 120200,168.980000,169.010000,168.980000,169.000000,0
20080714 120300,168.990000,169.030000,168.970000,169.030000,0
20080714 120400,169.020000,169.030000,168.970000,169.000000,0
20080714 120500,168.990000,169.010000,168.980000,169.010000,0
20080714 120600,169.020000,169.050000,168.970000,169.030000,0
20080714 120700,169.020000,169.060000,168.990000,169.060000,0
20080714 120800,169.050000,169.090000,169.050000,169.090000,0
20080714 120900,169.080000,169.090000,169.050000,169.060000,0
20080714 121000,169.050000,169.090000,169.040000,169.040000,0
20080714 121100,169.050000,169.070000,169.040000,169.060000,0
20080714 121200,169.050000,169.050000,169.040000,169.040000,0
20080714 121300,169.030000,169.050000,169.030000,169.040000,0
20080714 121400,169.050000,169.070000,169.030000,169.070000,0
20080714 121500,169.060000,169.120000,169.060000,169.100000,0
20080714 121600,169.090000,169.100000,169.060000,169.100000,0
20080714 121700,169.120000,169.140000,169.100000,169.140000,0
20080714 121800,169.130000,169.130000,169.120000,169.120000,0
20080714 121900,169.110000,169.140000,169.100000,169.120000,0
20080714 122000,169.100000,169.110000,169.100000,169.100000,0
20080714 122100,169.110000,169.120000,169.110000,169.120000,0
20080714 122200,169.110000,169.130000,169.100000,169.100000,0
20080714 122300,169.110000,169.110000,169.070000,169.080000,0
20080714 122400,169.090000,169.100000,169.080000,169.090000,0
20080714 122500,169.100000,169.100000,169.060000,169.070000,0
20080714 122600,169.060000,169.080000,169.060000,169.060000,0
20080714 122700,169.070000,169.070000,169.030000,169.030000,0
20080714 122800,169.040000,169.090000,169.030000,169.080000,0
20080714 122900,169.090000,169.130000,169.080000,169.120000,0
20080714 123000,169.130000,169.150000,169.120000,169.140000,0
20080714 123100,169.150000,169.150000,169.120000,169.120000,0
20080714 123200,169.110000,169.160000,169.110000,169.140000,0
20080714 123300,169.130000,169.140000,169.110000,169.140000,0
20080714 123400,169.130000,169.180000,169.130000,169.150000,0
20080714 123500,169.160000,169.170000,169.130000,169.140000,0
20080714 123600,169.120000,169.170000,169.120000,169.150000,0
20080714 123700,169.160000,169.160000,169.130000,169.140000,0
20080714 123800,169.130000,169.220000,169.120000,169.180000,0
20080714 123900,169.200000,169.210000,169.160000,169.170000,0
20080714 124000,169.160000,169.220000,169.160000,169.190000,0
20080714 124100,169.200000,169.210000,169.190000,169.200000,0
20080714 124200,169.210000,169.210000,169.160000,169.200000,0
20080714 124300,169.210000,169.210000,169.190000,169.200000,0
20080714 124400,169.190000,169.200000,169.190000,169.190000,0
20080714 124500,169.200000,169.210000,169.190000,169.200000,0
20080714 124600,169.190000,169.220000,169.180000,169.180000,0
20080714 124700,169.190000,169.210000,169.180000,169.200000,0
20080714 124900,169.190000,169.220000,169.190000,169.210000,0
20080714 125000,169.220000,169.220000,169.190000,169.200000,0
20080714 125100,169.190000,169.190000,169.180000,169.190000,0
20080714 125200,169.180000,169.220000,169.180000,169.220000,0
20080714 125300,169.210000,169.240000,169.200000,169.230000,0
20080714 125400,169.250000,169.250000,169.210000,169.220000,0
20080714 125500,169.210000,169.220000,169.180000,169.180000,0
20080714 125600,169.170000,169.170000,169.150000,169.160000,0
20080714 125700,169.150000,169.160000,169.150000,169.160000,0
20080714 125800,169.170000,169.170000,169.030000,169.060000,0
20080714 125900,169.080000,169.130000,169.070000,169.110000,0
20080714 130000,169.090000,169.100000,169.070000,169.080000,0
20080714 130100,169.090000,169.130000,169.080000,169.130000,0
20080714 130200,169.120000,169.120000,169.090000,169.090000,0
20080714 130300,169.100000,169.130000,169.090000,169.090000,0
20080714 130400,169.080000,169.080000,169.060000,169.060000,0
20080714 130500,169.070000,169.070000,169.040000,169.040000,0
20080714 130600,169.050000,169.060000,169.030000,169.040000,0
20080714 130700,169.050000,169.060000,169.030000,169.050000,0
20080714 130800,169.060000,169.060000,169.030000,169.040000,0
20080714 130900,169.030000,169.060000,169.030000,169.050000,0
20080714 131000,169.040000,169.050000,169.030000,169.040000,0
20080714 131100,169.030000,169.040000,169.010000,169.010000,0
20080714 131200,169.020000,169.030000,168.990000,169.010000,0
20080714 131300,169.020000,169.050000,169.010000,169.010000,0
20080714 131400,169.010000,169.040000,169.000000,169.030000,0
20080714 131500,169.020000,169.020000,168.990000,168.990000,0
20080714 131600,169.000000,169.030000,168.980000,169.020000,0
20080714 131700,169.030000,169.050000,169.020000,169.030000,0
20080714 131800,169.020000,169.050000,169.010000,169.050000,0
20080714 131900,169.040000,169.050000,169.040000,169.050000,0
20080714 132000,169.040000,169.060000,169.030000,169.050000,0
20080714 132100,169.060000,169.060000,169.040000,169.040000,0
20080714 132200,169.030000,169.030000,169.010000,169.030000,0
20080714 132300,169.020000,169.050000,169.010000,169.050000,0
20080714 132400,169.070000,169.070000,169.030000,169.060000,0
20080714 132500,169.050000,169.110000,169.050000,169.110000,0
20080714 132600,169.120000,169.120000,169.060000,169.060000,0
20080714 132700,169.050000,169.050000,169.030000,169.030000,0
20080714 132800,169.020000,169.030000,169.020000,169.030000,0
20080714 132900,169.020000,169.040000,168.990000,169.000000,0
20080714 133000,168.990000,169.010000,168.960000,168.990000,0
20080714 133100,168.980000,169.020000,168.980000,168.980000,0
20080714 133200,168.970000,169.010000,168.950000,168.980000,0
20080714 133300,168.970000,169.010000,168.970000,169.010000,0
20080714 133400,169.000000,169.000000,168.970000,168.970000,0
20080714 133500,168.980000,168.990000,168.960000,168.960000,0
20080714 133600,168.970000,168.980000,168.960000,168.980000,0
20080714 133700,168.970000,168.970000,168.950000,168.950000,0
20080714 133800,168.940000,168.960000,168.930000,168.960000,0
20080714 133900,168.950000,169.050000,168.950000,169.050000,0
20080714 134000,169.040000,169.050000,169.010000,169.040000,0
20080714 134100,169.030000,169.040000,168.980000,169.030000,0
20080714 134200,169.020000,169.040000,168.970000,168.970000,0
20080714 134300,168.960000,168.980000,168.940000,168.950000,0
20080714 134400,168.940000,168.970000,168.940000,168.950000,0
20080714 134500,168.940000,168.990000,168.930000,168.990000,0
20080714 134600,169.010000,169.040000,168.990000,169.010000,0
20080714 134700,169.000000,169.010000,168.940000,168.950000,0
20080714 134800,168.940000,168.980000,168.940000,168.960000,0
20080714 134900,168.950000,168.980000,168.930000,168.950000,0
20080714 135000,168.960000,168.970000,168.950000,168.950000,0
20080714 135100,168.940000,168.960000,168.930000,168.950000,0
20080714 135200,168.960000,168.960000,168.900000,168.940000,0
20080714 135300,168.950000,168.960000,168.930000,168.930000,0
20080714 135400,168.920000,168.960000,168.920000,168.960000,0
20080714 135500,168.970000,168.970000,168.950000,168.960000,0
20080714 135600,168.950000,168.960000,168.950000,168.950000,0
20080714 135700,168.960000,169.010000,168.960000,168.990000,0
20080714 135800,168.980000,168.980000,168.960000,168.980000,0
20080714 135900,169.000000,169.020000,168.990000,169.020000,0
20080714 140000,169.010000,169.040000,169.000000,169.000000,0
20080714 140100,168.990000,169.010000,168.990000,169.000000,0
20080714 140200,168.980000,169.000000,168.970000,168.990000,0
20080714 140300,168.980000,169.010000,168.950000,168.950000,0
20080714 140400,168.960000,168.970000,168.950000,168.970000,0
20080714 140500,168.960000,168.970000,168.910000,168.920000,0
20080714 140600,168.930000,168.970000,168.930000,168.940000,0
20080714 140700,168.950000,169.000000,168.940000,168.980000,0
20080714 140800,168.970000,169.000000,168.950000,169.000000,0
20080714 140900,168.980000,168.980000,168.960000,168.960000,0
20080714 141000,168.970000,169.030000,168.970000,169.000000,0
20080714 141100,168.990000,168.990000,168.970000,168.970000,0
20080714 141200,168.980000,169.010000,168.970000,168.990000,0
20080714 141300,168.980000,168.980000,168.840000,168.840000,0
20080714 141400,168.850000,168.910000,168.850000,168.910000,0
20080714 141500,168.920000,168.940000,168.910000,168.920000,0
20080714 141600,168.910000,168.930000,168.910000,168.920000,0
20080714 141700,168.930000,168.930000,168.900000,168.910000,0
20080714 141800,168.930000,168.940000,168.920000,168.930000,0
20080714 141900,168.920000,168.950000,168.910000,168.920000,0
20080714 142000,168.930000,168.950000,168.930000,168.940000,0
20080714 142100,168.930000,168.940000,168.920000,168.930000,0
20080714 142300,168.920000,168.930000,168.920000,168.920000,0
20080714 142400,168.930000,168.930000,168.920000,168.920000,0
20080714 142500,168.930000,168.930000,168.910000,168.920000,0
20080714 142600,168.910000,168.930000,168.910000,168.910000,0
20080714 142700,168.920000,168.950000,168.920000,168.930000,0
20080714 142800,168.940000,168.940000,168.910000,168.910000,0
20080714 142900,168.920000,168.920000,168.910000,168.910000,0
20080714 143000,168.920000,168.950000,168.910000,168.910000,0
20080714 143100,168.920000,168.920000,168.910000,168.920000,0
20080714 143200,168.910000,168.950000,168.910000,168.950000,0
20080714 143400,168.960000,168.980000,168.950000,168.980000,0
20080714 143500,168.970000,168.990000,168.970000,168.990000,0
20080714 143600,168.980000,168.990000,168.970000,168.970000,0
20080714 143700,168.960000,168.970000,168.920000,168.940000,0
20080714 143800,168.950000,168.970000,168.940000,168.970000,0
20080714 143900,168.960000,168.960000,168.940000,168.940000,0
20080714 144000,168.950000,168.960000,168.930000,168.930000,0
20080714 144100,168.900000,168.920000,168.900000,168.910000,0
20080714 144200,168.930000,168.930000,168.900000,168.910000,0
20080714 144300,168.920000,168.930000,168.900000,168.900000,0
20080714 144400,168.910000,168.910000,168.900000,168.910000,0
20080714 144500,168.900000,168.910000,168.870000,168.890000,0
20080714 144600,168.880000,168.880000,168.840000,168.850000,0
20080714 144700,168.840000,168.890000,168.840000,168.880000,0
20080714 144800,168.890000,168.900000,168.860000,168.870000,0
20080714 144900,168.880000,168.880000,168.870000,168.880000,0
20080714 145000,168.890000,168.900000,168.890000,168.890000,0
20080714 145100,168.900000,168.930000,168.880000,168.900000,0
20080714 145200,168.880000,168.930000,168.880000,168.920000,0
20080714 145300,168.910000,168.910000,168.890000,168.890000,0
20080714 145400,168.900000,168.900000,168.880000,168.880000,0
20080714 145500,168.870000,168.890000,168.860000,168.890000,0
20080714 145600,168.900000,168.900000,168.880000,168.880000,0
20080714 145700,168.890000,168.930000,168.890000,168.930000,0
20080714 145800,168.910000,168.950000,168.910000,168.920000,0
20080714 145900,168.930000,168.930000,168.900000,168.930000,0
20080714 150000,168.920000,168.920000,168.910000,168.920000,0
20080714 150100,168.910000,168.940000,168.910000,168.930000,0
20080714 150200,168.920000,168.950000,168.920000,168.950000,0
20080714 150300,168.940000,168.950000,168.930000,168.950000,0
20080714 150400,168.940000,168.940000,168.910000,168.940000,0
20080714 150500,168.930000,168.940000,168.900000,168.900000,0
20080714 150600,168.910000,168.950000,168.910000,168.910000,0
20080714 150700,168.920000,168.920000,168.900000,168.910000,0
20080714 150800,168.900000,168.920000,168.900000,168.920000,0
20080714 150900,168.930000,168.930000,168.890000,168.900000,0
20080714 151000,168.890000,168.930000,168.890000,168.930000,0
20080714 151100,168.920000,168.940000,168.900000,168.910000,0
20080714 151200,168.920000,168.940000,168.910000,168.940000,0
20080714 151500,168.930000,168.940000,168.910000,168.910000,0
20080714 151600,168.920000,168.960000,168.920000,168.950000,0
20080714 151700,168.970000,168.980000,168.950000,168.980000,0
20080714 151800,168.970000,168.980000,168.950000,168.980000,0
20080714 151900,168.990000,169.040000,168.980000,169.010000,0
20080714 152000,169.020000,169.020000,169.010000,169.010000,0
20080714 152100,169.020000,169.040000,169.020000,169.040000,0
20080714 152200,169.060000,169.110000,169.030000,169.100000,0
20080714 152300,169.110000,169.110000,169.070000,169.070000,0
20080714 152400,169.080000,169.090000,169.040000,169.050000,0
20080714 152500,169.070000,169.110000,169.060000,169.090000,0
20080714 152600,169.070000,169.080000,169.020000,169.030000,0
20080714 152700,169.040000,169.070000,169.020000,169.050000,0
20080714 152800,169.030000,169.040000,169.010000,169.010000,0
20080714 152900,169.020000,169.020000,168.980000,169.020000,0
20080714 153000,169.030000,169.030000,169.000000,169.010000,0
20080714 153100,168.990000,169.010000,168.970000,169.000000,0
20080714 153200,169.010000,169.020000,168.990000,169.010000,0
20080714 153300,169.020000,169.030000,168.970000,169.030000,0
20080714 153400,169.020000,169.030000,169.020000,169.030000,0
20080714 153500,169.020000,169.030000,168.970000,169.000000,0
20080714 153600,169.010000,169.010000,168.980000,168.990000,0
20080714 153700,168.980000,169.020000,168.970000,169.010000,0
20080714 153800,169.000000,169.000000,168.940000,168.950000,0
20080714 153900,168.940000,168.960000,168.940000,168.950000,0
20080714 154000,168.940000,168.950000,168.890000,168.890000,0
20080714 154100,168.870000,168.930000,168.870000,168.900000,0
20080714 154200,168.910000,168.920000,168.870000,168.870000,0
20080714 154300,168.880000,168.890000,168.870000,168.880000,0
20080714 154400,168.890000,168.910000,168.870000,168.880000,0
20080714 154500,168.890000,168.900000,168.870000,168.880000,0
20080714 154600,168.890000,168.910000,168.880000,168.880000,0
20080714 154700,168.890000,168.890000,168.880000,168.890000,0
20080714 154800,168.880000,168.900000,168.800000,168.810000,0
20080714 154900,168.800000,168.870000,168.800000,168.870000,0
20080714 155000,168.860000,168.910000,168.860000,168.900000,0
20080714 155100,168.910000,168.920000,168.900000,168.920000,0
20080714 155200,168.910000,168.910000,168.850000,168.870000,0
20080714 155300,168.860000,168.860000,168.800000,168.800000,0
20080714 155400,168.810000,168.880000,168.810000,168.880000,0
20080714 155500,168.870000,168.870000,168.810000,168.850000,0
20080714 155600,168.860000,168.870000,168.840000,168.850000,0
20080714 155700,168.830000,168.840000,168.810000,168.840000,0
20080714 155800,168.830000,168.830000,168.820000,168.820000,0
20080714 155900,168.840000,168.860000,168.830000,168.860000,0
20080714 160000,168.870000,168.900000,168.870000,168.900000,0
20080714 160100,168.890000,168.900000,168.860000,168.890000,0
20080714 160200,168.900000,168.900000,168.860000,168.880000,0
20080714 160300,168.890000,168.900000,168.880000,168.900000,0
20080714 160400,168.890000,168.900000,168.880000,168.890000,0
20080714 160500,168.880000,168.900000,168.870000,168.890000,0
20080714 160600,168.900000,168.900000,168.900000,168.900000,0
20080714 160700,168.910000,168.910000,168.890000,168.890000,0
20080714 160800,168.880000,168.900000,168.880000,168.900000,0
20080714 161000,168.910000,168.920000,168.910000,168.920000,0
20080714 161100,168.910000,168.920000,168.880000,168.890000,0
20080714 161200,168.880000,168.890000,168.880000,168.890000,0
20080714 161300,168.900000,168.900000,168.890000,168.900000,0
20080714 161400,168.890000,168.900000,168.880000,168.890000,0
20080714 161500,168.880000,168.890000,168.880000,168.890000,0
20080714 161600,168.900000,168.910000,168.880000,168.900000,0
20080714 161700,168.910000,168.910000,168.900000,168.900000,0
20080714 161800,168.890000,168.900000,168.890000,168.900000,0
20080714 161900,168.910000,168.910000,168.900000,168.900000,0
20080714 162000,168.910000,168.910000,168.900000,168.900000,0
20080714 162100,168.910000,168.920000,168.900000,168.900000,0
20080714 162300,168.910000,168.910000,168.900000,168.900000,0
20080714 162400,168.910000,168.910000,168.900000,168.900000,0
20080714 162500,168.890000,168.900000,168.890000,168.900000,0
20080714 162600,168.890000,168.890000,168.890000,168.890000,0
20080714 162700,168.900000,168.900000,168.890000,168.900000,0
20080714 162900,168.890000,168.900000,168.880000,168.890000,0
20080714 163000,168.900000,168.940000,168.890000,168.910000,0
20080714 163100,168.900000,168.900000,168.900000,168.900000,0
20080714 163200,168.910000,168.920000,168.900000,168.900000,0
20080714 163300,168.910000,168.910000,168.900000,168.900000,0
20080714 163400,168.890000,168.900000,168.890000,168.900000,0
20080714 163500,168.910000,168.920000,168.910000,168.910000,0
20080714 163600,168.920000,168.920000,168.900000,168.910000,0
20080714 164000,168.920000,168.920000,168.910000,168.910000,0
20080714 164200,168.920000,168.920000,168.910000,168.910000,0
20080714 164300,168.900000,168.910000,168.900000,168.900000,0
20080714 164400,168.890000,168.900000,168.890000,168.900000,0
20080714 164500,168.910000,168.910000,168.880000,168.880000,0
20080714 164600,168.890000,168.890000,168.860000,168.860000,0
20080714 164700,168.870000,168.870000,168.860000,168.860000,0
20080714 164800,168.870000,168.870000,168.860000,168.870000,0
20080714 164900,168.860000,168.870000,168.860000,168.860000,0
20080714 165000,168.870000,168.900000,168.870000,168.880000,0
20080714 165100,168.900000,168.910000,168.870000,168.910000,0
20080714 165200,168.920000,168.980000,168.920000,168.970000,0
20080714 165300,168.980000,169.010000,168.970000,169.010000,0
20080714 165400,169.000000,169.020000,168.990000,169.020000,0
20080714 165500,169.010000,169.010000,168.970000,168.980000,0
20080714 165600,168.990000,168.990000,168.880000,168.890000,0
20080714 165700,168.880000,168.930000,168.880000,168.930000,0
20080714 165800,168.920000,168.940000,168.910000,168.920000,0
20080714 165900,168.910000,168.910000,168.870000,168.870000,0
20080714 170000,168.890000,168.910000,168.890000,168.900000,0
20080714 170100,168.910000,168.920000,168.910000,168.920000,0
20080714 170200,168.910000,168.930000,168.900000,168.900000,0
20080714 170300,168.920000,168.920000,168.890000,168.910000,0
20080714 170400,168.920000,168.950000,168.920000,168.930000,0
20080714 170500,168.920000,168.930000,168.860000,168.890000,0
20080714 170600,168.870000,168.930000,168.870000,168.900000,0
20080714 170700,168.890000,168.900000,168.880000,168.880000,0
20080714 170800,168.900000,168.910000,168.890000,168.900000,0
20080714 170900,168.890000,168.910000,168.890000,168.910000,0
20080714 171200,168.900000,168.910000,168.860000,168.860000,0
20080714 171300,168.850000,168.850000,168.810000,168.820000,0
20080714 171400,168.830000,168.850000,168.820000,168.830000,0
20080714 171500,168.840000,168.840000,168.840000,168.840000,0
20080714 171600,168.830000,168.840000,168.830000,168.830000,0
20080714 171700,168.820000,168.830000,168.820000,168.830000,0
20080714 171800,168.840000,168.840000,168.840000,168.840000,0
20080714 171900,168.830000,168.840000,168.820000,168.840000,0
20080714 172000,168.860000,168.890000,168.850000,168.870000,0
20080714 172100,168.860000,168.860000,168.860000,168.860000,0
20080714 172200,168.870000,168.910000,168.870000,168.900000,0
20080714 172300,168.890000,168.900000,168.890000,168.890000,0
20080714 172400,168.900000,168.900000,168.890000,168.900000,0
20080714 172500,168.910000,168.910000,168.890000,168.890000,0
20080714 172600,168.880000,168.900000,168.880000,168.900000,0
20080714 172700,168.890000,168.890000,168.890000,168.890000,0
20080714 172800,168.880000,168.900000,168.880000,168.900000,0
20080714 172900,168.890000,168.900000,168.890000,168.900000,0
20080714 173000,168.890000,168.910000,168.890000,168.910000,0
20080714 173300,168.900000,168.920000,168.900000,168.920000,0
20080714 173400,168.940000,168.940000,168.930000,168.940000,0
20080714 173500,168.930000,168.940000,168.930000,168.930000,0
20080714 173600,168.920000,168.920000,168.900000,168.910000,0
20080714 173700,168.920000,168.920000,168.920000,168.920000,0
20080714 173800,168.910000,168.920000,168.910000,168.910000,0
20080714 173900,168.890000,168.890000,168.890000,168.890000,0
20080714 174000,168.910000,168.940000,168.910000,168.940000,0
20080714 174100,168.970000,168.990000,168.960000,168.960000,0
20080714 174200,168.970000,168.990000,168.960000,168.990000,0
20080714 174300,168.980000,168.980000,168.960000,168.970000,0
20080714 174600,168.960000,168.960000,168.930000,168.930000,0
20080714 174700,168.920000,168.930000,168.900000,168.900000,0
20080714 174800,168.890000,168.910000,168.870000,168.910000,0
20080714 174900,168.900000,168.920000,168.870000,168.920000,0
20080714 175000,168.930000,168.940000,168.930000,168.940000,0
20080714 175100,168.930000,168.930000,168.930000,168.930000,0
20080714 175300,168.940000,168.940000,168.890000,168.890000,0
20080714 175400,168.900000,168.910000,168.900000,168.910000,0
20080714 175500,168.900000,168.910000,168.900000,168.910000,0
20080714 175800,168.900000,168.900000,168.900000,168.900000,0
20080714 175900,168.890000,168.890000,168.880000,168.880000,0
20080714 180000,168.870000,168.880000,168.870000,168.870000,0
20080714 180100,168.880000,168.890000,168.880000,168.890000,0
20080714 180200,168.880000,168.900000,168.880000,168.890000,0
20080714 180300,168.900000,168.900000,168.890000,168.890000,0
20080714 180400,168.900000,168.900000,168.880000,168.880000,0
20080714 180500,168.890000,168.890000,168.840000,168.880000,0
20080714 180600,168.870000,168.910000,168.850000,168.900000,0
20080714 180700,168.890000,168.890000,168.880000,168.880000,0
20080714 180800,168.890000,168.890000,168.880000,168.880000,0
20080714 180900,168.890000,168.900000,168.880000,168.890000,0
20080714 181000,168.900000,168.900000,168.900000,168.900000,0
20080714 181100,168.890000,168.900000,168.890000,168.900000,0
20080714 181200,168.890000,168.900000,168.870000,168.870000,0
20080714 181300,168.860000,168.890000,168.860000,168.890000,0
20080714 181400,168.880000,168.900000,168.880000,168.900000,0
20080714 181500,168.890000,168.900000,168.880000,168.900000,0
20080714 181600,168.890000,168.900000,168.890000,168.900000,0
20080714 181700,168.910000,168.930000,168.910000,168.920000,0
20080714 181800,168.930000,168.930000,168.920000,168.920000,0
20080714 181900,168.930000,168.950000,168.920000,168.940000,0
20080714 182000,168.930000,168.940000,168.930000,168.930000,0
20080714 182100,168.940000,168.940000,168.920000,168.930000,0
20080714 182200,168.940000,168.940000,168.930000,168.930000,0
20080714 182300,168.920000,168.930000,168.900000,168.910000,0
20080714 182400,168.900000,168.910000,168.900000,168.910000,0
20080714 182500,168.900000,168.930000,168.890000,168.910000,0
20080714 182600,168.920000,168.960000,168.920000,168.940000,0
20080714 182700,168.930000,168.950000,168.930000,168.940000,0
20080714 182800,168.950000,168.950000,168.930000,168.930000,0
20080714 182900,168.920000,168.930000,168.920000,168.930000,0
20080714 183000,168.920000,168.930000,168.910000,168.920000,0
20080714 183200,168.910000,168.910000,168.910000,168.910000,0
20080714 183300,168.920000,168.920000,168.920000,168.920000,0
20080714 183400,168.930000,168.930000,168.920000,168.930000,0
20080714 183500,168.920000,168.930000,168.910000,168.910000,0
20080714 183600,168.920000,168.930000,168.920000,168.920000,0
20080714 183700,168.930000,168.930000,168.920000,168.930000,0
20080714 183900,168.920000,168.920000,168.910000,168.910000,0
20080714 184000,168.920000,168.920000,168.890000,168.890000,0
20080714 184100,168.900000,168.900000,168.880000,168.880000,0
20080714 184200,168.870000,168.900000,168.870000,168.890000,0
20080714 184300,168.900000,168.900000,168.870000,168.890000,0
20080714 184400,168.900000,168.910000,168.860000,168.870000,0
20080714 184500,168.880000,168.880000,168.870000,168.870000,0
20080714 184600,168.880000,168.880000,168.870000,168.870000,0
20080714 184700,168.880000,168.880000,168.850000,168.860000,0
20080714 184800,168.850000,168.850000,168.840000,168.850000,0
20080714 185000,168.860000,168.870000,168.860000,168.860000,0
20080714 185100,168.850000,168.860000,168.820000,168.860000,0
20080714 185200,168.870000,168.870000,168.790000,168.790000,0
20080714 185300,168.800000,168.810000,168.760000,168.790000,0
20080714 185400,168.800000,168.800000,168.760000,168.760000,0
20080714 185500,168.770000,168.800000,168.770000,168.800000,0
20080714 185600,168.830000,168.830000,168.820000,168.820000,0
20080714 185700,168.830000,168.830000,168.810000,168.820000,0
20080714 185800,168.810000,168.820000,168.810000,168.820000,0
20080714 185900,168.810000,168.820000,168.810000,168.810000,0
20080714 190000,168.820000,168.820000,168.790000,168.790000,0
20080714 190100,168.810000,168.810000,168.790000,168.800000,0
20080714 190200,168.790000,168.800000,168.780000,168.780000,0
20080714 190300,168.790000,168.790000,168.770000,168.770000,0
20080714 190600,168.780000,168.810000,168.770000,168.790000,0
20080714 190700,168.800000,168.800000,168.780000,168.780000,0
20080714 190800,168.790000,168.800000,168.780000,168.790000,0
20080714 190900,168.800000,168.810000,168.800000,168.810000,0
20080714 191000,168.820000,168.820000,168.810000,168.820000,0
20080714 191100,168.830000,168.840000,168.830000,168.840000,0
20080714 191300,168.850000,168.850000,168.820000,168.820000,0
20080714 191400,168.830000,168.850000,168.810000,168.830000,0
20080714 191500,168.820000,168.840000,168.810000,168.810000,0
20080714 191600,168.820000,168.820000,168.810000,168.810000,0
20080714 191700,168.820000,168.820000,168.800000,168.800000,0
20080714 191800,168.790000,168.820000,168.790000,168.800000,0
20080714 191900,168.790000,168.810000,168.780000,168.790000,0
20080714 192000,168.780000,168.790000,168.780000,168.780000,0
20080714 192100,168.790000,168.790000,168.780000,168.780000,0
20080714 192200,168.790000,168.800000,168.790000,168.800000,0
20080714 192300,168.790000,168.790000,168.780000,168.790000,0
20080714 192400,168.780000,168.820000,168.780000,168.790000,0
20080714 192500,168.780000,168.790000,168.770000,168.780000,0
20080714 192600,168.770000,168.780000,168.770000,168.780000,0
20080714 192700,168.770000,168.780000,168.770000,168.780000,0
20080714 192800,168.790000,168.790000,168.790000,168.790000,0
20080714 192900,168.780000,168.790000,168.780000,168.790000,0
20080714 193000,168.780000,168.790000,168.780000,168.780000,0
20080714 193100,168.790000,168.820000,168.790000,168.800000,0
20080714 193200,168.810000,168.810000,168.800000,168.810000,0
20080714 193300,168.800000,168.810000,168.790000,168.800000,0
20080714 193400,168.790000,168.800000,168.780000,168.780000,0
20080714 193500,168.790000,168.790000,168.770000,168.780000,0
20080714 193600,168.770000,168.790000,168.770000,168.780000,0
20080714 193700,168.790000,168.800000,168.790000,168.790000,0
20080714 193900,168.780000,168.780000,168.780000,168.780000,0
20080714 194000,168.770000,168.800000,168.770000,168.790000,0
20080714 194100,168.780000,168.780000,168.780000,168.780000,0
20080714 194200,168.790000,168.790000,168.780000,168.790000,0
20080714 194300,168.800000,168.800000,168.790000,168.790000,0
20080714 194400,168.800000,168.810000,168.800000,168.810000,0
20080714 194500,168.800000,168.830000,168.800000,168.820000,0
20080714 194600,168.830000,168.840000,168.810000,168.830000,0
20080714 194700,168.820000,168.820000,168.810000,168.810000,0
20080714 194800,168.820000,168.820000,168.810000,168.820000,0
20080714 194900,168.830000,168.840000,168.820000,168.830000,0
20080714 195000,168.840000,168.850000,168.830000,168.840000,0
20080714 195100,168.850000,168.850000,168.830000,168.830000,0
20080714 195200,168.840000,168.840000,168.830000,168.830000,0
20080714 195300,168.840000,168.850000,168.830000,168.830000,0
20080714 195400,168.810000,168.830000,168.810000,168.830000,0
20080714 195500,168.840000,168.840000,168.810000,168.820000,0
20080714 195600,168.810000,168.820000,168.800000,168.810000,0
20080714 195700,168.820000,168.820000,168.810000,168.820000,0
20080714 195800,168.810000,168.840000,168.810000,168.840000,0
20080714 195900,168.830000,168.850000,168.800000,168.800000,0
20080714 200000,168.790000,168.810000,168.790000,168.800000,0
20080714 200100,168.810000,168.810000,168.770000,168.800000,0
20080714 200200,168.770000,168.780000,168.730000,168.740000,0
20080714 200300,168.730000,168.740000,168.670000,168.690000,0
20080714 200400,168.700000,168.750000,168.700000,168.720000,0
20080714 200500,168.710000,168.720000,168.690000,168.710000,0
20080714 200600,168.700000,168.720000,168.700000,168.710000,0
20080714 200700,168.700000,168.730000,168.680000,168.710000,0
20080714 200800,168.700000,168.710000,168.660000,168.660000,0
20080714 200900,168.630000,168.670000,168.630000,168.630000,0
20080714 201000,168.620000,168.630000,168.620000,168.620000,0
20080714 201100,168.610000,168.630000,168.610000,168.630000,0
20080714 201200,168.620000,168.640000,168.620000,168.640000,0
20080714 201300,168.650000,168.690000,168.640000,168.660000,0
20080714 201400,168.670000,168.680000,168.660000,168.670000,0
20080714 201500,168.660000,168.680000,168.660000,168.680000,0
20080714 201600,168.670000,168.690000,168.670000,168.670000,0
20080714 201700,168.680000,168.680000,168.640000,168.640000,0
20080714 201800,168.630000,168.650000,168.630000,168.640000,0
20080714 201900,168.650000,168.650000,168.640000,168.650000,0
20080714 202000,168.640000,168.650000,168.640000,168.640000,0
20080714 202100,168.630000,168.660000,168.630000,168.660000,0
20080714 202200,168.660000,168.690000,168.660000,168.680000,0
20080714 202300,168.670000,168.680000,168.670000,168.680000,0
20080714 202400,168.670000,168.680000,168.670000,168.680000,0
20080714 202500,168.670000,168.690000,168.670000,168.680000,0
20080714 202600,168.690000,168.700000,168.690000,168.700000,0
20080714 202700,168.710000,168.710000,168.700000,168.700000,0
20080714 202800,168.710000,168.710000,168.700000,168.710000,0
20080714 202900,168.720000,168.730000,168.700000,168.730000,0
20080714 203000,168.740000,168.760000,168.720000,168.750000,0
20080714 203100,168.760000,168.760000,168.750000,168.760000,0
20080714 203200,168.770000,168.790000,168.760000,168.770000,0
20080714 203300,168.780000,168.780000,168.750000,168.760000,0
20080714 203400,168.750000,168.760000,168.740000,168.740000,0
20080714 203500,168.730000,168.740000,168.710000,168.710000,0
20080714 203600,168.700000,168.730000,168.700000,168.700000,0
20080714 203700,168.720000,168.720000,168.700000,168.710000,0
20080714 203800,168.720000,168.730000,168.710000,168.710000,0
20080714 203900,168.720000,168.750000,168.720000,168.730000,0
20080714 204000,168.740000,168.750000,168.730000,168.740000,0
20080714 204100,168.750000,168.770000,168.750000,168.770000,0
20080714 204200,168.760000,168.770000,168.760000,168.760000,0
20080714 204300,168.770000,168.790000,168.740000,168.760000,0
20080714 204400,168.770000,168.780000,168.760000,168.770000,0
20080714 204500,168.780000,168.790000,168.750000,168.750000,0
20080714 204600,168.760000,168.770000,168.760000,168.760000,0
20080714 204700,168.750000,168.780000,168.750000,168.780000,0
20080714 204800,168.790000,168.790000,168.770000,168.780000,0
20080714 204900,168.770000,168.780000,168.750000,168.770000,0
20080714 205000,168.780000,168.810000,168.780000,168.790000,0
20080714 205100,168.800000,168.830000,168.790000,168.820000,0
20080714 205200,168.810000,168.820000,168.810000,168.810000,0
20080714 205300,168.800000,168.820000,168.790000,168.810000,0
20080714 205400,168.800000,168.800000,168.770000,168.770000,0
20080714 205500,168.760000,168.760000,168.690000,168.720000,0
20080714 205600,168.730000,168.750000,168.700000,168.730000,0
20080714 205700,168.720000,168.750000,168.720000,168.750000,0
20080714 205800,168.760000,168.790000,168.750000,168.760000,0
20080714 205900,168.770000,168.770000,168.770000,168.770000,0
20080714 210000,168.760000,168.760000,168.740000,168.750000,0
20080714 210100,168.740000,168.740000,168.720000,168.720000,0
20080714 210200,168.730000,168.740000,168.700000,168.720000,0
20080714 210300,168.730000,168.730000,168.720000,168.730000,0
20080714 210400,168.720000,168.750000,168.720000,168.750000,0
20080714 210500,168.740000,168.740000,168.730000,168.730000,0
20080714 210600,168.740000,168.750000,168.730000,168.740000,0
20080714 210700,168.750000,168.750000,168.740000,168.740000,0
20080714 210800,168.750000,168.770000,168.740000,168.770000,0
20080714 210900,168.780000,168.780000,168.750000,168.760000,0
20080714 211000,168.770000,168.770000,168.750000,168.750000,0
20080714 211100,168.760000,168.770000,168.750000,168.770000,0
20080714 211200,168.760000,168.770000,168.760000,168.760000,0
20080714 211300,168.770000,168.770000,168.760000,168.760000,0
20080714 211500,168.770000,168.810000,168.770000,168.810000,0
20080714 211600,168.820000,168.820000,168.780000,168.810000,0
20080714 211700,168.820000,168.820000,168.800000,168.800000,0
20080714 211800,168.810000,168.810000,168.800000,168.800000,0
20080714 211900,168.790000,168.790000,168.780000,168.780000,0
20080714 212000,168.790000,168.800000,168.790000,168.790000,0
20080714 212100,168.780000,168.800000,168.780000,168.800000,0
20080714 212200,168.790000,168.790000,168.790000,168.790000,0
20080714 212300,168.800000,168.800000,168.800000,168.800000,0
20080714 212400,168.810000,168.820000,168.810000,168.810000,0
20080714 212500,168.790000,168.810000,168.790000,168.810000,0
20080714 212600,168.800000,168.810000,168.800000,168.800000,0
20080714 212700,168.810000,168.810000,168.800000,168.810000,0
20080714 212800,168.820000,168.820000,168.800000,168.800000,0
20080714 212900,168.790000,168.790000,168.790000,168.790000,0
20080714 213000,168.780000,168.780000,168.760000,168.760000,0
20080714 213100,168.750000,168.770000,168.750000,168.760000,0
20080714 213200,168.770000,168.780000,168.760000,168.770000,0
20080714 213300,168.760000,168.770000,168.760000,168.760000,0
20080714 213400,168.750000,168.760000,168.750000,168.760000,0
20080714 213500,168.750000,168.760000,168.750000,168.750000,0
20080714 213600,168.740000,168.750000,168.730000,168.730000,0
20080714 213700,168.720000,168.770000,168.720000,168.770000,0
20080714 213800,168.760000,168.780000,168.750000,168.770000,0
20080714 213900,168.780000,168.780000,168.730000,168.750000,0
20080714 214000,168.760000,168.760000,168.710000,168.740000,0
20080714 214100,168.730000,168.770000,168.730000,168.770000,0
20080714 214200,168.760000,168.800000,168.760000,168.780000,0
20080714 214300,168.770000,168.780000,168.740000,168.770000,0
20080714 214400,168.760000,168.780000,168.750000,168.770000,0
20080714 214500,168.760000,168.760000,168.740000,168.740000,0
20080714 214600,168.750000,168.750000,168.730000,168.740000,0
20080714 214700,168.730000,168.740000,168.730000,168.730000,0
20080714 214800,168.740000,168.750000,168.730000,168.750000,0
20080714 214900,168.760000,168.760000,168.730000,168.730000,0
20080714 215000,168.740000,168.740000,168.740000,168.740000,0
20080714 215100,168.730000,168.740000,168.680000,168.690000,0
20080714 215200,168.700000,168.720000,168.700000,168.720000,0
20080714 215300,168.730000,168.730000,168.710000,168.710000,0
20080714 215400,168.720000,168.730000,168.680000,168.710000,0
20080714 215500,168.700000,168.740000,168.700000,168.740000,0
20080714 215600,168.750000,168.750000,168.720000,168.730000,0
20080714 215700,168.720000,168.730000,168.720000,168.720000,0
20080714 215800,168.730000,168.730000,168.710000,168.710000,0
20080714 215900,168.720000,168.730000,168.720000,168.720000,0
20080714 220000,168.730000,168.730000,168.730000,168.730000,0
20080714 220100,168.740000,168.750000,168.730000,168.740000,0
20080714 220200,168.730000,168.750000,168.730000,168.740000,0
20080714 220300,168.730000,168.740000,168.720000,168.720000,0
20080714 220400,168.730000,168.730000,168.720000,168.730000,0
20080714 220500,168.720000,168.730000,168.720000,168.730000,0
20080714 220600,168.720000,168.760000,168.720000,168.750000,0
20080714 220700,168.770000,168.790000,168.760000,168.790000,0
20080714 220800,168.780000,168.780000,168.760000,168.760000,0
20080714 220900,168.750000,168.770000,168.740000,168.760000,0
20080714 221000,168.770000,168.770000,168.750000,168.750000,0
20080714 221100,168.740000,168.760000,168.740000,168.750000,0
20080714 221200,168.760000,168.760000,168.740000,168.750000,0
20080714 221300,168.740000,168.750000,168.740000,168.750000,0
20080714 221400,168.760000,168.760000,168.750000,168.760000,0
20080714 221500,168.770000,168.790000,168.770000,168.770000,0
20080714 221600,168.760000,168.770000,168.760000,168.770000,0
20080714 221700,168.760000,168.770000,168.740000,168.750000,0
20080714 221800,168.760000,168.780000,168.740000,168.740000,0
20080714 221900,168.730000,168.750000,168.730000,168.730000,0
20080714 222000,168.740000,168.740000,168.730000,168.740000,0
20080714 222100,168.730000,168.730000,168.730000,168.730000,0
20080714 222200,168.720000,168.720000,168.710000,168.710000,0
20080714 222300,168.720000,168.720000,168.700000,168.700000,0
20080714 222400,168.710000,168.710000,168.700000,168.710000,0
20080714 222500,168.700000,168.710000,168.700000,168.700000,0
20080714 222600,168.710000,168.710000,168.710000,168.710000,0
20080714 222700,168.720000,168.720000,168.710000,168.710000,0
20080714 222800,168.720000,168.730000,168.720000,168.720000,0
20080714 222900,168.730000,168.730000,168.700000,168.700000,0
20080714 223000,168.710000,168.710000,168.690000,168.690000,0
20080714 223100,168.700000,168.700000,168.690000,168.690000,0
20080714 223200,168.700000,168.710000,168.700000,168.700000,0
20080714 223300,168.690000,168.710000,168.690000,168.710000,0
20080714 223400,168.720000,168.740000,168.720000,168.720000,0
20080714 223500,168.710000,168.730000,168.700000,168.710000,0
20080714 223600,168.700000,168.720000,168.700000,168.710000,0
20080714 223700,168.720000,168.730000,168.710000,168.720000,0
20080714 223800,168.710000,168.730000,168.710000,168.720000,0
20080714 223900,168.710000,168.720000,168.700000,168.700000,0
20080714 224000,168.710000,168.730000,168.700000,168.720000,0
20080714 224100,168.730000,168.730000,168.710000,168.710000,0
20080714 224200,168.720000,168.720000,168.710000,168.720000,0
20080714 224300,168.710000,168.740000,168.710000,168.740000,0
20080714 224400,168.730000,168.740000,168.720000,168.730000,0
20080714 224500,168.740000,168.740000,168.730000,168.730000,0
20080714 224600,168.720000,168.750000,168.720000,168.750000,0
20080714 224700,168.740000,168.750000,168.720000,168.740000,0
20080714 224800,168.730000,168.740000,168.710000,168.730000,0
20080714 224900,168.740000,168.750000,168.710000,168.710000,0
20080714 225000,168.720000,168.740000,168.720000,168.730000,0
20080714 225100,168.750000,168.750000,168.710000,168.710000,0
20080714 225200,168.720000,168.720000,168.700000,168.710000,0
20080714 225300,168.720000,168.720000,168.710000,168.710000,0
20080714 225400,168.720000,168.720000,168.690000,168.690000,0
20080714 225500,168.700000,168.710000,168.690000,168.700000,0
20080714 225600,168.690000,168.700000,168.690000,168.700000,0
20080714 225700,168.690000,168.720000,168.690000,168.720000,0
20080714 225800,168.710000,168.720000,168.710000,168.710000,0
20080714 225900,168.700000,168.710000,168.690000,168.690000,0
20080714 230000,168.700000,168.700000,168.680000,168.680000,0
20080714 230100,168.690000,168.710000,168.670000,168.710000,0
20080714 230200,168.720000,168.720000,168.680000,168.680000,0
20080714 230300,168.690000,168.690000,168.640000,168.660000,0
20080714 230400,168.670000,168.680000,168.660000,168.680000,0
20080714 230500,168.660000,168.710000,168.660000,168.710000,0
20080714 230600,168.720000,168.720000,168.690000,168.710000,0
20080714 230700,168.720000,168.740000,168.700000,168.710000,0
20080714 230800,168.720000,168.740000,168.720000,168.740000,0
20080714 230900,168.730000,168.730000,168.710000,168.730000,0
20080714 231000,168.720000,168.770000,168.720000,168.740000,0
20080714 231100,168.730000,168.760000,168.730000,168.740000,0
20080714 231200,168.750000,168.750000,168.730000,168.740000,0
20080714 231300,168.730000,168.740000,168.730000,168.730000,0
20080714 231400,168.740000,168.740000,168.700000,168.710000,0
20080714 231500,168.720000,168.730000,168.720000,168.730000,0
20080714 231600,168.720000,168.740000,168.720000,168.730000,0
20080714 231700,168.720000,168.760000,168.720000,168.740000,0
20080714 231800,168.750000,168.760000,168.740000,168.740000,0
20080714 231900,168.750000,168.750000,168.740000,168.740000,0
20080714 232000,168.750000,168.760000,168.710000,168.710000,0
20080714 232100,168.720000,168.730000,168.710000,168.730000,0
20080714 232200,168.720000,168.750000,168.720000,168.740000,0
20080714 232300,168.730000,168.730000,168.730000,168.730000,0
20080714 232400,168.740000,168.740000,168.730000,168.740000,0
20080714 232500,168.730000,168.740000,168.730000,168.740000,0
20080714 232600,168.730000,168.740000,168.730000,168.740000,0
20080714 232700,168.750000,168.760000,168.750000,168.750000,0
20080714 232800,168.740000,168.770000,168.740000,168.760000,0
20080714 232900,168.770000,168.770000,168.740000,168.740000,0
20080714 233000,168.720000,168.730000,168.720000,168.730000,0
20080714 233100,168.720000,168.730000,168.690000,168.700000,0
20080714 233200,168.690000,168.700000,168.690000,168.690000,0
20080714 233300,168.710000,168.710000,168.670000,168.670000,0
20080714 233400,168.660000,168.700000,168.660000,168.680000,0
20080714 233500,168.690000,168.720000,168.690000,168.720000,0
20080714 233600,168.710000,168.740000,168.710000,168.740000,0
20080714 233700,168.730000,168.750000,168.730000,168.740000,0
20080714 233800,168.730000,168.740000,168.710000,168.710000,0
20080714 233900,168.720000,168.720000,168.710000,168.710000,0
20080714 234000,168.700000,168.710000,168.690000,168.700000,0
20080714 234100,168.710000,168.750000,168.690000,168.690000,0
20080714 234200,168.680000,168.720000,168.680000,168.700000,0
20080714 234300,168.710000,168.750000,168.680000,168.700000,0
20080714 234400,168.680000,168.710000,168.680000,168.700000,0
20080714 234500,168.710000,168.710000,168.680000,168.680000,0
20080714 234600,168.690000,168.690000,168.680000,168.680000,0
20080714 234700,168.690000,168.710000,168.670000,168.700000,0
20080714 234800,168.690000,168.710000,168.690000,168.700000,0
20080714 234900,168.710000,168.710000,168.690000,168.690000,0
20080714 235000,168.680000,168.690000,168.670000,168.670000,0
20080714 235100,168.650000,168.680000,168.650000,168.650000,0
20080714 235200,168.660000,168.660000,168.640000,168.650000,0
20080714 235300,168.660000,168.670000,168.650000,168.650000,0
20080714 235400,168.650000,168.650000,168.630000,168.650000,0
20080714 235500,168.640000,168.650000,168.640000,168.650000,0
20080714 235600,168.640000,168.650000,168.630000,168.630000,0
20080714 235700,168.640000,168.650000,168.630000,168.650000,0
20080714 235800,168.640000,168.660000,168.640000,168.650000,0
20080714 235900,168.660000,168.660000,168.650000,168.660000,0
