20050629 000000,200.070000,200.070000,200.070000,200.070000,0
20050629 000200,200.060000,200.060000,200.060000,200.060000,0
20050629 000300,200.070000,200.070000,200.070000,200.070000,0
20050629 000500,200.080000,200.080000,200.040000,200.050000,0
20050629 000600,200.060000,200.100000,200.040000,200.090000,0
20050629 000700,200.080000,200.090000,200.070000,200.090000,0
20050629 000800,200.080000,200.100000,200.080000,200.090000,0
20050629 001000,200.100000,200.110000,200.090000,200.110000,0
20050629 001100,200.100000,200.100000,200.090000,200.100000,0
20050629 001200,200.090000,200.100000,200.090000,200.100000,0
20050629 001300,200.090000,200.110000,200.090000,200.100000,0
20050629 001400,200.110000,200.120000,200.100000,200.110000,0
20050629 001500,200.100000,200.130000,200.100000,200.120000,0
20050629 001600,200.130000,200.130000,200.100000,200.130000,0
20050629 001800,200.120000,200.140000,200.110000,200.130000,0
20050629 001900,200.120000,200.120000,200.100000,200.120000,0
20050629 002000,200.110000,200.110000,200.110000,200.110000,0
20050629 002100,200.100000,200.120000,200.090000,200.110000,0
20050629 002200,200.130000,200.140000,200.120000,200.120000,0
20050629 002300,200.100000,200.120000,200.100000,200.110000,0
20050629 002400,200.100000,200.100000,200.100000,200.100000,0
20050629 002500,200.080000,200.090000,200.080000,200.090000,0
20050629 002600,200.080000,200.080000,200.080000,200.080000,0
20050629 002800,200.070000,200.070000,200.070000,200.070000,0
20050629 002900,200.080000,200.080000,200.060000,200.080000,0
20050629 003000,200.090000,200.100000,200.090000,200.090000,0
20050629 003100,200.080000,200.100000,200.070000,200.080000,0
20050629 003200,200.070000,200.080000,200.070000,200.080000,0
20050629 003400,200.070000,200.070000,200.070000,200.070000,0
20050629 003500,200.080000,200.080000,200.060000,200.060000,0
20050629 003600,200.070000,200.070000,200.070000,200.070000,0
20050629 003700,200.060000,200.060000,200.020000,200.030000,0
20050629 003800,200.040000,200.050000,200.030000,200.040000,0
20050629 003900,200.030000,200.050000,200.030000,200.040000,0
20050629 004000,200.030000,200.040000,200.030000,200.040000,0
20050629 004100,200.050000,200.050000,200.050000,200.050000,0
20050629 004300,200.040000,200.050000,200.010000,200.030000,0
20050629 004400,200.020000,200.040000,200.020000,200.040000,0
20050629 004500,200.050000,200.100000,200.040000,200.100000,0
20050629 004600,200.110000,200.110000,200.070000,200.090000,0
20050629 004700,200.080000,200.090000,200.070000,200.090000,0
20050629 004800,200.080000,200.100000,200.050000,200.050000,0
20050629 004900,200.040000,200.070000,200.040000,200.070000,0
20050629 005000,200.060000,200.080000,200.040000,200.070000,0
20050629 005100,200.060000,200.060000,200.000000,200.000000,0
20050629 005200,200.010000,200.010000,199.950000,199.960000,0
20050629 005300,199.950000,199.960000,199.910000,199.940000,0
20050629 005400,199.930000,199.960000,199.920000,199.960000,0
20050629 005500,199.970000,199.970000,199.920000,199.950000,0
20050629 005600,199.940000,199.950000,199.930000,199.930000,0
20050629 005700,199.920000,199.960000,199.920000,199.950000,0
20050629 005800,199.960000,199.990000,199.940000,199.970000,0
20050629 005900,199.980000,199.990000,199.960000,199.960000,0
20050629 010000,199.970000,199.990000,199.970000,199.980000,0
20050629 010100,199.970000,200.000000,199.970000,199.990000,0
20050629 010200,199.980000,200.000000,199.980000,200.000000,0
20050629 010300,199.990000,200.040000,199.990000,200.040000,0
20050629 010400,200.030000,200.060000,200.030000,200.050000,0
20050629 010700,200.060000,200.080000,200.050000,200.080000,0
20050629 010800,200.060000,200.080000,200.040000,200.040000,0
20050629 010900,200.060000,200.080000,200.040000,200.040000,0
20050629 011000,200.050000,200.070000,200.040000,200.070000,0
20050629 011100,200.080000,200.090000,200.070000,200.080000,0
20050629 011200,200.090000,200.100000,200.050000,200.050000,0
20050629 011300,200.040000,200.050000,200.030000,200.030000,0
20050629 011400,200.020000,200.020000,200.000000,200.010000,0
20050629 011500,200.020000,200.030000,200.010000,200.020000,0
20050629 011600,200.010000,200.040000,200.000000,200.040000,0
20050629 011700,200.020000,200.040000,200.010000,200.030000,0
20050629 011800,200.040000,200.050000,200.000000,200.010000,0
20050629 011900,200.020000,200.030000,200.020000,200.020000,0
20050629 012000,200.030000,200.030000,200.010000,200.020000,0
20050629 012100,200.030000,200.040000,200.020000,200.020000,0
20050629 012200,200.010000,200.010000,200.000000,200.000000,0
20050629 012300,200.030000,200.030000,200.020000,200.020000,0
20050629 012400,200.010000,200.010000,199.980000,199.980000,0
20050629 012500,199.990000,200.000000,199.990000,200.000000,0
20050629 012600,199.990000,199.990000,199.980000,199.990000,0
20050629 012700,199.980000,200.000000,199.980000,200.000000,0
20050629 012800,199.990000,200.020000,199.980000,200.000000,0
20050629 012900,200.010000,200.010000,200.000000,200.000000,0
20050629 013100,199.990000,200.000000,199.990000,200.000000,0
20050629 013200,200.010000,200.010000,199.990000,200.000000,0
20050629 013300,200.010000,200.010000,200.010000,200.010000,0
20050629 013400,200.000000,200.010000,199.950000,199.990000,0
20050629 013500,199.980000,199.990000,199.980000,199.980000,0
20050629 013600,199.990000,199.990000,199.980000,199.990000,0
20050629 013700,199.980000,199.990000,199.980000,199.990000,0
20050629 013800,199.980000,199.990000,199.980000,199.990000,0
20050629 013900,200.000000,200.000000,199.970000,200.000000,0
20050629 014000,199.990000,200.000000,199.990000,200.000000,0
20050629 014100,199.990000,200.010000,199.990000,200.010000,0
20050629 014200,200.000000,200.010000,200.000000,200.010000,0
20050629 014300,200.020000,200.050000,200.020000,200.030000,0
20050629 014400,200.040000,200.060000,200.020000,200.050000,0
20050629 014500,200.060000,200.080000,200.050000,200.070000,0
20050629 014600,200.080000,200.090000,200.070000,200.090000,0
20050629 014700,200.080000,200.080000,200.060000,200.070000,0
20050629 014800,200.080000,200.080000,200.050000,200.060000,0
20050629 014900,200.050000,200.070000,200.030000,200.040000,0
20050629 015000,200.030000,200.030000,200.010000,200.020000,0
20050629 015100,200.010000,200.040000,200.010000,200.040000,0
20050629 015200,200.030000,200.040000,200.030000,200.040000,0
20050629 015300,200.050000,200.060000,200.030000,200.040000,0
20050629 015400,200.050000,200.060000,200.030000,200.050000,0
20050629 015500,200.060000,200.080000,200.060000,200.060000,0
20050629 015600,200.050000,200.070000,200.040000,200.050000,0
20050629 015700,200.040000,200.100000,200.040000,200.100000,0
20050629 015800,200.110000,200.140000,200.070000,200.140000,0
20050629 015900,200.150000,200.160000,200.090000,200.100000,0
20050629 020000,200.110000,200.120000,200.070000,200.080000,0
20050629 020100,200.090000,200.110000,200.080000,200.100000,0
20050629 020200,200.090000,200.150000,200.090000,200.150000,0
20050629 020300,200.160000,200.170000,200.100000,200.110000,0
20050629 020400,200.100000,200.140000,200.090000,200.110000,0
20050629 020500,200.120000,200.120000,200.100000,200.110000,0
20050629 020600,200.120000,200.150000,200.110000,200.140000,0
20050629 020700,200.130000,200.130000,200.090000,200.130000,0
20050629 020800,200.140000,200.140000,200.090000,200.090000,0
20050629 020900,200.100000,200.110000,200.090000,200.110000,0
20050629 021000,200.100000,200.130000,200.100000,200.110000,0
20050629 021100,200.120000,200.120000,200.090000,200.100000,0
20050629 021200,200.110000,200.130000,200.090000,200.110000,0
20050629 021300,200.120000,200.160000,200.090000,200.090000,0
20050629 021400,200.100000,200.110000,200.030000,200.060000,0
20050629 021500,200.070000,200.070000,200.010000,200.050000,0
20050629 021600,200.040000,200.050000,200.000000,200.020000,0
20050629 021700,200.010000,200.010000,199.930000,199.950000,0
20050629 021800,199.960000,199.980000,199.900000,199.950000,0
20050629 021900,199.940000,199.950000,199.910000,199.940000,0
20050629 022000,199.930000,199.950000,199.930000,199.940000,0
20050629 022100,199.950000,199.950000,199.900000,199.900000,0
20050629 022200,199.890000,199.930000,199.870000,199.920000,0
20050629 022300,199.910000,199.950000,199.900000,199.930000,0
20050629 022400,199.920000,199.950000,199.900000,199.930000,0
20050629 022500,199.940000,199.940000,199.910000,199.940000,0
20050629 022600,199.930000,199.960000,199.930000,199.940000,0
20050629 022700,199.950000,199.970000,199.930000,199.970000,0
20050629 022800,199.980000,199.980000,199.930000,199.970000,0
20050629 022900,199.980000,200.000000,199.950000,199.960000,0
20050629 023000,199.970000,199.970000,199.920000,199.930000,0
20050629 023100,199.920000,199.960000,199.880000,199.900000,0
20050629 023200,199.890000,199.900000,199.820000,199.860000,0
20050629 023300,199.840000,199.890000,199.830000,199.880000,0
20050629 023400,199.890000,199.930000,199.880000,199.890000,0
20050629 023500,199.880000,199.880000,199.840000,199.880000,0
20050629 023600,199.890000,199.890000,199.860000,199.890000,0
20050629 023700,199.870000,199.900000,199.870000,199.890000,0
20050629 023800,199.900000,199.920000,199.840000,199.850000,0
20050629 023900,199.860000,199.880000,199.820000,199.850000,0
20050629 024000,199.830000,199.860000,199.800000,199.840000,0
20050629 024100,199.850000,199.870000,199.830000,199.850000,0
20050629 024200,199.860000,199.880000,199.810000,199.810000,0
20050629 024300,199.820000,199.870000,199.820000,199.860000,0
20050629 024400,199.850000,199.850000,199.810000,199.820000,0
20050629 024500,199.810000,199.840000,199.800000,199.840000,0
20050629 024600,199.850000,199.860000,199.810000,199.820000,0
20050629 024700,199.810000,199.840000,199.810000,199.830000,0
20050629 024800,199.840000,199.850000,199.790000,199.820000,0
20050629 024900,199.810000,199.860000,199.800000,199.850000,0
20050629 025000,199.840000,199.850000,199.830000,199.830000,0
20050629 025100,199.820000,199.840000,199.810000,199.840000,0
20050629 025200,199.850000,199.900000,199.850000,199.890000,0
20050629 025300,199.880000,199.900000,199.860000,199.860000,0
20050629 025400,199.870000,199.880000,199.840000,199.880000,0
20050629 025500,199.890000,199.900000,199.870000,199.870000,0
20050629 025600,199.860000,199.870000,199.850000,199.860000,0
20050629 025700,199.870000,199.870000,199.850000,199.850000,0
20050629 025800,199.840000,199.880000,199.840000,199.860000,0
20050629 025900,199.870000,199.880000,199.850000,199.880000,0
20050629 030000,199.890000,199.900000,199.860000,199.880000,0
20050629 030100,199.870000,199.880000,199.850000,199.860000,0
20050629 030200,199.870000,199.880000,199.840000,199.860000,0
20050629 030300,199.870000,199.900000,199.860000,199.860000,0
20050629 030400,199.870000,199.880000,199.840000,199.870000,0
20050629 030500,199.880000,199.890000,199.840000,199.840000,0
20050629 030600,199.860000,199.880000,199.850000,199.860000,0
20050629 030700,199.870000,199.880000,199.860000,199.870000,0
20050629 030800,199.880000,199.880000,199.840000,199.840000,0
20050629 030900,199.850000,199.860000,199.810000,199.820000,0
20050629 031000,199.830000,199.860000,199.800000,199.810000,0
20050629 031100,199.820000,199.840000,199.820000,199.830000,0
20050629 031200,199.840000,199.860000,199.840000,199.860000,0
20050629 031300,199.850000,199.890000,199.850000,199.880000,0
20050629 031400,199.870000,199.870000,199.860000,199.860000,0
20050629 031500,199.870000,199.880000,199.850000,199.860000,0
20050629 031600,199.870000,199.870000,199.860000,199.870000,0
20050629 031700,199.880000,199.890000,199.830000,199.830000,0
20050629 031800,199.840000,199.840000,199.820000,199.820000,0
20050629 031900,199.810000,199.870000,199.810000,199.860000,0
20050629 032000,199.870000,199.920000,199.850000,199.920000,0
20050629 032100,199.910000,199.910000,199.860000,199.890000,0
20050629 032200,199.880000,199.910000,199.870000,199.890000,0
20050629 032300,199.900000,199.900000,199.850000,199.890000,0
20050629 032400,199.880000,199.900000,199.870000,199.890000,0
20050629 032500,199.900000,199.930000,199.890000,199.890000,0
20050629 032600,199.900000,199.920000,199.890000,199.920000,0
20050629 032700,199.910000,199.920000,199.880000,199.900000,0
20050629 032800,199.890000,199.930000,199.880000,199.910000,0
20050629 032900,199.900000,199.930000,199.900000,199.930000,0
20050629 033000,199.940000,199.970000,199.930000,199.960000,0
20050629 033100,199.950000,199.980000,199.940000,199.960000,0
20050629 033200,199.950000,200.000000,199.950000,200.000000,0
20050629 033300,199.990000,200.020000,199.980000,200.010000,0
20050629 033400,200.000000,200.050000,199.990000,200.040000,0
20050629 033500,200.030000,200.040000,200.000000,200.030000,0
20050629 033600,200.020000,200.030000,200.010000,200.030000,0
20050629 033700,200.020000,200.030000,200.000000,200.010000,0
20050629 033800,200.000000,200.010000,200.000000,200.010000,0
20050629 033900,200.000000,200.020000,200.000000,200.010000,0
20050629 034000,200.020000,200.020000,199.990000,200.020000,0
20050629 034100,200.010000,200.120000,200.000000,200.100000,0
20050629 034200,200.090000,200.190000,200.070000,200.190000,0
20050629 034300,200.200000,200.200000,200.150000,200.150000,0
20050629 034400,200.140000,200.190000,200.140000,200.150000,0
20050629 034500,200.140000,200.150000,200.090000,200.100000,0
20050629 034600,200.110000,200.120000,200.080000,200.110000,0
20050629 034700,200.100000,200.120000,200.090000,200.120000,0
20050629 034800,200.110000,200.130000,200.080000,200.100000,0
20050629 034900,200.090000,200.120000,200.080000,200.120000,0
20050629 035000,200.130000,200.150000,200.100000,200.130000,0
20050629 035100,200.140000,200.180000,200.120000,200.130000,0
20050629 035200,200.140000,200.160000,200.120000,200.150000,0
20050629 035300,200.160000,200.170000,200.140000,200.160000,0
20050629 035400,200.170000,200.180000,200.030000,200.030000,0
20050629 035500,200.000000,200.040000,199.960000,200.000000,0
20050629 035600,200.010000,200.030000,199.970000,200.010000,0
20050629 035700,200.020000,200.080000,200.020000,200.050000,0
20050629 035800,200.060000,200.100000,200.050000,200.090000,0
20050629 035900,200.100000,200.100000,200.050000,200.070000,0
20050629 040000,200.060000,200.140000,200.050000,200.120000,0
20050629 040100,200.140000,200.140000,200.110000,200.120000,0
20050629 040200,200.130000,200.170000,200.120000,200.130000,0
20050629 040300,200.140000,200.140000,200.090000,200.110000,0
20050629 040400,200.090000,200.200000,200.090000,200.170000,0
20050629 040500,200.160000,200.190000,200.140000,200.140000,0
20050629 040600,200.150000,200.180000,200.140000,200.140000,0
20050629 040700,200.150000,200.150000,200.120000,200.150000,0
20050629 040800,200.140000,200.150000,200.120000,200.140000,0
20050629 040900,200.130000,200.170000,200.130000,200.170000,0
20050629 041000,200.160000,200.170000,200.110000,200.120000,0
20050629 041100,200.130000,200.160000,200.120000,200.150000,0
20050629 041200,200.140000,200.190000,200.140000,200.160000,0
20050629 041300,200.170000,200.200000,200.170000,200.180000,0
20050629 041400,200.170000,200.200000,200.160000,200.180000,0
20050629 041500,200.170000,200.200000,200.160000,200.200000,0
20050629 041600,200.190000,200.210000,200.170000,200.200000,0
20050629 041700,200.190000,200.240000,200.180000,200.210000,0
20050629 041800,200.200000,200.210000,200.170000,200.190000,0
20050629 041900,200.180000,200.210000,200.180000,200.190000,0
20050629 042000,200.180000,200.200000,200.120000,200.130000,0
20050629 042100,200.140000,200.160000,200.110000,200.130000,0
20050629 042200,200.140000,200.140000,200.110000,200.130000,0
20050629 042300,200.120000,200.170000,200.120000,200.130000,0
20050629 042400,200.120000,200.160000,200.100000,200.160000,0
20050629 042500,200.150000,200.160000,200.100000,200.140000,0
20050629 042600,200.150000,200.190000,200.130000,200.190000,0
20050629 042700,200.200000,200.210000,200.160000,200.180000,0
20050629 042800,200.170000,200.200000,200.170000,200.200000,0
20050629 042900,200.190000,200.230000,200.190000,200.210000,0
20050629 043000,200.200000,200.230000,200.170000,200.220000,0
20050629 043100,200.210000,200.270000,200.210000,200.270000,0
20050629 043200,200.260000,200.300000,200.230000,200.250000,0
20050629 043300,200.240000,200.290000,200.220000,200.290000,0
20050629 043400,200.300000,200.300000,200.270000,200.290000,0
20050629 043500,200.280000,200.300000,200.260000,200.290000,0
20050629 043600,200.300000,200.320000,200.270000,200.320000,0
20050629 043700,200.310000,200.320000,200.300000,200.300000,0
20050629 043800,200.310000,200.320000,200.280000,200.300000,0
20050629 043900,200.310000,200.310000,200.270000,200.270000,0
20050629 044000,200.280000,200.280000,200.250000,200.260000,0
20050629 044100,200.270000,200.330000,200.270000,200.290000,0
20050629 044200,200.280000,200.340000,200.280000,200.320000,0
20050629 044300,200.340000,200.380000,200.320000,200.350000,0
20050629 044400,200.380000,200.390000,200.310000,200.310000,0
20050629 044500,200.320000,200.330000,200.300000,200.320000,0
20050629 044600,200.310000,200.340000,200.300000,200.330000,0
20050629 044700,200.320000,200.360000,200.310000,200.340000,0
20050629 044800,200.320000,200.370000,200.320000,200.340000,0
20050629 044900,200.350000,200.370000,200.320000,200.320000,0
20050629 045000,200.330000,200.380000,200.320000,200.350000,0
20050629 045100,200.330000,200.350000,200.300000,200.300000,0
20050629 045200,200.310000,200.320000,200.280000,200.290000,0
20050629 045300,200.280000,200.300000,200.240000,200.240000,0
20050629 045400,200.230000,200.240000,200.230000,200.230000,0
20050629 045500,200.220000,200.230000,200.180000,200.210000,0
20050629 045600,200.200000,200.240000,200.190000,200.220000,0
20050629 045700,200.230000,200.240000,200.200000,200.220000,0
20050629 045800,200.230000,200.260000,200.230000,200.250000,0
20050629 045900,200.260000,200.260000,200.250000,200.250000,0
20050629 050000,200.260000,200.270000,200.250000,200.270000,0
20050629 050100,200.260000,200.290000,200.250000,200.290000,0
20050629 050200,200.300000,200.310000,200.270000,200.280000,0
20050629 050300,200.290000,200.290000,200.260000,200.270000,0
20050629 050400,200.280000,200.320000,200.280000,200.310000,0
20050629 050500,200.320000,200.320000,200.290000,200.320000,0
20050629 050600,200.330000,200.330000,200.270000,200.270000,0
20050629 050700,200.280000,200.310000,200.280000,200.310000,0
20050629 050800,200.320000,200.320000,200.300000,200.320000,0
20050629 050900,200.310000,200.340000,200.280000,200.280000,0
20050629 051000,200.290000,200.300000,200.280000,200.280000,0
20050629 051100,200.310000,200.320000,200.290000,200.310000,0
20050629 051200,200.300000,200.320000,200.280000,200.300000,0
20050629 051300,200.310000,200.330000,200.290000,200.310000,0
20050629 051400,200.320000,200.410000,200.310000,200.390000,0
20050629 051500,200.400000,200.420000,200.360000,200.400000,0
20050629 051600,200.410000,200.440000,200.390000,200.440000,0
20050629 051700,200.450000,200.450000,200.390000,200.430000,0
20050629 051800,200.420000,200.430000,200.380000,200.380000,0
20050629 051900,200.390000,200.420000,200.390000,200.420000,0
20050629 052000,200.430000,200.440000,200.360000,200.360000,0
20050629 052100,200.350000,200.360000,200.290000,200.290000,0
20050629 052200,200.300000,200.300000,200.260000,200.270000,0
20050629 052300,200.290000,200.290000,200.250000,200.260000,0
20050629 052400,200.270000,200.280000,200.240000,200.260000,0
20050629 052500,200.270000,200.280000,200.250000,200.260000,0
20050629 052600,200.250000,200.260000,200.230000,200.250000,0
20050629 052700,200.260000,200.310000,200.260000,200.290000,0
20050629 052800,200.280000,200.320000,200.270000,200.300000,0
20050629 052900,200.290000,200.330000,200.280000,200.310000,0
20050629 053000,200.300000,200.310000,200.280000,200.300000,0
20050629 053100,200.310000,200.320000,200.280000,200.290000,0
20050629 053200,200.280000,200.330000,200.260000,200.330000,0
20050629 053300,200.310000,200.340000,200.300000,200.340000,0
20050629 053400,200.330000,200.350000,200.320000,200.340000,0
20050629 053500,200.350000,200.380000,200.320000,200.330000,0
20050629 053600,200.320000,200.350000,200.300000,200.310000,0
20050629 053700,200.300000,200.310000,200.300000,200.300000,0
20050629 053800,200.290000,200.340000,200.290000,200.330000,0
20050629 053900,200.300000,200.320000,200.250000,200.250000,0
20050629 054000,200.240000,200.280000,200.240000,200.240000,0
20050629 054100,200.260000,200.260000,200.190000,200.200000,0
20050629 054200,200.190000,200.260000,200.190000,200.240000,0
20050629 054300,200.260000,200.270000,200.230000,200.240000,0
20050629 054400,200.230000,200.260000,200.220000,200.240000,0
20050629 054500,200.250000,200.260000,200.210000,200.220000,0
20050629 054600,200.210000,200.270000,200.200000,200.260000,0
20050629 054700,200.250000,200.280000,200.240000,200.280000,0
20050629 054800,200.270000,200.280000,200.270000,200.270000,0
20050629 054900,200.260000,200.280000,200.250000,200.250000,0
20050629 055000,200.240000,200.280000,200.240000,200.270000,0
20050629 055100,200.280000,200.300000,200.260000,200.270000,0
20050629 055200,200.280000,200.300000,200.270000,200.280000,0
20050629 055300,200.290000,200.320000,200.280000,200.310000,0
20050629 055400,200.300000,200.300000,200.290000,200.290000,0
20050629 055500,200.300000,200.330000,200.300000,200.310000,0
20050629 055600,200.300000,200.320000,200.300000,200.300000,0
20050629 055700,200.310000,200.330000,200.310000,200.310000,0
20050629 055800,200.320000,200.340000,200.300000,200.330000,0
20050629 055900,200.340000,200.340000,200.310000,200.310000,0
20050629 060000,200.300000,200.300000,200.140000,200.170000,0
20050629 060100,200.150000,200.150000,200.000000,200.040000,0
20050629 060200,200.030000,200.040000,199.900000,199.940000,0
20050629 060300,199.950000,200.010000,199.950000,199.970000,0
20050629 060400,199.980000,200.000000,199.960000,199.990000,0
20050629 060500,200.000000,200.010000,199.890000,199.990000,0
20050629 060600,199.980000,200.010000,199.940000,199.940000,0
20050629 060700,199.930000,199.950000,199.910000,199.940000,0
20050629 060800,199.930000,199.970000,199.910000,199.920000,0
20050629 060900,199.930000,199.980000,199.910000,199.940000,0
20050629 061000,199.950000,199.990000,199.950000,199.960000,0
20050629 061100,199.970000,199.970000,199.930000,199.960000,0
20050629 061200,199.950000,199.960000,199.910000,199.920000,0
20050629 061300,199.910000,199.920000,199.790000,199.820000,0
20050629 061400,199.810000,199.830000,199.730000,199.730000,0
20050629 061500,199.740000,199.810000,199.730000,199.790000,0
20050629 061600,199.780000,199.830000,199.770000,199.830000,0
20050629 061700,199.840000,199.840000,199.790000,199.840000,0
20050629 061800,199.830000,199.840000,199.750000,199.750000,0
20050629 061900,199.760000,199.760000,199.750000,199.760000,0
20050629 062000,199.750000,199.780000,199.750000,199.750000,0
20050629 062100,199.760000,199.810000,199.760000,199.800000,0
20050629 062200,199.810000,199.840000,199.790000,199.830000,0
20050629 062300,199.820000,199.840000,199.820000,199.830000,0
20050629 062400,199.820000,199.900000,199.820000,199.870000,0
20050629 062500,199.880000,199.880000,199.860000,199.870000,0
20050629 062600,199.880000,199.880000,199.830000,199.830000,0
20050629 062700,199.840000,199.840000,199.790000,199.790000,0
20050629 062800,199.800000,199.800000,199.770000,199.790000,0
20050629 062900,199.780000,199.790000,199.760000,199.780000,0
20050629 063000,199.770000,199.780000,199.720000,199.740000,0
20050629 063100,199.750000,199.770000,199.730000,199.750000,0
20050629 063200,199.740000,199.740000,199.690000,199.690000,0
20050629 063300,199.680000,199.680000,199.520000,199.560000,0
20050629 063400,199.550000,199.580000,199.540000,199.570000,0
20050629 063500,199.560000,199.660000,199.560000,199.640000,0
20050629 063600,199.650000,199.650000,199.610000,199.640000,0
20050629 063700,199.650000,199.650000,199.620000,199.640000,0
20050629 063800,199.650000,199.690000,199.630000,199.680000,0
20050629 063900,199.690000,199.730000,199.690000,199.730000,0
20050629 064000,199.740000,199.750000,199.730000,199.730000,0
20050629 064100,199.720000,199.750000,199.710000,199.710000,0
20050629 064200,199.700000,199.710000,199.660000,199.660000,0
20050629 064300,199.670000,199.700000,199.670000,199.670000,0
20050629 064400,199.690000,199.690000,199.660000,199.680000,0
20050629 064500,199.690000,199.750000,199.660000,199.750000,0
20050629 064600,199.740000,199.750000,199.700000,199.720000,0
20050629 064700,199.710000,199.720000,199.680000,199.690000,0
20050629 064800,199.680000,199.690000,199.660000,199.690000,0
20050629 064900,199.700000,199.730000,199.690000,199.700000,0
20050629 065000,199.690000,199.720000,199.690000,199.710000,0
20050629 065100,199.720000,199.740000,199.710000,199.740000,0
20050629 065200,199.750000,199.750000,199.730000,199.740000,0
20050629 065300,199.750000,199.780000,199.730000,199.770000,0
20050629 065400,199.780000,199.810000,199.780000,199.790000,0
20050629 065500,199.800000,199.800000,199.730000,199.760000,0
20050629 065600,199.750000,199.770000,199.730000,199.740000,0
20050629 065700,199.730000,199.750000,199.720000,199.720000,0
20050629 065800,199.710000,199.730000,199.690000,199.710000,0
20050629 065900,199.700000,199.740000,199.700000,199.740000,0
20050629 070000,199.730000,199.750000,199.710000,199.730000,0
20050629 070100,199.720000,199.740000,199.700000,199.700000,0
20050629 070200,199.710000,199.740000,199.700000,199.720000,0
20050629 070300,199.710000,199.730000,199.710000,199.710000,0
20050629 070400,199.700000,199.720000,199.700000,199.710000,0
20050629 070500,199.700000,199.710000,199.680000,199.710000,0
20050629 070600,199.700000,199.700000,199.670000,199.670000,0
20050629 070700,199.660000,199.700000,199.660000,199.700000,0
20050629 070800,199.690000,199.730000,199.690000,199.730000,0
20050629 070900,199.720000,199.770000,199.710000,199.770000,0
20050629 071000,199.780000,199.800000,199.760000,199.770000,0
20050629 071100,199.780000,199.820000,199.690000,199.730000,0
20050629 071200,199.720000,199.730000,199.680000,199.680000,0
20050629 071300,199.670000,199.700000,199.570000,199.570000,0
20050629 071400,199.600000,199.690000,199.570000,199.670000,0
20050629 071500,199.680000,199.700000,199.640000,199.700000,0
20050629 071600,199.690000,199.730000,199.680000,199.700000,0
20050629 071700,199.710000,199.720000,199.670000,199.690000,0
20050629 071800,199.680000,199.700000,199.610000,199.610000,0
20050629 071900,199.600000,199.650000,199.600000,199.620000,0
20050629 072000,199.630000,199.650000,199.610000,199.650000,0
20050629 072100,199.640000,199.660000,199.610000,199.650000,0
20050629 072200,199.660000,199.670000,199.660000,199.660000,0
20050629 072300,199.670000,199.730000,199.670000,199.730000,0
20050629 072400,199.720000,199.720000,199.670000,199.690000,0
20050629 072500,199.700000,199.710000,199.680000,199.700000,0
20050629 072600,199.710000,199.740000,199.700000,199.720000,0
20050629 072700,199.710000,199.720000,199.690000,199.690000,0
20050629 072800,199.680000,199.720000,199.680000,199.700000,0
20050629 072900,199.690000,199.700000,199.660000,199.660000,0
20050629 073000,199.670000,199.680000,199.610000,199.620000,0
20050629 073100,199.610000,199.610000,199.570000,199.580000,0
20050629 073200,199.590000,199.590000,199.560000,199.580000,0
20050629 073300,199.570000,199.590000,199.550000,199.570000,0
20050629 073400,199.560000,199.600000,199.560000,199.590000,0
20050629 073500,199.600000,199.600000,199.530000,199.540000,0
20050629 073600,199.530000,199.570000,199.530000,199.540000,0
20050629 073700,199.530000,199.540000,199.510000,199.510000,0
20050629 073800,199.530000,199.540000,199.500000,199.530000,0
20050629 073900,199.520000,199.530000,199.510000,199.520000,0
20050629 074000,199.510000,199.520000,199.480000,199.500000,0
20050629 074100,199.510000,199.600000,199.500000,199.550000,0
20050629 074200,199.540000,199.540000,199.480000,199.510000,0
20050629 074300,199.500000,199.530000,199.490000,199.510000,0
20050629 074400,199.520000,199.520000,199.500000,199.510000,0
20050629 074500,199.520000,199.540000,199.500000,199.540000,0
20050629 074600,199.530000,199.540000,199.510000,199.530000,0
20050629 074700,199.540000,199.560000,199.530000,199.560000,0
20050629 074800,199.550000,199.550000,199.510000,199.520000,0
20050629 074900,199.530000,199.530000,199.490000,199.490000,0
20050629 075000,199.500000,199.520000,199.490000,199.520000,0
20050629 075100,199.530000,199.530000,199.490000,199.510000,0
20050629 075200,199.500000,199.510000,199.470000,199.480000,0
20050629 075300,199.490000,199.510000,199.470000,199.490000,0
20050629 075400,199.480000,199.510000,199.480000,199.510000,0
20050629 075500,199.520000,199.560000,199.510000,199.550000,0
20050629 075600,199.540000,199.550000,199.510000,199.550000,0
20050629 075700,199.560000,199.560000,199.520000,199.550000,0
20050629 075800,199.540000,199.560000,199.530000,199.540000,0
20050629 075900,199.550000,199.570000,199.520000,199.570000,0
20050629 080000,199.560000,199.580000,199.530000,199.570000,0
20050629 080100,199.560000,199.560000,199.510000,199.540000,0
20050629 080200,199.530000,199.540000,199.510000,199.510000,0
20050629 080300,199.520000,199.540000,199.490000,199.520000,0
20050629 080400,199.510000,199.530000,199.510000,199.510000,0
20050629 080500,199.520000,199.520000,199.450000,199.450000,0
20050629 080600,199.440000,199.500000,199.410000,199.490000,0
20050629 080700,199.480000,199.580000,199.480000,199.560000,0
20050629 080800,199.540000,199.570000,199.530000,199.540000,0
20050629 080900,199.550000,199.590000,199.550000,199.570000,0
20050629 081000,199.560000,199.580000,199.550000,199.580000,0
20050629 081100,199.570000,199.570000,199.540000,199.540000,0
20050629 081200,199.530000,199.560000,199.530000,199.540000,0
20050629 081300,199.530000,199.540000,199.520000,199.530000,0
20050629 081400,199.540000,199.550000,199.510000,199.530000,0
20050629 081500,199.550000,199.550000,199.490000,199.500000,0
20050629 081600,199.510000,199.540000,199.500000,199.540000,0
20050629 081700,199.530000,199.590000,199.530000,199.590000,0
20050629 081800,199.600000,199.610000,199.570000,199.580000,0
20050629 081900,199.570000,199.570000,199.530000,199.540000,0
20050629 082000,199.550000,199.560000,199.540000,199.560000,0
20050629 082100,199.550000,199.560000,199.530000,199.550000,0
20050629 082200,199.540000,199.550000,199.520000,199.520000,0
20050629 082300,199.530000,199.560000,199.530000,199.540000,0
20050629 082400,199.550000,199.580000,199.530000,199.560000,0
20050629 082500,199.570000,199.590000,199.570000,199.580000,0
20050629 082600,199.570000,199.600000,199.560000,199.570000,0
20050629 082700,199.580000,199.580000,199.540000,199.540000,0
20050629 082800,199.530000,199.550000,199.520000,199.520000,0
20050629 082900,199.530000,199.630000,199.530000,199.600000,0
20050629 083000,199.610000,199.620000,199.510000,199.580000,0
20050629 083100,199.590000,199.620000,199.570000,199.600000,0
20050629 083200,199.590000,199.610000,199.490000,199.510000,0
20050629 083300,199.520000,199.540000,199.490000,199.520000,0
20050629 083400,199.510000,199.530000,199.470000,199.470000,0
20050629 083500,199.460000,199.490000,199.430000,199.460000,0
20050629 083600,199.470000,199.470000,199.430000,199.430000,0
20050629 083700,199.450000,199.480000,199.440000,199.470000,0
20050629 083800,199.460000,199.470000,199.420000,199.430000,0
20050629 083900,199.440000,199.440000,199.400000,199.400000,0
20050629 084000,199.390000,199.410000,199.380000,199.390000,0
20050629 084100,199.400000,199.420000,199.370000,199.390000,0
20050629 084200,199.380000,199.400000,199.350000,199.360000,0
20050629 084300,199.350000,199.380000,199.340000,199.340000,0
20050629 084400,199.350000,199.360000,199.310000,199.350000,0
20050629 084500,199.340000,199.350000,199.270000,199.280000,0
20050629 084600,199.290000,199.320000,199.260000,199.290000,0
20050629 084700,199.310000,199.310000,199.260000,199.300000,0
20050629 084800,199.310000,199.360000,199.300000,199.330000,0
20050629 084900,199.320000,199.350000,199.300000,199.320000,0
20050629 085000,199.330000,199.340000,199.310000,199.340000,0
20050629 085100,199.330000,199.340000,199.280000,199.320000,0
20050629 085200,199.330000,199.330000,199.300000,199.330000,0
20050629 085300,199.340000,199.370000,199.340000,199.360000,0
20050629 085400,199.350000,199.380000,199.340000,199.350000,0
20050629 085500,199.360000,199.370000,199.330000,199.360000,0
20050629 085600,199.350000,199.360000,199.330000,199.360000,0
20050629 085700,199.370000,199.380000,199.340000,199.360000,0
20050629 085800,199.370000,199.370000,199.340000,199.350000,0
20050629 085900,199.340000,199.340000,199.310000,199.310000,0
20050629 090000,199.300000,199.340000,199.300000,199.330000,0
20050629 090100,199.320000,199.350000,199.300000,199.340000,0
20050629 090200,199.350000,199.350000,199.260000,199.280000,0
20050629 090300,199.260000,199.290000,199.230000,199.240000,0
20050629 090400,199.250000,199.300000,199.240000,199.290000,0
20050629 090500,199.280000,199.330000,199.280000,199.300000,0
20050629 090600,199.290000,199.320000,199.290000,199.310000,0
20050629 090700,199.300000,199.360000,199.300000,199.310000,0
20050629 090800,199.300000,199.330000,199.290000,199.310000,0
20050629 090900,199.300000,199.310000,199.270000,199.310000,0
20050629 091000,199.320000,199.340000,199.290000,199.300000,0
20050629 091100,199.310000,199.320000,199.260000,199.300000,0
20050629 091200,199.290000,199.300000,199.220000,199.280000,0
20050629 091300,199.290000,199.290000,199.230000,199.250000,0
20050629 091400,199.260000,199.280000,199.250000,199.270000,0
20050629 091500,199.260000,199.270000,199.250000,199.250000,0
20050629 091600,199.260000,199.270000,199.170000,199.190000,0
20050629 091700,199.200000,199.210000,199.160000,199.180000,0
20050629 091800,199.190000,199.220000,199.180000,199.220000,0
20050629 091900,199.210000,199.280000,199.190000,199.280000,0
20050629 092000,199.270000,199.270000,199.230000,199.230000,0
20050629 092100,199.240000,199.240000,199.200000,199.230000,0
20050629 092200,199.240000,199.240000,199.200000,199.220000,0
20050629 092300,199.230000,199.280000,199.220000,199.260000,0
20050629 092400,199.270000,199.290000,199.260000,199.270000,0
20050629 092500,199.260000,199.270000,199.240000,199.250000,0
20050629 092600,199.260000,199.260000,199.230000,199.230000,0
20050629 092700,199.220000,199.240000,199.200000,199.220000,0
20050629 092800,199.230000,199.230000,199.180000,199.200000,0
20050629 092900,199.190000,199.260000,199.190000,199.250000,0
20050629 093000,199.260000,199.260000,199.220000,199.230000,0
20050629 093100,199.240000,199.250000,199.210000,199.220000,0
20050629 093200,199.210000,199.220000,199.160000,199.190000,0
20050629 093300,199.200000,199.200000,199.180000,199.180000,0
20050629 093400,199.190000,199.230000,199.180000,199.210000,0
20050629 093500,199.220000,199.240000,199.210000,199.230000,0
20050629 093600,199.220000,199.230000,199.200000,199.230000,0
20050629 093700,199.240000,199.250000,199.190000,199.190000,0
20050629 093800,199.180000,199.210000,199.160000,199.210000,0
20050629 093900,199.220000,199.250000,199.210000,199.250000,0
20050629 094000,199.230000,199.270000,199.230000,199.250000,0
20050629 094100,199.240000,199.240000,199.190000,199.210000,0
20050629 094200,199.220000,199.240000,199.210000,199.210000,0
20050629 094300,199.220000,199.230000,199.210000,199.230000,0
20050629 094400,199.220000,199.250000,199.210000,199.250000,0
20050629 094500,199.260000,199.260000,199.210000,199.220000,0
20050629 094600,199.230000,199.240000,199.210000,199.230000,0
20050629 094700,199.220000,199.230000,199.180000,199.190000,0
20050629 094800,199.200000,199.200000,199.180000,199.190000,0
20050629 094900,199.200000,199.210000,199.180000,199.190000,0
20050629 095000,199.180000,199.190000,199.160000,199.180000,0
20050629 095100,199.190000,199.240000,199.180000,199.240000,0
20050629 095200,199.250000,199.270000,199.200000,199.250000,0
20050629 095300,199.240000,199.250000,199.190000,199.240000,0
20050629 095400,199.250000,199.250000,199.180000,199.190000,0
20050629 095500,199.200000,199.200000,199.150000,199.190000,0
20050629 095600,199.180000,199.210000,199.180000,199.190000,0
20050629 095700,199.200000,199.220000,199.180000,199.180000,0
20050629 095800,199.170000,199.200000,199.140000,199.140000,0
20050629 095900,199.150000,199.170000,199.110000,199.170000,0
20050629 100000,199.160000,199.210000,199.150000,199.170000,0
20050629 100100,199.180000,199.200000,199.160000,199.170000,0
20050629 100200,199.180000,199.200000,199.140000,199.180000,0
20050629 100300,199.170000,199.250000,199.170000,199.220000,0
20050629 100400,199.230000,199.240000,199.180000,199.200000,0
20050629 100500,199.190000,199.220000,199.120000,199.150000,0
20050629 100600,199.160000,199.170000,199.110000,199.120000,0
20050629 100700,199.130000,199.180000,199.130000,199.170000,0
20050629 100800,199.180000,199.250000,199.160000,199.180000,0
20050629 100900,199.170000,199.230000,199.170000,199.180000,0
20050629 101000,199.190000,199.220000,199.190000,199.200000,0
20050629 101100,199.190000,199.250000,199.170000,199.210000,0
20050629 101200,199.200000,199.250000,199.200000,199.210000,0
20050629 101300,199.220000,199.280000,199.180000,199.230000,0
20050629 101400,199.240000,199.240000,199.190000,199.190000,0
20050629 101500,199.200000,199.200000,199.160000,199.190000,0
20050629 101600,199.180000,199.190000,199.170000,199.170000,0
20050629 101700,199.180000,199.220000,199.170000,199.210000,0
20050629 101800,199.200000,199.260000,199.200000,199.250000,0
20050629 101900,199.260000,199.260000,199.210000,199.240000,0
20050629 102000,199.230000,199.270000,199.190000,199.200000,0
20050629 102100,199.180000,199.190000,199.140000,199.180000,0
20050629 102200,199.170000,199.220000,199.140000,199.150000,0
20050629 102300,199.170000,199.220000,199.140000,199.200000,0
20050629 102400,199.210000,199.240000,199.140000,199.150000,0
20050629 102500,199.140000,199.230000,199.140000,199.230000,0
20050629 102600,199.210000,199.230000,199.200000,199.220000,0
20050629 102700,199.230000,199.260000,199.210000,199.240000,0
20050629 102800,199.250000,199.280000,199.230000,199.270000,0
20050629 102900,199.280000,199.290000,199.220000,199.240000,0
20050629 103000,199.230000,199.240000,199.130000,199.130000,0
20050629 103100,199.120000,199.140000,199.040000,199.090000,0
20050629 103200,199.070000,199.110000,199.040000,199.080000,0
20050629 103300,199.070000,199.120000,199.030000,199.110000,0
20050629 103400,199.120000,199.160000,199.070000,199.160000,0
20050629 103500,199.170000,199.170000,199.140000,199.170000,0
20050629 103600,199.160000,199.200000,199.140000,199.190000,0
20050629 103700,199.180000,199.270000,199.170000,199.240000,0
20050629 103800,199.230000,199.260000,199.210000,199.250000,0
20050629 103900,199.240000,199.250000,199.140000,199.140000,0
20050629 104000,199.150000,199.170000,199.070000,199.130000,0
20050629 104100,199.120000,199.160000,199.060000,199.060000,0
20050629 104200,199.070000,199.180000,199.060000,199.150000,0
20050629 104300,199.160000,199.200000,199.140000,199.150000,0
20050629 104400,199.160000,199.190000,199.120000,199.140000,0
20050629 104500,199.130000,199.170000,199.090000,199.100000,0
20050629 104600,199.080000,199.190000,199.080000,199.190000,0
20050629 104700,199.180000,199.290000,199.180000,199.190000,0
20050629 104800,199.180000,199.180000,199.070000,199.120000,0
20050629 104900,199.110000,199.150000,199.090000,199.130000,0
20050629 105000,199.140000,199.150000,199.100000,199.110000,0
20050629 105100,199.100000,199.100000,199.030000,199.040000,0
20050629 105200,199.030000,199.090000,198.990000,199.080000,0
20050629 105300,199.070000,199.070000,199.010000,199.070000,0
20050629 105400,199.080000,199.100000,199.040000,199.050000,0
20050629 105500,199.060000,199.080000,199.050000,199.080000,0
20050629 105600,199.070000,199.190000,199.070000,199.180000,0
20050629 105700,199.170000,199.190000,199.150000,199.160000,0
20050629 105800,199.150000,199.220000,199.140000,199.150000,0
20050629 105900,199.140000,199.180000,199.070000,199.140000,0
20050629 110000,199.130000,199.140000,199.020000,199.050000,0
20050629 110100,199.060000,199.100000,199.060000,199.080000,0
20050629 110200,199.060000,199.070000,198.980000,199.010000,0
20050629 110300,199.020000,199.030000,198.920000,198.950000,0
20050629 110400,198.940000,198.980000,198.880000,198.980000,0
20050629 110500,198.990000,199.040000,198.920000,198.930000,0
20050629 110600,198.950000,199.000000,198.940000,198.960000,0
20050629 110700,198.970000,199.040000,198.950000,199.020000,0
20050629 110800,199.010000,199.060000,198.970000,199.050000,0
20050629 110900,199.060000,199.070000,199.010000,199.020000,0
20050629 111000,199.030000,199.060000,199.010000,199.020000,0
20050629 111100,199.010000,199.030000,198.970000,198.980000,0
20050629 111200,198.990000,199.070000,198.990000,199.030000,0
20050629 111300,199.020000,199.060000,199.000000,199.030000,0
20050629 111400,199.040000,199.060000,199.010000,199.050000,0
20050629 111500,199.040000,199.050000,198.990000,199.050000,0
20050629 111600,199.060000,199.080000,199.030000,199.030000,0
20050629 111700,199.020000,199.040000,198.970000,198.980000,0
20050629 111800,198.990000,199.000000,198.950000,198.970000,0
20050629 111900,198.980000,199.010000,198.960000,198.970000,0
20050629 112000,198.980000,199.030000,198.980000,199.030000,0
20050629 112100,199.040000,199.100000,199.040000,199.080000,0
20050629 112200,199.090000,199.140000,199.070000,199.140000,0
20050629 112300,199.130000,199.130000,199.070000,199.110000,0
20050629 112400,199.100000,199.160000,199.090000,199.150000,0
20050629 112500,199.140000,199.170000,199.100000,199.100000,0
20050629 112600,199.090000,199.120000,199.060000,199.060000,0
20050629 112700,199.070000,199.090000,199.040000,199.060000,0
20050629 112800,199.070000,199.070000,199.030000,199.030000,0
20050629 112900,199.020000,199.040000,198.960000,199.010000,0
20050629 113000,199.000000,199.080000,199.000000,199.050000,0
20050629 113100,199.060000,199.080000,199.030000,199.080000,0
20050629 113200,199.090000,199.180000,199.080000,199.160000,0
20050629 113300,199.150000,199.210000,199.150000,199.190000,0
20050629 113400,199.200000,199.230000,199.180000,199.210000,0
20050629 113500,199.200000,199.270000,199.180000,199.250000,0
20050629 113600,199.240000,199.290000,199.230000,199.280000,0
20050629 113700,199.270000,199.300000,199.260000,199.280000,0
20050629 113800,199.270000,199.280000,199.240000,199.260000,0
20050629 113900,199.270000,199.310000,199.260000,199.290000,0
20050629 114000,199.280000,199.370000,199.280000,199.330000,0
20050629 114100,199.340000,199.370000,199.330000,199.350000,0
20050629 114200,199.360000,199.370000,199.320000,199.320000,0
20050629 114300,199.330000,199.420000,199.320000,199.380000,0
20050629 114400,199.370000,199.410000,199.320000,199.400000,0
20050629 114500,199.410000,199.440000,199.400000,199.410000,0
20050629 114600,199.400000,199.420000,199.370000,199.370000,0
20050629 114700,199.380000,199.430000,199.340000,199.410000,0
20050629 114800,199.400000,199.440000,199.370000,199.400000,0
20050629 114900,199.410000,199.440000,199.380000,199.420000,0
20050629 115000,199.430000,199.440000,199.350000,199.390000,0
20050629 115100,199.400000,199.400000,199.270000,199.280000,0
20050629 115200,199.290000,199.320000,199.260000,199.290000,0
20050629 115300,199.280000,199.300000,199.250000,199.270000,0
20050629 115400,199.280000,199.340000,199.270000,199.320000,0
20050629 115500,199.330000,199.350000,199.290000,199.310000,0
20050629 115600,199.320000,199.330000,199.290000,199.290000,0
20050629 115700,199.300000,199.430000,199.300000,199.400000,0
20050629 115800,199.390000,199.420000,199.370000,199.410000,0
20050629 115900,199.420000,199.440000,199.390000,199.440000,0
20050629 120000,199.420000,199.480000,199.420000,199.440000,0
20050629 120100,199.450000,199.490000,199.450000,199.480000,0
20050629 120200,199.470000,199.540000,199.450000,199.540000,0
20050629 120300,199.550000,199.570000,199.530000,199.530000,0
20050629 120400,199.520000,199.540000,199.500000,199.500000,0
20050629 120500,199.510000,199.560000,199.490000,199.560000,0
20050629 120600,199.550000,199.560000,199.500000,199.540000,0
20050629 120700,199.550000,199.550000,199.540000,199.540000,0
20050629 120800,199.530000,199.530000,199.490000,199.490000,0
20050629 120900,199.500000,199.510000,199.480000,199.500000,0
20050629 121000,199.490000,199.490000,199.470000,199.490000,0
20050629 121100,199.480000,199.500000,199.470000,199.500000,0
20050629 121200,199.490000,199.510000,199.460000,199.500000,0
20050629 121300,199.520000,199.520000,199.500000,199.510000,0
20050629 121400,199.520000,199.600000,199.520000,199.560000,0
20050629 121500,199.570000,199.570000,199.520000,199.560000,0
20050629 121600,199.570000,199.600000,199.530000,199.580000,0
20050629 121700,199.590000,199.590000,199.500000,199.530000,0
20050629 121800,199.540000,199.590000,199.520000,199.540000,0
20050629 121900,199.530000,199.540000,199.450000,199.470000,0
20050629 122000,199.450000,199.460000,199.420000,199.430000,0
20050629 122100,199.420000,199.450000,199.420000,199.420000,0
20050629 122200,199.410000,199.470000,199.410000,199.460000,0
20050629 122300,199.450000,199.460000,199.420000,199.420000,0
20050629 122400,199.430000,199.430000,199.410000,199.410000,0
20050629 122500,199.420000,199.420000,199.390000,199.390000,0
20050629 122600,199.400000,199.400000,199.370000,199.390000,0
20050629 122700,199.380000,199.440000,199.380000,199.430000,0
20050629 122800,199.420000,199.430000,199.380000,199.380000,0
20050629 122900,199.370000,199.390000,199.370000,199.390000,0
20050629 123000,199.380000,199.400000,199.360000,199.390000,0
20050629 123100,199.380000,199.390000,199.370000,199.380000,0
20050629 123200,199.370000,199.420000,199.360000,199.420000,0
20050629 123300,199.410000,199.430000,199.410000,199.430000,0
20050629 123400,199.440000,199.470000,199.440000,199.440000,0
20050629 123500,199.430000,199.440000,199.420000,199.430000,0
20050629 123600,199.420000,199.420000,199.420000,199.420000,0
20050629 123700,199.430000,199.460000,199.430000,199.450000,0
20050629 123800,199.460000,199.460000,199.430000,199.440000,0
20050629 123900,199.450000,199.460000,199.440000,199.450000,0
20050629 124000,199.440000,199.490000,199.430000,199.490000,0
20050629 124100,199.480000,199.490000,199.460000,199.470000,0
20050629 124200,199.460000,199.480000,199.450000,199.450000,0
20050629 124300,199.440000,199.480000,199.420000,199.480000,0
20050629 124400,199.490000,199.490000,199.450000,199.460000,0
20050629 124500,199.450000,199.460000,199.390000,199.400000,0
20050629 124600,199.410000,199.420000,199.400000,199.420000,0
20050629 124700,199.410000,199.430000,199.400000,199.410000,0
20050629 124800,199.420000,199.420000,199.380000,199.400000,0
20050629 124900,199.410000,199.410000,199.410000,199.410000,0
20050629 125000,199.390000,199.390000,199.370000,199.370000,0
20050629 125100,199.380000,199.380000,199.350000,199.350000,0
20050629 125200,199.360000,199.380000,199.320000,199.320000,0
20050629 125300,199.340000,199.350000,199.300000,199.300000,0
20050629 125400,199.290000,199.320000,199.260000,199.300000,0
20050629 125500,199.310000,199.340000,199.310000,199.340000,0
20050629 125600,199.350000,199.370000,199.340000,199.370000,0
20050629 125700,199.360000,199.370000,199.340000,199.340000,0
20050629 125800,199.350000,199.380000,199.350000,199.380000,0
20050629 125900,199.370000,199.370000,199.330000,199.350000,0
20050629 130000,199.360000,199.360000,199.330000,199.330000,0
20050629 130100,199.340000,199.350000,199.330000,199.350000,0
20050629 130200,199.340000,199.360000,199.340000,199.350000,0
20050629 130300,199.360000,199.360000,199.340000,199.340000,0
20050629 130400,199.350000,199.360000,199.350000,199.350000,0
20050629 130500,199.340000,199.350000,199.330000,199.350000,0
20050629 130700,199.340000,199.350000,199.340000,199.340000,0
20050629 130800,199.320000,199.370000,199.320000,199.370000,0
20050629 130900,199.350000,199.380000,199.350000,199.360000,0
20050629 131000,199.370000,199.370000,199.360000,199.360000,0
20050629 131100,199.370000,199.390000,199.360000,199.390000,0
20050629 131200,199.380000,199.390000,199.370000,199.380000,0
20050629 131300,199.390000,199.410000,199.350000,199.380000,0
20050629 131400,199.370000,199.400000,199.350000,199.380000,0
20050629 131500,199.390000,199.400000,199.380000,199.400000,0
20050629 131600,199.410000,199.410000,199.400000,199.400000,0
20050629 131700,199.390000,199.440000,199.390000,199.440000,0
20050629 131800,199.430000,199.480000,199.430000,199.440000,0
20050629 131900,199.450000,199.460000,199.430000,199.440000,0
20050629 132000,199.450000,199.460000,199.430000,199.440000,0
20050629 132100,199.430000,199.440000,199.420000,199.420000,0
20050629 132200,199.430000,199.440000,199.400000,199.430000,0
20050629 132300,199.440000,199.480000,199.430000,199.480000,0
20050629 132400,199.490000,199.510000,199.480000,199.490000,0
20050629 132500,199.500000,199.500000,199.480000,199.480000,0
20050629 132600,199.470000,199.470000,199.460000,199.460000,0
20050629 132700,199.450000,199.470000,199.440000,199.440000,0
20050629 132800,199.430000,199.440000,199.420000,199.430000,0
20050629 133000,199.420000,199.430000,199.420000,199.430000,0
20050629 133100,199.440000,199.450000,199.420000,199.440000,0
20050629 133200,199.430000,199.430000,199.410000,199.420000,0
20050629 133300,199.410000,199.430000,199.410000,199.420000,0
20050629 133400,199.430000,199.430000,199.400000,199.410000,0
20050629 133500,199.400000,199.400000,199.380000,199.400000,0
20050629 133600,199.390000,199.400000,199.380000,199.380000,0
20050629 133700,199.390000,199.400000,199.370000,199.390000,0
20050629 133800,199.380000,199.380000,199.370000,199.370000,0
20050629 133900,199.360000,199.400000,199.360000,199.400000,0
20050629 134000,199.410000,199.420000,199.390000,199.420000,0
20050629 134100,199.410000,199.410000,199.380000,199.380000,0
20050629 134200,199.370000,199.380000,199.360000,199.370000,0
20050629 134300,199.380000,199.390000,199.380000,199.390000,0
20050629 134400,199.410000,199.420000,199.390000,199.390000,0
20050629 134500,199.410000,199.420000,199.410000,199.420000,0
20050629 134600,199.430000,199.430000,199.410000,199.420000,0
20050629 134700,199.410000,199.450000,199.410000,199.450000,0
20050629 134800,199.440000,199.450000,199.410000,199.430000,0
20050629 134900,199.420000,199.440000,199.410000,199.440000,0
20050629 135000,199.450000,199.460000,199.430000,199.450000,0
20050629 135100,199.440000,199.460000,199.420000,199.460000,0
20050629 135200,199.470000,199.500000,199.470000,199.490000,0
20050629 135300,199.480000,199.490000,199.470000,199.490000,0
20050629 135400,199.480000,199.510000,199.480000,199.490000,0
20050629 135600,199.500000,199.500000,199.480000,199.490000,0
20050629 135700,199.500000,199.510000,199.480000,199.480000,0
20050629 135800,199.470000,199.480000,199.470000,199.470000,0
20050629 135900,199.480000,199.480000,199.460000,199.470000,0
20050629 140000,199.480000,199.480000,199.450000,199.450000,0
20050629 140100,199.460000,199.470000,199.450000,199.460000,0
20050629 140200,199.470000,199.480000,199.450000,199.460000,0
20050629 140300,199.470000,199.500000,199.450000,199.470000,0
20050629 140400,199.480000,199.480000,199.450000,199.450000,0
20050629 140500,199.460000,199.460000,199.440000,199.440000,0
20050629 140600,199.430000,199.460000,199.430000,199.450000,0
20050629 140700,199.460000,199.490000,199.440000,199.460000,0
20050629 140800,199.470000,199.470000,199.450000,199.450000,0
20050629 140900,199.440000,199.470000,199.430000,199.460000,0
20050629 141000,199.450000,199.450000,199.420000,199.420000,0
20050629 141100,199.430000,199.430000,199.420000,199.420000,0
20050629 141200,199.410000,199.410000,199.390000,199.410000,0
20050629 141300,199.400000,199.420000,199.400000,199.400000,0
20050629 141400,199.410000,199.410000,199.400000,199.410000,0
20050629 141500,199.400000,199.420000,199.400000,199.420000,0
20050629 141600,199.410000,199.420000,199.400000,199.420000,0
20050629 141700,199.430000,199.480000,199.430000,199.480000,0
20050629 141800,199.490000,199.490000,199.470000,199.470000,0
20050629 142000,199.480000,199.490000,199.460000,199.460000,0
20050629 142100,199.470000,199.510000,199.450000,199.470000,0
20050629 142200,199.460000,199.480000,199.450000,199.460000,0
20050629 142300,199.470000,199.480000,199.470000,199.470000,0
20050629 142400,199.480000,199.480000,199.470000,199.470000,0
20050629 142500,199.480000,199.480000,199.480000,199.480000,0
20050629 142600,199.470000,199.480000,199.470000,199.470000,0
20050629 142700,199.480000,199.480000,199.370000,199.380000,0
20050629 142800,199.360000,199.380000,199.340000,199.350000,0
20050629 142900,199.340000,199.350000,199.340000,199.350000,0
20050629 143000,199.340000,199.360000,199.340000,199.340000,0
20050629 143100,199.350000,199.370000,199.350000,199.370000,0
20050629 143200,199.360000,199.370000,199.360000,199.360000,0
20050629 143300,199.350000,199.370000,199.350000,199.360000,0
20050629 143400,199.370000,199.380000,199.360000,199.370000,0
20050629 143500,199.360000,199.380000,199.360000,199.370000,0
20050629 143600,199.380000,199.380000,199.370000,199.380000,0
20050629 143700,199.370000,199.370000,199.360000,199.370000,0
20050629 143800,199.360000,199.380000,199.360000,199.370000,0
20050629 143900,199.380000,199.380000,199.340000,199.370000,0
20050629 144100,199.360000,199.380000,199.340000,199.340000,0
20050629 144200,199.350000,199.370000,199.350000,199.360000,0
20050629 144300,199.370000,199.370000,199.360000,199.370000,0
20050629 144500,199.350000,199.350000,199.350000,199.350000,0
20050629 144600,199.340000,199.360000,199.340000,199.360000,0
20050629 144700,199.370000,199.390000,199.360000,199.390000,0
20050629 144800,199.400000,199.400000,199.360000,199.400000,0
20050629 144900,199.390000,199.440000,199.380000,199.420000,0
20050629 145000,199.440000,199.440000,199.440000,199.440000,0
20050629 145100,199.430000,199.450000,199.430000,199.440000,0
20050629 145200,199.450000,199.450000,199.410000,199.430000,0
20050629 145300,199.420000,199.450000,199.420000,199.430000,0
20050629 145400,199.440000,199.440000,199.430000,199.440000,0
20050629 145500,199.430000,199.450000,199.400000,199.400000,0
20050629 145600,199.410000,199.420000,199.390000,199.410000,0
20050629 145700,199.420000,199.420000,199.390000,199.400000,0
20050629 145800,199.410000,199.410000,199.360000,199.390000,0
20050629 145900,199.380000,199.390000,199.350000,199.360000,0
20050629 150000,199.370000,199.430000,199.370000,199.410000,0
20050629 150100,199.400000,199.440000,199.390000,199.440000,0
20050629 150200,199.430000,199.440000,199.420000,199.430000,0
20050629 150300,199.440000,199.440000,199.430000,199.430000,0
20050629 150400,199.420000,199.440000,199.410000,199.410000,0
20050629 150500,199.400000,199.410000,199.380000,199.400000,0
20050629 150600,199.390000,199.400000,199.380000,199.380000,0
20050629 150700,199.370000,199.390000,199.360000,199.360000,0
20050629 150800,199.370000,199.370000,199.350000,199.360000,0
20050629 150900,199.370000,199.370000,199.360000,199.360000,0
20050629 151100,199.350000,199.360000,199.340000,199.340000,0
20050629 151200,199.350000,199.370000,199.350000,199.350000,0
20050629 151300,199.340000,199.340000,199.310000,199.330000,0
20050629 151400,199.320000,199.340000,199.320000,199.340000,0
20050629 151500,199.350000,199.350000,199.340000,199.340000,0
20050629 151600,199.330000,199.330000,199.320000,199.330000,0
20050629 151700,199.340000,199.340000,199.310000,199.310000,0
20050629 151800,199.320000,199.350000,199.320000,199.350000,0
20050629 151900,199.340000,199.360000,199.340000,199.350000,0
20050629 152000,199.360000,199.360000,199.340000,199.340000,0
20050629 152100,199.330000,199.330000,199.320000,199.330000,0
20050629 152200,199.320000,199.330000,199.320000,199.320000,0
20050629 152300,199.330000,199.390000,199.320000,199.360000,0
20050629 152400,199.350000,199.370000,199.350000,199.360000,0
20050629 152500,199.370000,199.380000,199.360000,199.380000,0
20050629 152600,199.370000,199.390000,199.360000,199.370000,0
20050629 152700,199.360000,199.380000,199.360000,199.370000,0
20050629 152800,199.380000,199.390000,199.370000,199.380000,0
20050629 152900,199.370000,199.370000,199.350000,199.370000,0
20050629 153000,199.360000,199.370000,199.340000,199.360000,0
20050629 153100,199.350000,199.380000,199.340000,199.360000,0
20050629 153200,199.370000,199.370000,199.370000,199.370000,0
20050629 153400,199.360000,199.360000,199.350000,199.350000,0
20050629 153500,199.360000,199.370000,199.350000,199.350000,0
20050629 153600,199.360000,199.370000,199.360000,199.370000,0
20050629 153700,199.380000,199.390000,199.350000,199.350000,0
20050629 153800,199.340000,199.350000,199.330000,199.350000,0
20050629 153900,199.340000,199.340000,199.330000,199.330000,0
20050629 154000,199.320000,199.340000,199.320000,199.340000,0
20050629 154100,199.350000,199.360000,199.330000,199.360000,0
20050629 154200,199.370000,199.370000,199.350000,199.350000,0
20050629 154300,199.360000,199.370000,199.360000,199.370000,0
20050629 154400,199.360000,199.360000,199.340000,199.350000,0
20050629 154500,199.360000,199.360000,199.340000,199.360000,0
20050629 154600,199.370000,199.390000,199.370000,199.370000,0
20050629 154700,199.380000,199.430000,199.360000,199.400000,0
20050629 154800,199.410000,199.430000,199.410000,199.420000,0
20050629 154900,199.410000,199.430000,199.410000,199.430000,0
20050629 155000,199.420000,199.430000,199.410000,199.410000,0
20050629 155100,199.420000,199.440000,199.410000,199.420000,0
20050629 155200,199.430000,199.460000,199.420000,199.440000,0
20050629 155300,199.450000,199.470000,199.440000,199.440000,0
20050629 155400,199.450000,199.480000,199.430000,199.430000,0
20050629 155500,199.450000,199.450000,199.430000,199.450000,0
20050629 155600,199.460000,199.470000,199.430000,199.470000,0
20050629 155700,199.460000,199.510000,199.450000,199.510000,0
20050629 155800,199.520000,199.520000,199.500000,199.510000,0
20050629 155900,199.520000,199.540000,199.500000,199.510000,0
20050629 160000,199.520000,199.530000,199.520000,199.530000,0
20050629 160100,199.540000,199.540000,199.530000,199.530000,0
20050629 160200,199.520000,199.520000,199.500000,199.500000,0
20050629 160300,199.510000,199.510000,199.500000,199.500000,0
20050629 160400,199.510000,199.510000,199.490000,199.510000,0
20050629 160500,199.520000,199.530000,199.510000,199.510000,0
20050629 160600,199.500000,199.510000,199.500000,199.510000,0
20050629 160700,199.520000,199.520000,199.510000,199.510000,0
20050629 160800,199.520000,199.520000,199.520000,199.520000,0
20050629 160900,199.510000,199.530000,199.490000,199.490000,0
20050629 161000,199.500000,199.510000,199.490000,199.510000,0
20050629 161100,199.500000,199.510000,199.480000,199.480000,0
20050629 161200,199.470000,199.510000,199.460000,199.480000,0
20050629 161300,199.470000,199.520000,199.470000,199.500000,0
20050629 161400,199.490000,199.510000,199.490000,199.500000,0
20050629 161500,199.510000,199.510000,199.490000,199.500000,0
20050629 161600,199.520000,199.520000,199.480000,199.510000,0
20050629 161700,199.490000,199.510000,199.490000,199.510000,0
20050629 161800,199.500000,199.500000,199.480000,199.500000,0
20050629 161900,199.490000,199.510000,199.480000,199.500000,0
20050629 162000,199.510000,199.540000,199.490000,199.510000,0
20050629 162100,199.520000,199.520000,199.490000,199.510000,0
20050629 162200,199.500000,199.500000,199.490000,199.500000,0
20050629 162300,199.510000,199.520000,199.510000,199.510000,0
20050629 162400,199.490000,199.510000,199.480000,199.500000,0
20050629 162600,199.490000,199.500000,199.480000,199.480000,0
20050629 162700,199.500000,199.500000,199.480000,199.500000,0
20050629 162800,199.510000,199.510000,199.510000,199.510000,0
20050629 162900,199.520000,199.520000,199.510000,199.520000,0
20050629 163000,199.530000,199.540000,199.520000,199.530000,0
20050629 163100,199.520000,199.530000,199.510000,199.520000,0
20050629 163200,199.530000,199.530000,199.500000,199.520000,0
20050629 163300,199.510000,199.520000,199.510000,199.520000,0
20050629 163400,199.510000,199.530000,199.500000,199.500000,0
20050629 163500,199.510000,199.530000,199.500000,199.530000,0
20050629 163600,199.540000,199.550000,199.540000,199.550000,0
20050629 163700,199.570000,199.590000,199.570000,199.590000,0
20050629 163800,199.580000,199.580000,199.520000,199.560000,0
20050629 163900,199.550000,199.570000,199.540000,199.560000,0
20050629 164000,199.570000,199.580000,199.560000,199.580000,0
20050629 164100,199.570000,199.580000,199.550000,199.550000,0
20050629 164200,199.560000,199.560000,199.540000,199.540000,0
20050629 164300,199.550000,199.550000,199.540000,199.540000,0
20050629 164400,199.550000,199.550000,199.540000,199.540000,0
20050629 164500,199.550000,199.550000,199.510000,199.520000,0
20050629 164600,199.530000,199.530000,199.510000,199.520000,0
20050629 164700,199.530000,199.540000,199.520000,199.530000,0
20050629 164800,199.520000,199.550000,199.520000,199.530000,0
20050629 164900,199.540000,199.540000,199.510000,199.530000,0
20050629 165000,199.550000,199.560000,199.490000,199.520000,0
20050629 165100,199.510000,199.520000,199.480000,199.510000,0
20050629 165200,199.520000,199.520000,199.490000,199.520000,0
20050629 165300,199.510000,199.530000,199.510000,199.530000,0
20050629 165400,199.520000,199.520000,199.510000,199.510000,0
20050629 165500,199.520000,199.550000,199.520000,199.550000,0
20050629 165600,199.540000,199.560000,199.540000,199.560000,0
20050629 165700,199.550000,199.560000,199.530000,199.530000,0
20050629 165800,199.540000,199.540000,199.520000,199.530000,0
20050629 165900,199.540000,199.560000,199.510000,199.530000,0
20050629 170000,199.520000,199.570000,199.510000,199.570000,0
20050629 172400,199.610000,199.610000,199.610000,199.610000,0
20050629 172500,199.630000,199.630000,199.600000,199.610000,0
20050629 172600,199.600000,199.610000,199.600000,199.610000,0
20050629 172900,199.590000,199.630000,199.570000,199.620000,0
20050629 173000,199.630000,199.630000,199.610000,199.610000,0
20050629 173100,199.590000,199.610000,199.590000,199.590000,0
20050629 173200,199.600000,199.610000,199.580000,199.580000,0
20050629 173300,199.570000,199.600000,199.570000,199.580000,0
20050629 173500,199.570000,199.590000,199.570000,199.570000,0
20050629 173600,199.590000,199.630000,199.590000,199.620000,0
20050629 173700,199.650000,199.650000,199.600000,199.600000,0
20050629 173900,199.590000,199.590000,199.560000,199.590000,0
20050629 174100,199.600000,199.620000,199.590000,199.610000,0
20050629 174200,199.590000,199.600000,199.570000,199.570000,0
20050629 174300,199.560000,199.570000,199.560000,199.560000,0
20050629 174400,199.550000,199.590000,199.550000,199.590000,0
20050629 174500,199.600000,199.600000,199.570000,199.570000,0
20050629 174600,199.580000,199.580000,199.570000,199.570000,0
20050629 174700,199.530000,199.530000,199.520000,199.530000,0
20050629 174800,199.560000,199.560000,199.550000,199.550000,0
20050629 174900,199.540000,199.540000,199.520000,199.520000,0
20050629 175000,199.530000,199.560000,199.530000,199.560000,0
20050629 175100,199.580000,199.610000,199.570000,199.590000,0
20050629 175200,199.580000,199.580000,199.550000,199.560000,0
20050629 175400,199.550000,199.560000,199.550000,199.560000,0
20050629 175700,199.550000,199.550000,199.540000,199.550000,0
20050629 175800,199.560000,199.560000,199.560000,199.560000,0
20050629 175900,199.550000,199.560000,199.550000,199.560000,0
20050629 180000,199.550000,199.560000,199.550000,199.550000,0
20050629 180100,199.540000,199.610000,199.520000,199.540000,0
20050629 180200,199.560000,199.590000,199.520000,199.560000,0
20050629 180300,199.570000,199.570000,199.560000,199.560000,0
20050629 180400,199.570000,199.570000,199.570000,199.570000,0
20050629 180600,199.560000,199.560000,199.560000,199.560000,0
20050629 180900,199.570000,199.570000,199.570000,199.570000,0
20050629 181000,199.560000,199.590000,199.560000,199.570000,0
20050629 181100,199.580000,199.580000,199.570000,199.570000,0
20050629 181400,199.560000,199.560000,199.560000,199.560000,0
20050629 181500,199.570000,199.570000,199.560000,199.560000,0
20050629 181600,199.570000,199.570000,199.530000,199.530000,0
20050629 181800,199.540000,199.550000,199.530000,199.530000,0
20050629 181900,199.520000,199.520000,199.520000,199.520000,0
20050629 182000,199.530000,199.530000,199.530000,199.530000,0
20050629 182300,199.510000,199.520000,199.510000,199.520000,0
20050629 182400,199.510000,199.510000,199.490000,199.490000,0
20050629 182500,199.500000,199.500000,199.490000,199.500000,0
20050629 182600,199.520000,199.520000,199.510000,199.520000,0
20050629 182700,199.500000,199.510000,199.500000,199.510000,0
20050629 182800,199.490000,199.490000,199.490000,199.490000,0
20050629 182900,199.500000,199.500000,199.480000,199.500000,0
20050629 183000,199.490000,199.510000,199.460000,199.460000,0
20050629 183100,199.470000,199.480000,199.450000,199.480000,0
20050629 183200,199.490000,199.490000,199.470000,199.490000,0
20050629 183400,199.480000,199.490000,199.480000,199.490000,0
20050629 183500,199.480000,199.570000,199.480000,199.530000,0
20050629 183600,199.520000,199.540000,199.510000,199.520000,0
20050629 183700,199.510000,199.510000,199.490000,199.490000,0
20050629 183900,199.510000,199.510000,199.500000,199.500000,0
20050629 184000,199.510000,199.520000,199.510000,199.520000,0
20050629 184100,199.510000,199.530000,199.510000,199.530000,0
20050629 184200,199.520000,199.520000,199.520000,199.520000,0
20050629 184300,199.510000,199.510000,199.490000,199.490000,0
20050629 184400,199.480000,199.480000,199.470000,199.470000,0
20050629 184500,199.460000,199.460000,199.460000,199.460000,0
20050629 184600,199.470000,199.520000,199.460000,199.500000,0
20050629 184900,199.490000,199.490000,199.490000,199.490000,0
20050629 185000,199.510000,199.510000,199.490000,199.510000,0
20050629 185100,199.520000,199.530000,199.520000,199.530000,0
20050629 185300,199.550000,199.580000,199.550000,199.570000,0
20050629 185400,199.580000,199.580000,199.520000,199.540000,0
20050629 185500,199.550000,199.550000,199.540000,199.550000,0
20050629 185600,199.540000,199.570000,199.540000,199.570000,0
20050629 185700,199.560000,199.570000,199.550000,199.570000,0
20050629 185800,199.590000,199.590000,199.570000,199.570000,0
20050629 185900,199.580000,199.630000,199.580000,199.610000,0
20050629 190000,199.600000,199.610000,199.590000,199.610000,0
20050629 190100,199.600000,199.610000,199.580000,199.610000,0
20050629 190200,199.620000,199.620000,199.610000,199.610000,0
20050629 190300,199.590000,199.610000,199.590000,199.590000,0
20050629 190500,199.580000,199.590000,199.580000,199.590000,0
20050629 190600,199.600000,199.610000,199.600000,199.610000,0
20050629 190800,199.600000,199.610000,199.600000,199.600000,0
20050629 191100,199.610000,199.610000,199.580000,199.590000,0
20050629 191200,199.600000,199.600000,199.590000,199.590000,0
20050629 191300,199.580000,199.600000,199.560000,199.600000,0
20050629 191400,199.610000,199.620000,199.590000,199.600000,0
20050629 191600,199.610000,199.620000,199.610000,199.620000,0
20050629 191700,199.630000,199.640000,199.630000,199.640000,0
20050629 191800,199.650000,199.660000,199.640000,199.650000,0
20050629 191900,199.640000,199.650000,199.630000,199.640000,0
20050629 192000,199.630000,199.630000,199.630000,199.630000,0
20050629 192100,199.640000,199.670000,199.640000,199.660000,0
20050629 192200,199.640000,199.690000,199.640000,199.690000,0
20050629 192300,199.700000,199.760000,199.700000,199.750000,0
20050629 192400,199.770000,199.780000,199.770000,199.770000,0
20050629 192500,199.760000,199.790000,199.750000,199.770000,0
20050629 192600,199.760000,199.770000,199.750000,199.750000,0
20050629 192700,199.760000,199.780000,199.750000,199.760000,0
20050629 192800,199.750000,199.760000,199.750000,199.750000,0
20050629 192900,199.760000,199.770000,199.760000,199.760000,0
20050629 193000,199.770000,199.770000,199.760000,199.760000,0
20050629 193100,199.750000,199.750000,199.730000,199.740000,0
20050629 193200,199.750000,199.770000,199.750000,199.750000,0
20050629 193300,199.760000,199.770000,199.710000,199.710000,0
20050629 193400,199.720000,199.720000,199.700000,199.720000,0
20050629 193500,199.710000,199.730000,199.700000,199.720000,0
20050629 193600,199.730000,199.770000,199.710000,199.750000,0
20050629 193700,199.740000,199.750000,199.730000,199.730000,0
20050629 193800,199.750000,199.750000,199.740000,199.750000,0
20050629 193900,199.740000,199.740000,199.730000,199.730000,0
20050629 194000,199.710000,199.740000,199.710000,199.720000,0
20050629 194100,199.730000,199.730000,199.720000,199.720000,0
20050629 194200,199.730000,199.730000,199.710000,199.720000,0
20050629 194400,199.710000,199.710000,199.690000,199.700000,0
20050629 194500,199.710000,199.710000,199.700000,199.700000,0
20050629 194600,199.690000,199.700000,199.680000,199.690000,0
20050629 194700,199.700000,199.710000,199.690000,199.700000,0
20050629 194800,199.710000,199.730000,199.700000,199.720000,0
20050629 194900,199.710000,199.720000,199.700000,199.720000,0
20050629 195000,199.700000,199.700000,199.650000,199.660000,0
20050629 195100,199.670000,199.690000,199.660000,199.690000,0
20050629 195200,199.700000,199.700000,199.660000,199.660000,0
20050629 195300,199.670000,199.680000,199.650000,199.650000,0
20050629 195400,199.640000,199.650000,199.640000,199.650000,0
20050629 195500,199.640000,199.670000,199.640000,199.670000,0
20050629 195600,199.660000,199.670000,199.650000,199.670000,0
20050629 195700,199.660000,199.680000,199.660000,199.670000,0
20050629 195800,199.660000,199.660000,199.580000,199.580000,0
20050629 195900,199.590000,199.600000,199.580000,199.580000,0
20050629 200000,199.590000,199.660000,199.590000,199.620000,0
20050629 200100,199.610000,199.610000,199.590000,199.610000,0
20050629 200200,199.620000,199.680000,199.620000,199.650000,0
20050629 200300,199.660000,199.670000,199.640000,199.650000,0
20050629 200400,199.660000,199.660000,199.640000,199.650000,0
20050629 200500,199.660000,199.680000,199.660000,199.680000,0
20050629 200600,199.670000,199.670000,199.670000,199.670000,0
20050629 200700,199.680000,199.690000,199.670000,199.690000,0
20050629 200800,199.680000,199.690000,199.630000,199.640000,0
20050629 200900,199.630000,199.660000,199.620000,199.620000,0
20050629 201000,199.610000,199.610000,199.590000,199.600000,0
20050629 201100,199.590000,199.600000,199.550000,199.560000,0
20050629 201200,199.570000,199.600000,199.560000,199.570000,0
20050629 201300,199.580000,199.600000,199.570000,199.580000,0
20050629 201400,199.570000,199.600000,199.570000,199.590000,0
20050629 201500,199.600000,199.600000,199.560000,199.580000,0
20050629 201600,199.560000,199.570000,199.550000,199.560000,0
20050629 201700,199.580000,199.590000,199.570000,199.580000,0
20050629 201800,199.570000,199.570000,199.530000,199.540000,0
20050629 201900,199.550000,199.570000,199.520000,199.530000,0
20050629 202000,199.520000,199.520000,199.480000,199.500000,0
20050629 202100,199.510000,199.520000,199.490000,199.500000,0
20050629 202200,199.510000,199.520000,199.490000,199.490000,0
20050629 202300,199.500000,199.530000,199.490000,199.530000,0
20050629 202400,199.540000,199.540000,199.500000,199.510000,0
20050629 202500,199.500000,199.510000,199.500000,199.510000,0
20050629 202600,199.500000,199.540000,199.490000,199.530000,0
20050629 202700,199.540000,199.570000,199.540000,199.570000,0
20050629 202800,199.580000,199.620000,199.580000,199.600000,0
20050629 202900,199.610000,199.620000,199.590000,199.600000,0
20050629 203000,199.590000,199.640000,199.590000,199.620000,0
20050629 203100,199.630000,199.650000,199.610000,199.640000,0
20050629 203200,199.650000,199.650000,199.620000,199.630000,0
20050629 203300,199.640000,199.670000,199.640000,199.650000,0
20050629 203400,199.640000,199.660000,199.630000,199.630000,0
20050629 203500,199.620000,199.640000,199.620000,199.630000,0
20050629 203600,199.640000,199.650000,199.610000,199.610000,0
20050629 203700,199.620000,199.660000,199.620000,199.650000,0
20050629 203800,199.640000,199.650000,199.620000,199.620000,0
20050629 203900,199.630000,199.640000,199.580000,199.620000,0
20050629 204000,199.630000,199.660000,199.620000,199.620000,0
20050629 204100,199.630000,199.660000,199.620000,199.640000,0
20050629 204200,199.650000,199.650000,199.650000,199.650000,0
20050629 204300,199.660000,199.660000,199.640000,199.650000,0
20050629 204400,199.640000,199.650000,199.630000,199.640000,0
20050629 204500,199.630000,199.640000,199.610000,199.610000,0
20050629 204600,199.620000,199.630000,199.610000,199.620000,0
20050629 204700,199.610000,199.660000,199.610000,199.660000,0
20050629 204800,199.670000,199.730000,199.670000,199.690000,0
20050629 204900,199.680000,199.680000,199.650000,199.670000,0
20050629 205000,199.680000,199.700000,199.660000,199.670000,0
20050629 205100,199.680000,199.690000,199.670000,199.680000,0
20050629 205200,199.690000,199.710000,199.680000,199.690000,0
20050629 205300,199.700000,199.710000,199.690000,199.690000,0
20050629 205400,199.700000,199.760000,199.700000,199.760000,0
20050629 205500,199.720000,199.750000,199.710000,199.730000,0
20050629 205600,199.740000,199.740000,199.710000,199.720000,0
20050629 205700,199.710000,199.730000,199.670000,199.690000,0
20050629 205800,199.680000,199.680000,199.640000,199.670000,0
20050629 205900,199.660000,199.660000,199.610000,199.620000,0
20050629 210000,199.630000,199.640000,199.620000,199.620000,0
20050629 210100,199.610000,199.620000,199.600000,199.610000,0
20050629 210200,199.620000,199.640000,199.610000,199.620000,0
20050629 210300,199.630000,199.640000,199.620000,199.640000,0
20050629 210400,199.630000,199.660000,199.630000,199.640000,0
20050629 210500,199.630000,199.630000,199.590000,199.610000,0
20050629 210600,199.620000,199.640000,199.620000,199.640000,0
20050629 210700,199.630000,199.640000,199.630000,199.640000,0
20050629 210800,199.630000,199.630000,199.580000,199.600000,0
20050629 210900,199.590000,199.600000,199.580000,199.580000,0
20050629 211000,199.590000,199.600000,199.590000,199.600000,0
20050629 211100,199.590000,199.600000,199.570000,199.580000,0
20050629 211200,199.570000,199.580000,199.550000,199.560000,0
20050629 211300,199.570000,199.600000,199.550000,199.590000,0
20050629 211400,199.580000,199.580000,199.570000,199.570000,0
20050629 211500,199.560000,199.580000,199.560000,199.570000,0
20050629 211600,199.560000,199.590000,199.560000,199.570000,0
20050629 211700,199.560000,199.570000,199.550000,199.560000,0
20050629 211800,199.550000,199.560000,199.540000,199.540000,0
20050629 211900,199.550000,199.550000,199.530000,199.550000,0
20050629 212000,199.560000,199.570000,199.560000,199.560000,0
20050629 212100,199.570000,199.570000,199.570000,199.570000,0
20050629 212200,199.550000,199.560000,199.530000,199.560000,0
20050629 212300,199.550000,199.550000,199.540000,199.550000,0
20050629 212400,199.540000,199.560000,199.540000,199.540000,0
20050629 212500,199.550000,199.550000,199.540000,199.550000,0
20050629 212600,199.540000,199.560000,199.540000,199.540000,0
20050629 212700,199.530000,199.530000,199.480000,199.490000,0
20050629 212800,199.500000,199.550000,199.480000,199.550000,0
20050629 212900,199.540000,199.550000,199.540000,199.550000,0
20050629 213000,199.560000,199.560000,199.550000,199.560000,0
20050629 213100,199.570000,199.570000,199.510000,199.510000,0
20050629 213200,199.520000,199.540000,199.480000,199.520000,0
20050629 213300,199.510000,199.510000,199.490000,199.510000,0
20050629 213400,199.500000,199.500000,199.490000,199.490000,0
20050629 213500,199.480000,199.490000,199.480000,199.480000,0
20050629 213600,199.470000,199.470000,199.460000,199.470000,0
20050629 213700,199.480000,199.480000,199.370000,199.380000,0
20050629 213800,199.390000,199.400000,199.370000,199.400000,0
20050629 213900,199.390000,199.400000,199.380000,199.380000,0
20050629 214000,199.370000,199.400000,199.370000,199.400000,0
20050629 214100,199.410000,199.450000,199.410000,199.430000,0
20050629 214200,199.440000,199.470000,199.420000,199.470000,0
20050629 214300,199.480000,199.490000,199.410000,199.410000,0
20050629 214400,199.400000,199.410000,199.370000,199.410000,0
20050629 214500,199.400000,199.440000,199.390000,199.420000,0
20050629 214600,199.410000,199.420000,199.390000,199.410000,0
20050629 214700,199.430000,199.430000,199.370000,199.370000,0
20050629 214800,199.360000,199.390000,199.350000,199.380000,0
20050629 214900,199.370000,199.370000,199.360000,199.360000,0
20050629 215000,199.350000,199.370000,199.330000,199.350000,0
20050629 215100,199.340000,199.350000,199.320000,199.340000,0
20050629 215200,199.350000,199.360000,199.350000,199.350000,0
20050629 215300,199.330000,199.350000,199.310000,199.350000,0
20050629 215400,199.340000,199.360000,199.340000,199.360000,0
20050629 215500,199.350000,199.390000,199.320000,199.370000,0
20050629 215600,199.390000,199.420000,199.390000,199.410000,0
20050629 215700,199.400000,199.420000,199.380000,199.420000,0
20050629 215800,199.430000,199.440000,199.430000,199.430000,0
20050629 215900,199.440000,199.440000,199.430000,199.430000,0
20050629 220000,199.420000,199.460000,199.420000,199.420000,0
20050629 220100,199.430000,199.440000,199.400000,199.400000,0
20050629 220200,199.410000,199.420000,199.390000,199.400000,0
20050629 220400,199.390000,199.420000,199.390000,199.400000,0
20050629 220500,199.410000,199.440000,199.410000,199.440000,0
20050629 220600,199.430000,199.430000,199.420000,199.420000,0
20050629 220700,199.440000,199.440000,199.440000,199.440000,0
20050629 220800,199.430000,199.430000,199.400000,199.400000,0
20050629 220900,199.410000,199.410000,199.410000,199.410000,0
20050629 221000,199.400000,199.410000,199.390000,199.390000,0
20050629 221100,199.400000,199.440000,199.390000,199.420000,0
20050629 221300,199.410000,199.410000,199.390000,199.390000,0
20050629 221400,199.380000,199.400000,199.380000,199.390000,0
20050629 221500,199.400000,199.440000,199.390000,199.430000,0
20050629 221600,199.420000,199.420000,199.400000,199.410000,0
20050629 221700,199.400000,199.440000,199.400000,199.440000,0
20050629 221800,199.430000,199.430000,199.420000,199.420000,0
20050629 221900,199.430000,199.430000,199.410000,199.410000,0
20050629 222000,199.420000,199.430000,199.420000,199.430000,0
20050629 222100,199.440000,199.440000,199.410000,199.420000,0
20050629 222200,199.430000,199.430000,199.400000,199.400000,0
20050629 222300,199.410000,199.420000,199.400000,199.410000,0
20050629 222400,199.420000,199.430000,199.410000,199.420000,0
20050629 222500,199.410000,199.410000,199.400000,199.410000,0
20050629 222600,199.400000,199.410000,199.390000,199.400000,0
20050629 222700,199.410000,199.420000,199.390000,199.390000,0
20050629 222800,199.400000,199.410000,199.400000,199.400000,0
20050629 222900,199.390000,199.460000,199.370000,199.440000,0
20050629 223000,199.450000,199.470000,199.450000,199.470000,0
20050629 223100,199.460000,199.480000,199.430000,199.430000,0
20050629 223200,199.440000,199.440000,199.410000,199.420000,0
20050629 223300,199.430000,199.450000,199.410000,199.430000,0
20050629 223400,199.420000,199.460000,199.420000,199.430000,0
20050629 223500,199.420000,199.430000,199.410000,199.410000,0
20050629 223600,199.420000,199.420000,199.410000,199.410000,0
20050629 223700,199.400000,199.430000,199.380000,199.420000,0
20050629 223800,199.430000,199.430000,199.400000,199.400000,0
20050629 223900,199.410000,199.420000,199.390000,199.400000,0
20050629 224000,199.390000,199.400000,199.380000,199.380000,0
20050629 224100,199.390000,199.390000,199.310000,199.310000,0
20050629 224200,199.320000,199.330000,199.250000,199.260000,0
20050629 224300,199.250000,199.290000,199.240000,199.250000,0
20050629 224400,199.260000,199.290000,199.260000,199.290000,0
20050629 224500,199.300000,199.300000,199.280000,199.300000,0
20050629 224600,199.290000,199.300000,199.270000,199.270000,0
20050629 224700,199.280000,199.290000,199.260000,199.260000,0
20050629 224800,199.270000,199.290000,199.270000,199.290000,0
20050629 224900,199.300000,199.300000,199.290000,199.290000,0
20050629 225000,199.300000,199.300000,199.280000,199.280000,0
20050629 225100,199.270000,199.290000,199.270000,199.290000,0
20050629 225200,199.300000,199.310000,199.290000,199.290000,0
20050629 225400,199.280000,199.300000,199.280000,199.280000,0
20050629 225500,199.270000,199.270000,199.270000,199.270000,0
20050629 225800,199.280000,199.290000,199.260000,199.260000,0
20050629 225900,199.250000,199.250000,199.240000,199.250000,0
20050629 230000,199.270000,199.270000,199.220000,199.250000,0
20050629 230100,199.240000,199.270000,199.230000,199.260000,0
20050629 230200,199.270000,199.270000,199.210000,199.210000,0
20050629 230300,199.230000,199.260000,199.210000,199.240000,0
20050629 230400,199.260000,199.260000,199.240000,199.260000,0
20050629 230500,199.270000,199.270000,199.250000,199.250000,0
20050629 230600,199.270000,199.270000,199.240000,199.240000,0
20050629 230700,199.250000,199.260000,199.240000,199.260000,0
20050629 230800,199.240000,199.260000,199.240000,199.250000,0
20050629 230900,199.240000,199.260000,199.220000,199.220000,0
20050629 231000,199.230000,199.260000,199.230000,199.240000,0
20050629 231100,199.220000,199.220000,199.200000,199.200000,0
20050629 231200,199.210000,199.220000,199.210000,199.220000,0
20050629 231300,199.210000,199.230000,199.210000,199.230000,0
20050629 231400,199.220000,199.230000,199.210000,199.230000,0
20050629 231500,199.240000,199.250000,199.240000,199.250000,0
20050629 231600,199.280000,199.280000,199.230000,199.240000,0
20050629 231900,199.230000,199.230000,199.230000,199.230000,0
20050629 232000,199.240000,199.240000,199.240000,199.240000,0
20050629 232200,199.230000,199.240000,199.230000,199.240000,0
20050629 232300,199.250000,199.260000,199.240000,199.260000,0
20050629 232400,199.270000,199.320000,199.270000,199.320000,0
20050629 232500,199.330000,199.330000,199.260000,199.300000,0
20050629 232600,199.290000,199.330000,199.260000,199.330000,0
20050629 232700,199.320000,199.320000,199.280000,199.300000,0
20050629 232800,199.290000,199.320000,199.290000,199.320000,0
20050629 232900,199.310000,199.330000,199.310000,199.310000,0
20050629 233000,199.320000,199.330000,199.310000,199.330000,0
20050629 233100,199.340000,199.340000,199.330000,199.330000,0
20050629 233200,199.340000,199.340000,199.340000,199.340000,0
20050629 233300,199.330000,199.370000,199.330000,199.340000,0
20050629 233400,199.350000,199.350000,199.350000,199.350000,0
20050629 233500,199.360000,199.370000,199.350000,199.350000,0
20050629 233600,199.340000,199.360000,199.340000,199.360000,0
20050629 233700,199.370000,199.370000,199.370000,199.370000,0
20050629 233800,199.360000,199.360000,199.350000,199.360000,0
20050629 234000,199.350000,199.350000,199.340000,199.340000,0
20050629 234100,199.330000,199.340000,199.310000,199.310000,0
20050629 234200,199.300000,199.310000,199.290000,199.310000,0
20050629 234300,199.300000,199.310000,199.270000,199.270000,0
20050629 234400,199.280000,199.300000,199.270000,199.290000,0
20050629 234500,199.300000,199.300000,199.280000,199.300000,0
20050629 234600,199.320000,199.320000,199.290000,199.290000,0
20050629 234700,199.300000,199.310000,199.290000,199.300000,0
20050629 234800,199.310000,199.330000,199.300000,199.320000,0
20050629 234900,199.330000,199.340000,199.330000,199.330000,0
20050629 235000,199.320000,199.340000,199.320000,199.340000,0
20050629 235100,199.350000,199.350000,199.340000,199.340000,0
20050629 235200,199.330000,199.340000,199.330000,199.340000,0
20050629 235300,199.350000,199.360000,199.340000,199.350000,0
20050629 235400,199.360000,199.360000,199.340000,199.340000,0
20050629 235500,199.350000,199.360000,199.340000,199.350000,0
20050629 235600,199.360000,199.360000,199.340000,199.350000,0
20050629 235700,199.340000,199.340000,199.320000,199.320000,0
20050629 235800,199.330000,199.330000,199.320000,199.320000,0
20050629 235900,199.330000,199.330000,199.300000,199.310000,0
