20030618 000200,199.120000,199.120000,199.110000,199.110000,0
20030618 000300,199.120000,199.120000,199.090000,199.100000,0
20030618 000400,199.110000,199.120000,199.110000,199.110000,0
20030618 000500,199.120000,199.120000,199.100000,199.110000,0
20030618 000600,199.100000,199.100000,199.100000,199.100000,0
20030618 000700,199.090000,199.090000,199.090000,199.090000,0
20030618 000800,199.080000,199.110000,199.080000,199.110000,0
20030618 000900,199.120000,199.140000,199.110000,199.110000,0
20030618 001000,199.120000,199.130000,199.110000,199.130000,0
20030618 001100,199.140000,199.150000,199.110000,199.130000,0
20030618 001200,199.140000,199.150000,199.130000,199.140000,0
20030618 001300,199.130000,199.140000,199.120000,199.130000,0
20030618 001400,199.140000,199.150000,199.120000,199.120000,0
20030618 001500,199.130000,199.140000,199.130000,199.140000,0
20030618 001600,199.130000,199.140000,199.130000,199.140000,0
20030618 001700,199.150000,199.150000,199.140000,199.140000,0
20030618 001800,199.150000,199.170000,199.150000,199.160000,0
20030618 002000,199.170000,199.210000,199.160000,199.200000,0
20030618 002100,199.190000,199.190000,199.140000,199.180000,0
20030618 002200,199.170000,199.190000,199.160000,199.160000,0
20030618 002300,199.150000,199.160000,199.150000,199.150000,0
20030618 002400,199.160000,199.160000,199.160000,199.160000,0
20030618 002700,199.150000,199.150000,199.130000,199.130000,0
20030618 002800,199.140000,199.150000,199.130000,199.130000,0
20030618 002900,199.120000,199.150000,199.110000,199.150000,0
20030618 003000,199.140000,199.180000,199.140000,199.180000,0
20030618 003100,199.190000,199.200000,199.180000,199.190000,0
20030618 003200,199.180000,199.190000,199.180000,199.190000,0
20030618 003400,199.200000,199.210000,199.180000,199.190000,0
20030618 003500,199.200000,199.230000,199.180000,199.200000,0
20030618 003600,199.190000,199.190000,199.190000,199.190000,0
20030618 003700,199.200000,199.200000,199.170000,199.200000,0
20030618 003800,199.190000,199.190000,199.180000,199.180000,0
20030618 003900,199.190000,199.190000,199.190000,199.190000,0
20030618 004000,199.180000,199.200000,199.170000,199.190000,0
20030618 004100,199.180000,199.190000,199.170000,199.190000,0
20030618 004300,199.200000,199.200000,199.180000,199.180000,0
20030618 004400,199.190000,199.200000,199.190000,199.200000,0
20030618 004500,199.190000,199.200000,199.160000,199.170000,0
20030618 004600,199.180000,199.190000,199.170000,199.180000,0
20030618 004700,199.190000,199.200000,199.190000,199.200000,0
20030618 004800,199.190000,199.200000,199.190000,199.190000,0
20030618 004900,199.180000,199.190000,199.170000,199.170000,0
20030618 005000,199.160000,199.180000,199.130000,199.170000,0
20030618 005100,199.180000,199.190000,199.140000,199.170000,0
20030618 005200,199.180000,199.180000,199.140000,199.170000,0
20030618 005300,199.160000,199.160000,199.120000,199.120000,0
20030618 005400,199.130000,199.150000,199.120000,199.130000,0
20030618 005500,199.120000,199.130000,199.110000,199.130000,0
20030618 005600,199.120000,199.130000,199.110000,199.110000,0
20030618 005700,199.120000,199.120000,199.110000,199.110000,0
20030618 005800,199.100000,199.120000,199.090000,199.100000,0
20030618 005900,199.110000,199.130000,199.070000,199.110000,0
20030618 010000,199.100000,199.120000,199.070000,199.090000,0
20030618 010100,199.080000,199.090000,199.080000,199.090000,0
20030618 010200,199.080000,199.090000,199.080000,199.090000,0
20030618 010300,199.080000,199.090000,199.070000,199.070000,0
20030618 010400,199.080000,199.080000,199.070000,199.070000,0
20030618 010500,199.080000,199.110000,199.080000,199.100000,0
20030618 010600,199.090000,199.100000,199.080000,199.080000,0
20030618 010700,199.090000,199.090000,199.040000,199.040000,0
20030618 010800,199.030000,199.030000,199.020000,199.030000,0
20030618 011000,199.040000,199.050000,199.020000,199.020000,0
20030618 011100,199.010000,199.030000,199.000000,199.020000,0
20030618 011200,199.010000,199.020000,198.980000,198.990000,0
20030618 011300,198.980000,199.020000,198.980000,199.020000,0
20030618 011400,199.030000,199.040000,199.020000,199.040000,0
20030618 011500,199.030000,199.030000,199.000000,199.010000,0
20030618 011600,199.020000,199.040000,198.980000,199.030000,0
20030618 011700,199.040000,199.080000,199.030000,199.060000,0
20030618 011800,199.070000,199.070000,199.020000,199.020000,0
20030618 011900,199.030000,199.050000,199.020000,199.040000,0
20030618 012000,199.050000,199.060000,199.050000,199.050000,0
20030618 012100,199.060000,199.060000,198.990000,199.010000,0
20030618 012200,199.000000,199.010000,198.990000,198.990000,0
20030618 012300,199.000000,199.030000,199.000000,199.020000,0
20030618 012400,199.010000,199.010000,198.970000,198.970000,0
20030618 012500,198.980000,198.990000,198.950000,198.980000,0
20030618 012600,198.970000,198.990000,198.960000,198.990000,0
20030618 012700,198.980000,198.990000,198.970000,198.970000,0
20030618 012800,198.980000,198.990000,198.960000,198.970000,0
20030618 012900,198.960000,198.980000,198.940000,198.940000,0
20030618 013000,198.930000,198.940000,198.920000,198.940000,0
20030618 013100,198.950000,198.950000,198.940000,198.940000,0
20030618 013200,198.950000,198.960000,198.920000,198.920000,0
20030618 013300,198.910000,198.930000,198.900000,198.920000,0
20030618 013400,198.930000,198.930000,198.910000,198.930000,0
20030618 013500,198.940000,198.950000,198.940000,198.950000,0
20030618 013700,198.940000,198.940000,198.940000,198.940000,0
20030618 013800,198.950000,198.990000,198.950000,198.990000,0
20030618 013900,198.980000,199.010000,198.980000,199.010000,0
20030618 014000,199.000000,199.020000,198.990000,199.000000,0
20030618 014100,199.010000,199.020000,198.990000,199.010000,0
20030618 014200,199.020000,199.090000,199.010000,199.090000,0
20030618 014300,199.080000,199.130000,199.060000,199.120000,0
20030618 014400,199.130000,199.150000,199.110000,199.110000,0
20030618 014500,199.120000,199.120000,199.100000,199.120000,0
20030618 014600,199.130000,199.130000,199.100000,199.110000,0
20030618 014700,199.100000,199.120000,199.100000,199.120000,0
20030618 014800,199.110000,199.130000,199.110000,199.130000,0
20030618 014900,199.120000,199.120000,199.090000,199.090000,0
20030618 015000,199.080000,199.080000,199.040000,199.060000,0
20030618 015100,199.070000,199.090000,199.050000,199.070000,0
20030618 015200,199.080000,199.150000,199.050000,199.070000,0
20030618 015300,199.080000,199.120000,199.080000,199.080000,0
20030618 015400,199.090000,199.130000,199.090000,199.130000,0
20030618 015500,199.120000,199.120000,199.080000,199.100000,0
20030618 015600,199.110000,199.120000,199.090000,199.120000,0
20030618 015700,199.110000,199.120000,199.090000,199.090000,0
20030618 015800,199.080000,199.090000,199.060000,199.070000,0
20030618 015900,199.080000,199.120000,199.070000,199.120000,0
20030618 020000,199.110000,199.120000,199.030000,199.050000,0
20030618 020100,199.040000,199.100000,199.040000,199.100000,0
20030618 020200,199.090000,199.100000,199.080000,199.100000,0
20030618 020300,199.110000,199.110000,199.090000,199.100000,0
20030618 020400,199.090000,199.120000,199.090000,199.090000,0
20030618 020500,199.100000,199.110000,199.100000,199.110000,0
20030618 020600,199.100000,199.150000,199.090000,199.100000,0
20030618 020700,199.090000,199.110000,199.070000,199.110000,0
20030618 020800,199.100000,199.110000,199.080000,199.080000,0
20030618 020900,199.070000,199.090000,199.060000,199.080000,0
20030618 021000,199.070000,199.100000,199.050000,199.090000,0
20030618 021100,199.080000,199.080000,199.060000,199.080000,0
20030618 021200,199.090000,199.100000,199.050000,199.060000,0
20030618 021300,199.070000,199.080000,199.040000,199.050000,0
20030618 021400,199.060000,199.100000,199.060000,199.060000,0
20030618 021500,199.070000,199.090000,199.060000,199.090000,0
20030618 021600,199.100000,199.100000,199.080000,199.090000,0
20030618 021700,199.100000,199.120000,199.050000,199.050000,0
20030618 021800,199.040000,199.060000,199.030000,199.060000,0
20030618 021900,199.070000,199.080000,199.060000,199.070000,0
20030618 022000,199.080000,199.090000,199.060000,199.090000,0
20030618 022100,199.080000,199.080000,199.060000,199.080000,0
20030618 022200,199.070000,199.070000,199.030000,199.030000,0
20030618 022300,199.040000,199.040000,199.010000,199.040000,0
20030618 022400,199.030000,199.230000,199.030000,199.230000,0
20030618 022500,199.240000,199.320000,199.240000,199.280000,0
20030618 022600,199.270000,199.280000,199.230000,199.230000,0
20030618 022700,199.240000,199.250000,199.230000,199.240000,0
20030618 022800,199.250000,199.320000,199.240000,199.320000,0
20030618 022900,199.330000,199.390000,199.300000,199.330000,0
20030618 023000,199.320000,199.320000,199.170000,199.170000,0
20030618 023100,199.160000,199.200000,199.090000,199.200000,0
20030618 023200,199.190000,199.200000,199.150000,199.170000,0
20030618 023300,199.160000,199.190000,199.110000,199.130000,0
20030618 023400,199.140000,199.220000,199.110000,199.210000,0
20030618 023500,199.200000,199.270000,199.200000,199.250000,0
20030618 023600,199.240000,199.250000,199.200000,199.200000,0
20030618 023700,199.190000,199.210000,199.170000,199.180000,0
20030618 023800,199.190000,199.220000,199.180000,199.200000,0
20030618 023900,199.190000,199.260000,199.170000,199.250000,0
20030618 024000,199.240000,199.240000,199.160000,199.160000,0
20030618 024100,199.170000,199.230000,199.120000,199.230000,0
20030618 024200,199.200000,199.250000,199.190000,199.210000,0
20030618 024300,199.200000,199.250000,199.200000,199.250000,0
20030618 024400,199.240000,199.350000,199.240000,199.320000,0
20030618 024500,199.310000,199.340000,199.300000,199.310000,0
20030618 024600,199.300000,199.330000,199.290000,199.310000,0
20030618 024700,199.320000,199.340000,199.260000,199.270000,0
20030618 024800,199.260000,199.290000,199.250000,199.280000,0
20030618 024900,199.290000,199.340000,199.270000,199.320000,0
20030618 025000,199.310000,199.360000,199.290000,199.290000,0
20030618 025100,199.300000,199.310000,199.280000,199.300000,0
20030618 025200,199.290000,199.370000,199.280000,199.360000,0
20030618 025300,199.370000,199.380000,199.300000,199.340000,0
20030618 025400,199.330000,199.370000,199.320000,199.360000,0
20030618 025500,199.370000,199.370000,199.340000,199.340000,0
20030618 025600,199.330000,199.350000,199.320000,199.320000,0
20030618 025700,199.330000,199.390000,199.290000,199.290000,0
20030618 025800,199.270000,199.280000,199.190000,199.250000,0
20030618 025900,199.240000,199.370000,199.230000,199.340000,0
20030618 030000,199.330000,199.380000,199.290000,199.300000,0
20030618 030100,199.310000,199.360000,199.290000,199.350000,0
20030618 030200,199.360000,199.360000,199.300000,199.300000,0
20030618 030300,199.290000,199.330000,199.250000,199.270000,0
20030618 030400,199.280000,199.340000,199.260000,199.330000,0
20030618 030500,199.340000,199.360000,199.310000,199.360000,0
20030618 030600,199.350000,199.380000,199.330000,199.380000,0
20030618 030700,199.370000,199.370000,199.320000,199.350000,0
20030618 030800,199.340000,199.340000,199.200000,199.250000,0
20030618 030900,199.240000,199.290000,199.200000,199.200000,0
20030618 031000,199.210000,199.250000,199.210000,199.250000,0
20030618 031100,199.240000,199.260000,199.210000,199.230000,0
20030618 031200,199.220000,199.220000,199.130000,199.140000,0
20030618 031300,199.150000,199.170000,199.130000,199.160000,0
20030618 031400,199.150000,199.170000,199.140000,199.150000,0
20030618 031500,199.140000,199.140000,199.100000,199.100000,0
20030618 031600,199.110000,199.160000,199.070000,199.110000,0
20030618 031700,199.120000,199.130000,199.050000,199.130000,0
20030618 031800,199.120000,199.180000,199.110000,199.170000,0
20030618 031900,199.180000,199.270000,199.170000,199.260000,0
20030618 032000,199.250000,199.250000,199.190000,199.200000,0
20030618 032100,199.210000,199.280000,199.190000,199.270000,0
20030618 032200,199.260000,199.290000,199.260000,199.280000,0
20030618 032300,199.290000,199.310000,199.260000,199.290000,0
20030618 032400,199.300000,199.330000,199.290000,199.320000,0
20030618 032500,199.330000,199.340000,199.270000,199.290000,0
20030618 032600,199.280000,199.310000,199.260000,199.260000,0
20030618 032700,199.270000,199.300000,199.260000,199.290000,0
20030618 032800,199.300000,199.310000,199.280000,199.290000,0
20030618 032900,199.280000,199.290000,199.220000,199.220000,0
20030618 033000,199.210000,199.240000,199.190000,199.210000,0
20030618 033100,199.220000,199.320000,199.200000,199.320000,0
20030618 033200,199.330000,199.380000,199.330000,199.360000,0
20030618 033300,199.350000,199.410000,199.330000,199.400000,0
20030618 033400,199.390000,199.400000,199.300000,199.320000,0
20030618 033500,199.310000,199.340000,199.270000,199.310000,0
20030618 033600,199.300000,199.310000,199.250000,199.300000,0
20030618 033700,199.290000,199.300000,199.260000,199.280000,0
20030618 033800,199.290000,199.300000,199.250000,199.270000,0
20030618 033900,199.280000,199.300000,199.260000,199.280000,0
20030618 034000,199.290000,199.310000,199.260000,199.270000,0
20030618 034100,199.260000,199.270000,199.170000,199.180000,0
20030618 034200,199.190000,199.190000,199.080000,199.160000,0
20030618 034300,199.150000,199.150000,199.080000,199.100000,0
20030618 034400,199.090000,199.120000,199.060000,199.110000,0
20030618 034500,199.100000,199.100000,199.050000,199.090000,0
20030618 034600,199.080000,199.120000,199.070000,199.110000,0
20030618 034700,199.120000,199.120000,199.060000,199.070000,0
20030618 034800,199.060000,199.080000,199.040000,199.080000,0
20030618 034900,199.070000,199.090000,199.060000,199.080000,0
20030618 035000,199.070000,199.080000,199.030000,199.050000,0
20030618 035100,199.060000,199.060000,199.020000,199.050000,0
20030618 035200,199.060000,199.060000,199.020000,199.030000,0
20030618 035300,199.040000,199.070000,199.000000,199.000000,0
20030618 035400,198.990000,199.020000,198.980000,199.000000,0
20030618 035500,198.990000,199.020000,198.960000,199.010000,0
20030618 035600,199.020000,199.040000,199.020000,199.030000,0
20030618 035700,199.020000,199.040000,199.000000,199.030000,0
20030618 035800,199.040000,199.060000,199.010000,199.030000,0
20030618 035900,199.040000,199.060000,199.030000,199.050000,0
20030618 040000,199.060000,199.100000,199.050000,199.070000,0
20030618 040100,199.060000,199.120000,199.060000,199.100000,0
20030618 040200,199.090000,199.140000,199.080000,199.120000,0
20030618 040300,199.110000,199.190000,199.100000,199.160000,0
20030618 040400,199.150000,199.170000,199.150000,199.160000,0
20030618 040500,199.150000,199.150000,199.140000,199.140000,0
20030618 040600,199.150000,199.160000,199.040000,199.050000,0
20030618 040700,199.040000,199.060000,199.030000,199.030000,0
20030618 040800,199.040000,199.050000,199.000000,199.010000,0
20030618 040900,199.000000,199.010000,198.980000,199.000000,0
20030618 041000,199.010000,199.040000,198.990000,199.000000,0
20030618 041100,199.010000,199.030000,198.990000,199.030000,0
20030618 041200,199.020000,199.040000,199.020000,199.040000,0
20030618 041300,199.030000,199.040000,199.010000,199.020000,0
20030618 041400,199.010000,199.070000,199.010000,199.040000,0
20030618 041500,199.030000,199.040000,198.980000,198.990000,0
20030618 041600,198.980000,199.060000,198.980000,199.060000,0
20030618 041700,199.050000,199.060000,199.010000,199.020000,0
20030618 041800,199.010000,199.050000,199.000000,199.050000,0
20030618 041900,199.040000,199.050000,199.010000,199.040000,0
20030618 042000,199.050000,199.060000,199.020000,199.060000,0
20030618 042100,199.050000,199.090000,199.050000,199.090000,0
20030618 042200,199.100000,199.110000,199.060000,199.100000,0
20030618 042300,199.110000,199.110000,199.080000,199.100000,0
20030618 042400,199.110000,199.160000,199.110000,199.140000,0
20030618 042500,199.150000,199.150000,199.100000,199.120000,0
20030618 042600,199.130000,199.140000,199.100000,199.120000,0
20030618 042700,199.130000,199.180000,199.120000,199.160000,0
20030618 042800,199.170000,199.180000,199.140000,199.140000,0
20030618 042900,199.150000,199.150000,199.090000,199.100000,0
20030618 043000,199.110000,199.110000,199.040000,199.040000,0
20030618 043100,199.050000,199.050000,198.980000,199.040000,0
20030618 043200,199.030000,199.080000,199.030000,199.080000,0
20030618 043300,199.090000,199.090000,199.060000,199.060000,0
20030618 043400,199.070000,199.070000,199.060000,199.060000,0
20030618 043600,199.070000,199.070000,199.010000,199.010000,0
20030618 043700,199.000000,199.050000,198.990000,199.030000,0
20030618 043800,199.020000,199.030000,199.000000,199.030000,0
20030618 044100,199.040000,199.100000,199.040000,199.100000,0
20030618 044200,199.090000,199.120000,199.090000,199.100000,0
20030618 044300,199.110000,199.150000,199.110000,199.130000,0
20030618 044400,199.140000,199.190000,199.140000,199.160000,0
20030618 044500,199.170000,199.190000,199.140000,199.170000,0
20030618 044600,199.180000,199.190000,199.140000,199.140000,0
20030618 044700,199.150000,199.150000,199.120000,199.130000,0
20030618 044800,199.140000,199.150000,199.120000,199.140000,0
20030618 044900,199.150000,199.200000,199.150000,199.200000,0
20030618 045000,199.190000,199.220000,199.170000,199.190000,0
20030618 045100,199.170000,199.190000,199.150000,199.160000,0
20030618 045200,199.150000,199.170000,199.120000,199.130000,0
20030618 045300,199.120000,199.160000,199.080000,199.150000,0
20030618 045400,199.140000,199.170000,199.120000,199.160000,0
20030618 045500,199.170000,199.170000,199.100000,199.120000,0
20030618 045600,199.130000,199.130000,199.090000,199.110000,0
20030618 045700,199.100000,199.140000,199.100000,199.120000,0
20030618 045800,199.130000,199.130000,199.100000,199.120000,0
20030618 045900,199.110000,199.110000,199.050000,199.100000,0
20030618 050000,199.110000,199.110000,199.080000,199.080000,0
20030618 050100,199.070000,199.090000,199.050000,199.050000,0
20030618 050200,199.060000,199.100000,199.050000,199.080000,0
20030618 050300,199.090000,199.110000,199.070000,199.110000,0
20030618 050400,199.120000,199.190000,199.090000,199.110000,0
20030618 050500,199.130000,199.200000,199.120000,199.170000,0
20030618 050600,199.180000,199.190000,199.160000,199.160000,0
20030618 050700,199.170000,199.190000,199.130000,199.160000,0
20030618 050800,199.170000,199.170000,199.150000,199.150000,0
20030618 050900,199.160000,199.160000,199.110000,199.140000,0
20030618 051000,199.130000,199.150000,199.050000,199.060000,0
20030618 051100,199.070000,199.110000,198.940000,198.940000,0
20030618 051200,198.930000,198.950000,198.890000,198.940000,0
20030618 051300,198.950000,199.010000,198.940000,198.990000,0
20030618 051400,199.000000,199.010000,198.960000,198.990000,0
20030618 051500,198.980000,199.020000,198.970000,198.980000,0
20030618 051600,198.970000,198.970000,198.850000,198.850000,0
20030618 051700,198.860000,198.880000,198.810000,198.830000,0
20030618 051800,198.820000,198.860000,198.790000,198.860000,0
20030618 051900,198.870000,198.890000,198.830000,198.870000,0
20030618 052000,198.880000,198.920000,198.870000,198.910000,0
20030618 052100,198.920000,198.960000,198.900000,198.960000,0
20030618 052200,198.950000,198.960000,198.930000,198.940000,0
20030618 052300,198.930000,199.020000,198.920000,198.950000,0
20030618 052400,198.940000,198.970000,198.900000,198.900000,0
20030618 052500,198.920000,199.010000,198.920000,198.950000,0
20030618 052600,198.960000,199.030000,198.940000,199.010000,0
20030618 052700,199.020000,199.040000,198.950000,198.980000,0
20030618 052800,198.970000,199.030000,198.970000,199.030000,0
20030618 052900,199.020000,199.040000,198.980000,199.020000,0
20030618 053000,199.030000,199.050000,199.000000,199.000000,0
20030618 053100,198.990000,199.050000,198.990000,199.050000,0
20030618 053200,199.040000,199.040000,198.950000,198.970000,0
20030618 053300,198.960000,198.960000,198.890000,198.910000,0
20030618 053400,198.900000,198.960000,198.900000,198.960000,0
20030618 053500,198.950000,198.990000,198.940000,198.990000,0
20030618 053600,199.000000,199.030000,198.990000,199.000000,0
20030618 053700,199.010000,199.030000,199.000000,199.000000,0
20030618 053800,199.010000,199.070000,199.000000,199.070000,0
20030618 053900,199.080000,199.100000,199.060000,199.060000,0
20030618 054000,199.070000,199.080000,199.050000,199.080000,0
20030618 054100,199.070000,199.080000,199.040000,199.080000,0
20030618 054200,199.070000,199.070000,199.010000,199.060000,0
20030618 054300,199.050000,199.050000,198.990000,199.000000,0
20030618 054400,199.010000,199.030000,198.970000,198.990000,0
20030618 054500,198.980000,198.990000,198.930000,198.980000,0
20030618 054600,198.970000,198.990000,198.920000,198.960000,0
20030618 054700,198.970000,198.980000,198.910000,198.970000,0
20030618 054800,198.960000,199.050000,198.950000,199.050000,0
20030618 054900,199.040000,199.050000,199.030000,199.040000,0
20030618 055000,199.030000,199.050000,199.000000,199.000000,0
20030618 055100,199.010000,199.040000,199.000000,199.000000,0
20030618 055200,198.990000,199.050000,198.970000,199.030000,0
20030618 055300,199.020000,199.050000,198.960000,198.960000,0
20030618 055400,198.950000,199.010000,198.920000,198.980000,0
20030618 055500,198.990000,199.060000,198.990000,199.050000,0
20030618 055600,199.060000,199.100000,199.040000,199.100000,0
20030618 055700,199.090000,199.180000,199.090000,199.170000,0
20030618 055800,199.180000,199.200000,199.160000,199.160000,0
20030618 055900,199.150000,199.150000,199.070000,199.080000,0
20030618 060000,199.070000,199.180000,199.070000,199.180000,0
20030618 060100,199.190000,199.210000,199.140000,199.170000,0
20030618 060200,199.180000,199.200000,199.130000,199.130000,0
20030618 060300,199.140000,199.210000,199.020000,199.030000,0
20030618 060400,199.040000,199.080000,199.010000,199.060000,0
20030618 060500,199.070000,199.090000,199.040000,199.080000,0
20030618 060600,199.070000,199.090000,199.040000,199.070000,0
20030618 060700,199.080000,199.090000,199.060000,199.060000,0
20030618 060800,199.050000,199.050000,198.940000,198.960000,0
20030618 060900,198.970000,199.040000,198.970000,199.040000,0
20030618 061000,199.030000,199.070000,199.020000,199.060000,0
20030618 061100,199.070000,199.100000,199.040000,199.080000,0
20030618 061200,199.070000,199.070000,198.990000,198.990000,0
20030618 061300,199.000000,199.020000,198.960000,199.010000,0
20030618 061400,199.000000,199.030000,198.960000,198.960000,0
20030618 061500,198.970000,199.010000,198.940000,199.000000,0
20030618 061600,198.990000,199.000000,198.930000,198.940000,0
20030618 061700,198.950000,198.950000,198.810000,198.850000,0
20030618 061800,198.860000,198.920000,198.860000,198.910000,0
20030618 061900,198.900000,198.900000,198.840000,198.840000,0
20030618 062000,198.850000,198.870000,198.820000,198.870000,0
20030618 062100,198.880000,198.940000,198.880000,198.920000,0
20030618 062200,198.930000,198.930000,198.840000,198.860000,0
20030618 062300,198.870000,198.880000,198.850000,198.880000,0
20030618 062400,198.890000,198.910000,198.870000,198.890000,0
20030618 062500,198.900000,198.950000,198.900000,198.950000,0
20030618 062600,198.940000,198.940000,198.880000,198.880000,0
20030618 062700,198.890000,198.890000,198.830000,198.870000,0
20030618 062800,198.880000,198.880000,198.830000,198.870000,0
20030618 062900,198.860000,198.930000,198.830000,198.860000,0
20030618 063000,198.870000,198.890000,198.850000,198.890000,0
20030618 063100,198.900000,198.910000,198.880000,198.900000,0
20030618 063200,198.910000,198.960000,198.910000,198.950000,0
20030618 063300,198.960000,198.990000,198.960000,198.960000,0
20030618 063400,198.950000,198.980000,198.940000,198.970000,0
20030618 063500,198.980000,199.010000,198.970000,199.000000,0
20030618 063600,198.990000,199.070000,198.980000,199.040000,0
20030618 063700,199.050000,199.070000,199.010000,199.010000,0
20030618 063800,199.020000,199.040000,198.980000,199.010000,0
20030618 063900,199.000000,199.030000,198.990000,199.030000,0
20030618 064000,199.040000,199.060000,199.020000,199.040000,0
20030618 064100,199.030000,199.080000,199.020000,199.080000,0
20030618 064200,199.090000,199.180000,199.090000,199.170000,0
20030618 064300,199.180000,199.230000,199.170000,199.190000,0
20030618 064400,199.180000,199.200000,199.120000,199.140000,0
20030618 064500,199.150000,199.150000,199.120000,199.120000,0
20030618 064600,199.130000,199.130000,199.080000,199.080000,0
20030618 064700,199.070000,199.120000,199.030000,199.080000,0
20030618 064800,199.070000,199.140000,199.070000,199.110000,0
20030618 064900,199.100000,199.120000,199.090000,199.110000,0
20030618 065000,199.120000,199.150000,199.120000,199.140000,0
20030618 065100,199.130000,199.160000,199.130000,199.150000,0
20030618 065200,199.160000,199.210000,199.150000,199.180000,0
20030618 065300,199.190000,199.190000,199.150000,199.150000,0
20030618 065400,199.140000,199.140000,199.110000,199.110000,0
20030618 065500,199.100000,199.110000,199.050000,199.060000,0
20030618 065600,199.080000,199.110000,199.080000,199.110000,0
20030618 065700,199.100000,199.140000,199.090000,199.120000,0
20030618 065800,199.130000,199.200000,199.130000,199.170000,0
20030618 065900,199.190000,199.240000,199.170000,199.240000,0
20030618 070000,199.250000,199.370000,199.250000,199.350000,0
20030618 070100,199.340000,199.340000,199.230000,199.240000,0
20030618 070200,199.250000,199.290000,199.230000,199.290000,0
20030618 070300,199.280000,199.310000,199.270000,199.290000,0
20030618 070400,199.300000,199.310000,199.270000,199.280000,0
20030618 070500,199.260000,199.280000,199.240000,199.270000,0
20030618 070600,199.260000,199.400000,199.260000,199.400000,0
20030618 070700,199.390000,199.390000,199.350000,199.360000,0
20030618 070800,199.370000,199.400000,199.350000,199.400000,0
20030618 070900,199.390000,199.470000,199.390000,199.450000,0
20030618 071000,199.440000,199.470000,199.400000,199.470000,0
20030618 071100,199.480000,199.480000,199.400000,199.400000,0
20030618 071200,199.410000,199.480000,199.400000,199.440000,0
20030618 071300,199.450000,199.560000,199.440000,199.540000,0
20030618 071400,199.530000,199.530000,199.450000,199.480000,0
20030618 071500,199.470000,199.470000,199.420000,199.440000,0
20030618 071600,199.430000,199.450000,199.380000,199.440000,0
20030618 071700,199.430000,199.450000,199.400000,199.430000,0
20030618 071800,199.440000,199.510000,199.430000,199.510000,0
20030618 071900,199.500000,199.500000,199.440000,199.460000,0
20030618 072000,199.470000,199.480000,199.450000,199.480000,0
20030618 072100,199.490000,199.500000,199.460000,199.460000,0
20030618 072200,199.450000,199.510000,199.450000,199.510000,0
20030618 072300,199.520000,199.550000,199.480000,199.490000,0
20030618 072400,199.480000,199.500000,199.460000,199.470000,0
20030618 072500,199.490000,199.500000,199.460000,199.470000,0
20030618 072600,199.480000,199.480000,199.440000,199.460000,0
20030618 072700,199.470000,199.500000,199.450000,199.490000,0
20030618 072800,199.480000,199.490000,199.470000,199.470000,0
20030618 072900,199.480000,199.590000,199.470000,199.570000,0
20030618 073000,199.580000,199.650000,199.580000,199.650000,0
20030618 073100,199.660000,199.680000,199.620000,199.620000,0
20030618 073200,199.630000,199.730000,199.630000,199.700000,0
20030618 073300,199.690000,199.690000,199.600000,199.670000,0
20030618 073400,199.680000,199.720000,199.610000,199.610000,0
20030618 073500,199.600000,199.600000,199.550000,199.570000,0
20030618 073600,199.560000,199.560000,199.450000,199.450000,0
20030618 073700,199.460000,199.550000,199.450000,199.530000,0
20030618 073800,199.520000,199.520000,199.460000,199.460000,0
20030618 073900,199.470000,199.490000,199.440000,199.480000,0
20030618 074000,199.490000,199.540000,199.480000,199.500000,0
20030618 074100,199.490000,199.510000,199.430000,199.480000,0
20030618 074200,199.490000,199.520000,199.460000,199.460000,0
20030618 074300,199.470000,199.490000,199.430000,199.480000,0
20030618 074400,199.490000,199.500000,199.440000,199.440000,0
20030618 074500,199.450000,199.490000,199.430000,199.480000,0
20030618 074600,199.490000,199.490000,199.390000,199.400000,0
20030618 074700,199.390000,199.410000,199.310000,199.350000,0
20030618 074800,199.340000,199.380000,199.340000,199.360000,0
20030618 074900,199.350000,199.410000,199.340000,199.380000,0
20030618 075000,199.390000,199.400000,199.340000,199.350000,0
20030618 075100,199.360000,199.370000,199.270000,199.360000,0
20030618 075200,199.370000,199.380000,199.320000,199.360000,0
20030618 075300,199.370000,199.420000,199.350000,199.390000,0
20030618 075400,199.400000,199.410000,199.320000,199.340000,0
20030618 075500,199.330000,199.340000,199.290000,199.320000,0
20030618 075600,199.330000,199.360000,199.290000,199.330000,0
20030618 075700,199.320000,199.330000,199.210000,199.220000,0
20030618 075800,199.210000,199.350000,199.200000,199.310000,0
20030618 075900,199.320000,199.350000,199.310000,199.330000,0
20030618 080000,199.320000,199.340000,199.280000,199.310000,0
20030618 080100,199.300000,199.340000,199.200000,199.310000,0
20030618 080200,199.320000,199.330000,199.170000,199.200000,0
20030618 080300,199.190000,199.230000,199.160000,199.190000,0
20030618 080400,199.200000,199.210000,199.130000,199.130000,0
20030618 080500,199.140000,199.160000,199.090000,199.110000,0
20030618 080600,199.120000,199.130000,199.040000,199.060000,0
20030618 080700,199.050000,199.090000,199.030000,199.070000,0
20030618 080800,199.080000,199.110000,199.050000,199.050000,0
20030618 080900,199.040000,199.040000,198.970000,198.990000,0
20030618 081000,199.000000,199.060000,198.990000,199.060000,0
20030618 081100,199.050000,199.080000,199.020000,199.080000,0
20030618 081200,199.070000,199.180000,199.060000,199.180000,0
20030618 081300,199.190000,199.200000,199.150000,199.180000,0
20030618 081400,199.170000,199.220000,199.140000,199.220000,0
20030618 081500,199.230000,199.230000,199.150000,199.150000,0
20030618 081600,199.160000,199.170000,199.140000,199.170000,0
20030618 081700,199.180000,199.200000,199.170000,199.170000,0
20030618 081800,199.180000,199.190000,199.150000,199.170000,0
20030618 081900,199.160000,199.200000,199.110000,199.130000,0
20030618 082000,199.140000,199.140000,199.100000,199.120000,0
20030618 082100,199.110000,199.140000,199.090000,199.130000,0
20030618 082200,199.120000,199.120000,199.050000,199.070000,0
20030618 082300,199.060000,199.090000,199.040000,199.040000,0
20030618 082400,199.050000,199.070000,198.960000,198.970000,0
20030618 082500,198.980000,199.000000,198.920000,198.930000,0
20030618 082600,198.920000,198.930000,198.870000,198.920000,0
20030618 082700,198.910000,198.920000,198.880000,198.880000,0
20030618 082800,198.870000,198.950000,198.870000,198.950000,0
20030618 082900,198.940000,199.010000,198.940000,199.000000,0
20030618 083000,198.990000,199.010000,198.960000,198.990000,0
20030618 083100,199.000000,199.140000,199.000000,199.050000,0
20030618 083200,199.060000,199.120000,199.040000,199.120000,0
20030618 083300,199.130000,199.200000,199.120000,199.150000,0
20030618 083400,199.160000,199.190000,199.130000,199.170000,0
20030618 083500,199.180000,199.220000,199.170000,199.180000,0
20030618 083600,199.190000,199.190000,199.060000,199.080000,0
20030618 083700,199.070000,199.130000,199.060000,199.100000,0
20030618 083800,199.110000,199.130000,199.100000,199.130000,0
20030618 083900,199.140000,199.170000,199.110000,199.150000,0
20030618 084000,199.160000,199.170000,199.120000,199.140000,0
20030618 084100,199.130000,199.190000,199.130000,199.180000,0
20030618 084200,199.190000,199.190000,199.150000,199.170000,0
20030618 084300,199.160000,199.180000,199.150000,199.170000,0
20030618 084400,199.180000,199.180000,199.100000,199.160000,0
20030618 084500,199.150000,199.170000,199.130000,199.140000,0
20030618 084600,199.150000,199.160000,199.100000,199.110000,0
20030618 084700,199.100000,199.130000,199.090000,199.090000,0
20030618 084800,199.100000,199.170000,199.090000,199.170000,0
20030618 084900,199.180000,199.190000,199.130000,199.180000,0
20030618 085000,199.190000,199.190000,199.060000,199.060000,0
20030618 085100,199.070000,199.100000,199.070000,199.080000,0
20030618 085200,199.090000,199.120000,199.060000,199.060000,0
20030618 085300,199.080000,199.100000,199.030000,199.050000,0
20030618 085400,199.040000,199.110000,199.030000,199.100000,0
20030618 085500,199.110000,199.150000,199.100000,199.140000,0
20030618 085600,199.150000,199.190000,199.130000,199.140000,0
20030618 085700,199.150000,199.170000,199.090000,199.090000,0
20030618 085800,199.080000,199.120000,199.070000,199.100000,0
20030618 085900,199.110000,199.110000,199.060000,199.070000,0
20030618 090000,199.080000,199.080000,199.020000,199.060000,0
20030618 090100,199.050000,199.090000,199.050000,199.080000,0
20030618 090200,199.060000,199.100000,199.050000,199.090000,0
20030618 090300,199.080000,199.080000,199.020000,199.020000,0
20030618 090400,199.010000,199.020000,198.940000,198.940000,0
20030618 090500,198.950000,198.980000,198.920000,198.920000,0
20030618 090600,198.930000,198.930000,198.880000,198.890000,0
20030618 090700,198.900000,198.950000,198.890000,198.950000,0
20030618 090800,198.940000,198.960000,198.920000,198.940000,0
20030618 090900,198.950000,198.960000,198.900000,198.920000,0
20030618 091000,198.910000,198.970000,198.910000,198.930000,0
20030618 091100,198.920000,198.940000,198.890000,198.920000,0
20030618 091200,198.910000,198.930000,198.880000,198.910000,0
20030618 091300,198.920000,198.940000,198.900000,198.920000,0
20030618 091400,198.910000,198.950000,198.910000,198.910000,0
20030618 091500,198.920000,198.930000,198.900000,198.920000,0
20030618 091600,198.930000,198.930000,198.900000,198.920000,0
20030618 091700,198.930000,198.930000,198.880000,198.900000,0
20030618 091800,198.910000,198.910000,198.870000,198.890000,0
20030618 091900,198.900000,198.930000,198.850000,198.860000,0
20030618 092000,198.850000,198.860000,198.810000,198.840000,0
20030618 092100,198.830000,198.930000,198.810000,198.930000,0
20030618 092200,198.940000,198.950000,198.910000,198.910000,0
20030618 092300,198.900000,198.920000,198.880000,198.910000,0
20030618 092400,198.890000,198.890000,198.820000,198.840000,0
20030618 092500,198.850000,198.850000,198.830000,198.850000,0
20030618 092600,198.860000,198.870000,198.830000,198.860000,0
20030618 092700,198.850000,198.890000,198.840000,198.880000,0
20030618 092800,198.870000,198.910000,198.870000,198.900000,0
20030618 092900,198.890000,198.900000,198.860000,198.890000,0
20030618 093000,198.900000,198.900000,198.830000,198.850000,0
20030618 093100,198.860000,198.870000,198.830000,198.850000,0
20030618 093200,198.860000,198.880000,198.850000,198.870000,0
20030618 093300,198.880000,198.880000,198.850000,198.860000,0
20030618 093400,198.870000,198.880000,198.850000,198.860000,0
20030618 093500,198.850000,198.900000,198.850000,198.900000,0
20030618 093600,198.880000,198.910000,198.870000,198.880000,0
20030618 093700,198.890000,198.910000,198.880000,198.910000,0
20030618 093800,198.920000,198.920000,198.850000,198.880000,0
20030618 093900,198.870000,198.870000,198.810000,198.810000,0
20030618 094000,198.820000,198.900000,198.800000,198.870000,0
20030618 094100,198.860000,198.860000,198.790000,198.840000,0
20030618 094200,198.850000,198.860000,198.830000,198.830000,0
20030618 094300,198.820000,198.880000,198.800000,198.860000,0
20030618 094400,198.850000,198.870000,198.820000,198.860000,0
20030618 094500,198.850000,198.890000,198.840000,198.890000,0
20030618 094600,198.880000,198.910000,198.860000,198.890000,0
20030618 094700,198.880000,198.920000,198.870000,198.900000,0
20030618 094800,198.910000,198.930000,198.890000,198.920000,0
20030618 094900,198.910000,198.960000,198.880000,198.950000,0
20030618 095000,198.960000,198.960000,198.940000,198.940000,0
20030618 095100,198.950000,198.970000,198.920000,198.940000,0
20030618 095200,198.950000,198.970000,198.930000,198.930000,0
20030618 095300,198.940000,198.950000,198.870000,198.900000,0
20030618 095400,198.910000,198.930000,198.870000,198.900000,0
20030618 095500,198.910000,198.920000,198.870000,198.890000,0
20030618 095600,198.900000,198.930000,198.880000,198.880000,0
20030618 095700,198.890000,198.910000,198.860000,198.900000,0
20030618 095800,198.890000,198.910000,198.880000,198.900000,0
20030618 095900,198.880000,198.920000,198.870000,198.920000,0
20030618 100000,198.910000,198.920000,198.880000,198.890000,0
20030618 100100,198.900000,198.910000,198.850000,198.870000,0
20030618 100200,198.860000,198.890000,198.830000,198.830000,0
20030618 100300,198.820000,198.860000,198.780000,198.830000,0
20030618 100400,198.820000,198.870000,198.800000,198.850000,0
20030618 100500,198.860000,198.870000,198.830000,198.860000,0
20030618 100600,198.870000,198.920000,198.830000,198.900000,0
20030618 100700,198.890000,198.910000,198.820000,198.850000,0
20030618 100800,198.860000,198.870000,198.780000,198.780000,0
20030618 100900,198.790000,198.810000,198.760000,198.770000,0
20030618 101000,198.780000,198.800000,198.740000,198.790000,0
20030618 101100,198.800000,198.810000,198.800000,198.810000,0
20030618 101200,198.820000,198.840000,198.780000,198.820000,0
20030618 101300,198.810000,198.850000,198.790000,198.840000,0
20030618 101400,198.830000,198.840000,198.800000,198.820000,0
20030618 101500,198.810000,198.810000,198.750000,198.750000,0
20030618 101600,198.760000,198.760000,198.730000,198.750000,0
20030618 101700,198.740000,198.750000,198.700000,198.740000,0
20030618 101800,198.730000,198.750000,198.730000,198.750000,0
20030618 101900,198.760000,198.760000,198.720000,198.730000,0
20030618 102000,198.720000,198.750000,198.710000,198.740000,0
20030618 102100,198.750000,198.790000,198.720000,198.760000,0
20030618 102200,198.770000,198.770000,198.740000,198.760000,0
20030618 102300,198.750000,198.800000,198.740000,198.780000,0
20030618 102400,198.790000,198.800000,198.770000,198.800000,0
20030618 102500,198.810000,198.810000,198.790000,198.800000,0
20030618 102600,198.810000,198.840000,198.790000,198.820000,0
20030618 102700,198.810000,198.850000,198.810000,198.840000,0
20030618 102800,198.830000,198.840000,198.810000,198.820000,0
20030618 102900,198.830000,198.860000,198.810000,198.840000,0
20030618 103000,198.830000,198.830000,198.780000,198.780000,0
20030618 103100,198.800000,198.810000,198.780000,198.800000,0
20030618 103200,198.790000,198.790000,198.770000,198.770000,0
20030618 103300,198.780000,198.790000,198.750000,198.790000,0
20030618 103400,198.800000,198.800000,198.760000,198.790000,0
20030618 103500,198.780000,198.800000,198.740000,198.740000,0
20030618 103600,198.750000,198.790000,198.720000,198.780000,0
20030618 103700,198.770000,198.840000,198.770000,198.830000,0
20030618 103800,198.840000,198.860000,198.830000,198.850000,0
20030618 103900,198.860000,198.860000,198.840000,198.840000,0
20030618 104000,198.850000,198.860000,198.840000,198.850000,0
20030618 104100,198.860000,198.890000,198.840000,198.890000,0
20030618 104200,198.880000,198.890000,198.860000,198.860000,0
20030618 104300,198.850000,198.920000,198.850000,198.920000,0
20030618 104400,198.910000,198.910000,198.860000,198.900000,0
20030618 104500,198.910000,198.910000,198.840000,198.900000,0
20030618 104600,198.890000,198.890000,198.790000,198.830000,0
20030618 104700,198.840000,198.860000,198.800000,198.850000,0
20030618 104800,198.860000,198.870000,198.720000,198.720000,0
20030618 104900,198.700000,198.740000,198.690000,198.730000,0
20030618 105000,198.720000,198.770000,198.720000,198.770000,0
20030618 105100,198.760000,198.810000,198.720000,198.800000,0
20030618 105200,198.810000,198.830000,198.750000,198.760000,0
20030618 105300,198.750000,198.800000,198.720000,198.790000,0
20030618 105400,198.780000,198.840000,198.760000,198.840000,0
20030618 105500,198.850000,198.860000,198.820000,198.850000,0
20030618 105600,198.840000,198.860000,198.810000,198.820000,0
20030618 105700,198.830000,198.860000,198.810000,198.860000,0
20030618 105800,198.870000,198.880000,198.830000,198.840000,0
20030618 105900,198.850000,198.870000,198.800000,198.840000,0
20030618 110000,198.830000,198.880000,198.810000,198.870000,0
20030618 110100,198.860000,198.900000,198.840000,198.890000,0
20030618 110200,198.900000,198.900000,198.850000,198.860000,0
20030618 110300,198.850000,198.880000,198.850000,198.870000,0
20030618 110400,198.880000,198.880000,198.820000,198.840000,0
20030618 110500,198.850000,198.870000,198.780000,198.800000,0
20030618 110600,198.810000,198.820000,198.780000,198.800000,0
20030618 110700,198.810000,198.840000,198.780000,198.800000,0
20030618 110800,198.790000,198.850000,198.790000,198.850000,0
20030618 110900,198.840000,198.840000,198.780000,198.800000,0
20030618 111000,198.810000,198.830000,198.810000,198.820000,0
20030618 111100,198.810000,198.820000,198.780000,198.810000,0
20030618 111200,198.820000,198.840000,198.780000,198.790000,0
20030618 111300,198.800000,198.890000,198.800000,198.870000,0
20030618 111400,198.860000,198.900000,198.850000,198.900000,0
20030618 111500,198.910000,198.950000,198.890000,198.930000,0
20030618 111600,198.920000,198.940000,198.850000,198.850000,0
20030618 111700,198.840000,198.880000,198.810000,198.840000,0
20030618 111800,198.850000,198.850000,198.830000,198.840000,0
20030618 111900,198.830000,198.850000,198.810000,198.840000,0
20030618 112000,198.830000,198.840000,198.750000,198.750000,0
20030618 112100,198.740000,198.780000,198.700000,198.770000,0
20030618 112200,198.780000,198.780000,198.750000,198.780000,0
20030618 112300,198.770000,198.790000,198.750000,198.770000,0
20030618 112400,198.760000,198.810000,198.740000,198.810000,0
20030618 112500,198.820000,198.850000,198.760000,198.810000,0
20030618 112600,198.820000,198.870000,198.820000,198.850000,0
20030618 112700,198.840000,198.890000,198.830000,198.880000,0
20030618 112800,198.890000,198.920000,198.850000,198.870000,0
20030618 112900,198.860000,198.880000,198.850000,198.880000,0
20030618 113000,198.870000,198.890000,198.850000,198.870000,0
20030618 113100,198.880000,198.940000,198.870000,198.900000,0
20030618 113200,198.910000,198.930000,198.880000,198.910000,0
20030618 113300,198.920000,198.970000,198.900000,198.950000,0
20030618 113400,198.960000,198.970000,198.950000,198.950000,0
20030618 113500,198.960000,198.980000,198.960000,198.980000,0
20030618 113600,198.970000,198.990000,198.950000,198.990000,0
20030618 113700,199.000000,199.000000,198.950000,198.970000,0
20030618 113800,198.950000,198.990000,198.890000,198.910000,0
20030618 113900,198.920000,198.980000,198.920000,198.950000,0
20030618 114000,198.940000,198.960000,198.920000,198.950000,0
20030618 114100,198.960000,198.990000,198.950000,198.950000,0
20030618 114200,198.960000,199.010000,198.940000,198.990000,0
20030618 114300,198.980000,199.020000,198.970000,198.980000,0
20030618 114400,198.970000,199.050000,198.960000,199.030000,0
20030618 114500,199.020000,199.050000,199.000000,199.020000,0
20030618 114600,199.010000,199.020000,198.970000,198.990000,0
20030618 114700,198.980000,199.000000,198.960000,199.000000,0
20030618 114800,198.990000,199.060000,198.990000,199.040000,0
20030618 114900,199.030000,199.060000,199.010000,199.050000,0
20030618 115000,199.060000,199.080000,199.040000,199.060000,0
20030618 115100,199.070000,199.160000,199.060000,199.140000,0
20030618 115200,199.150000,199.170000,199.120000,199.150000,0
20030618 115300,199.140000,199.170000,199.140000,199.170000,0
20030618 115400,199.180000,199.220000,199.170000,199.200000,0
20030618 115500,199.190000,199.210000,199.110000,199.110000,0
20030618 115600,199.120000,199.120000,199.030000,199.030000,0
20030618 115700,199.040000,199.040000,199.000000,199.010000,0
20030618 115800,199.020000,199.020000,198.950000,198.960000,0
20030618 115900,198.950000,198.990000,198.890000,198.910000,0
20030618 120000,198.900000,198.930000,198.860000,198.910000,0
20030618 120100,198.920000,198.940000,198.890000,198.940000,0
20030618 120200,198.950000,198.980000,198.940000,198.960000,0
20030618 120300,198.970000,198.970000,198.890000,198.890000,0
20030618 120400,198.910000,198.910000,198.880000,198.910000,0
20030618 120500,198.920000,198.930000,198.880000,198.900000,0
20030618 120600,198.910000,198.930000,198.880000,198.910000,0
20030618 120700,198.900000,198.910000,198.890000,198.900000,0
20030618 120800,198.890000,198.910000,198.870000,198.870000,0
20030618 120900,198.880000,198.880000,198.840000,198.840000,0
20030618 121000,198.830000,198.850000,198.770000,198.770000,0
20030618 121100,198.780000,198.790000,198.730000,198.730000,0
20030618 121200,198.720000,198.720000,198.690000,198.690000,0
20030618 121300,198.680000,198.710000,198.540000,198.560000,0
20030618 121400,198.570000,198.600000,198.520000,198.530000,0
20030618 121500,198.540000,198.560000,198.510000,198.550000,0
20030618 121600,198.540000,198.570000,198.510000,198.560000,0
20030618 121700,198.570000,198.610000,198.550000,198.600000,0
20030618 121800,198.610000,198.610000,198.510000,198.510000,0
20030618 121900,198.500000,198.540000,198.500000,198.540000,0
20030618 122000,198.520000,198.580000,198.500000,198.580000,0
20030618 122100,198.560000,198.590000,198.540000,198.580000,0
20030618 122200,198.570000,198.600000,198.560000,198.570000,0
20030618 122300,198.580000,198.590000,198.550000,198.590000,0
20030618 122400,198.580000,198.630000,198.570000,198.630000,0
20030618 122500,198.640000,198.680000,198.640000,198.650000,0
20030618 122600,198.660000,198.690000,198.610000,198.610000,0
20030618 122700,198.620000,198.640000,198.620000,198.640000,0
20030618 122800,198.650000,198.740000,198.650000,198.740000,0
20030618 122900,198.750000,198.760000,198.710000,198.720000,0
20030618 123000,198.710000,198.720000,198.690000,198.690000,0
20030618 123100,198.680000,198.720000,198.620000,198.620000,0
20030618 123200,198.610000,198.630000,198.580000,198.600000,0
20030618 123300,198.590000,198.610000,198.560000,198.580000,0
20030618 123400,198.570000,198.580000,198.560000,198.580000,0
20030618 123500,198.590000,198.620000,198.580000,198.610000,0
20030618 123700,198.590000,198.650000,198.590000,198.650000,0
20030618 123800,198.660000,198.670000,198.640000,198.660000,0
20030618 123900,198.650000,198.650000,198.650000,198.650000,0
20030618 124000,198.660000,198.670000,198.650000,198.660000,0
20030618 124100,198.650000,198.650000,198.620000,198.640000,0
20030618 124200,198.630000,198.650000,198.620000,198.650000,0
20030618 124300,198.640000,198.670000,198.620000,198.630000,0
20030618 124400,198.620000,198.630000,198.620000,198.630000,0
20030618 124500,198.640000,198.650000,198.580000,198.600000,0
20030618 124600,198.590000,198.600000,198.550000,198.600000,0
20030618 124700,198.610000,198.610000,198.470000,198.550000,0
20030618 124800,198.540000,198.550000,198.500000,198.510000,0
20030618 124900,198.520000,198.560000,198.520000,198.540000,0
20030618 125000,198.530000,198.530000,198.420000,198.480000,0
20030618 125100,198.490000,198.510000,198.470000,198.510000,0
20030618 125200,198.500000,198.510000,198.470000,198.470000,0
20030618 125300,198.480000,198.480000,198.440000,198.440000,0
20030618 125400,198.450000,198.480000,198.450000,198.460000,0
20030618 125500,198.450000,198.470000,198.440000,198.450000,0
20030618 125600,198.460000,198.460000,198.400000,198.430000,0
20030618 125700,198.420000,198.440000,198.400000,198.400000,0
20030618 125800,198.410000,198.440000,198.390000,198.440000,0
20030618 125900,198.430000,198.470000,198.410000,198.430000,0
20030618 130000,198.420000,198.470000,198.420000,198.430000,0
20030618 130100,198.420000,198.430000,198.310000,198.320000,0
20030618 130200,198.330000,198.370000,198.300000,198.360000,0
20030618 130300,198.350000,198.390000,198.330000,198.390000,0
20030618 130400,198.380000,198.470000,198.360000,198.460000,0
20030618 130500,198.450000,198.480000,198.420000,198.480000,0
20030618 130600,198.470000,198.520000,198.470000,198.490000,0
20030618 130700,198.500000,198.500000,198.430000,198.430000,0
20030618 130800,198.440000,198.480000,198.430000,198.470000,0
20030618 130900,198.460000,198.480000,198.380000,198.380000,0
20030618 131000,198.370000,198.440000,198.360000,198.440000,0
20030618 131100,198.430000,198.460000,198.420000,198.440000,0
20030618 131200,198.430000,198.440000,198.430000,198.440000,0
20030618 131300,198.450000,198.450000,198.450000,198.450000,0
20030618 131400,198.460000,198.480000,198.430000,198.480000,0
20030618 131500,198.490000,198.500000,198.480000,198.490000,0
20030618 131600,198.480000,198.490000,198.470000,198.470000,0
20030618 131700,198.460000,198.470000,198.450000,198.470000,0
20030618 131800,198.480000,198.480000,198.270000,198.280000,0
20030618 131900,198.290000,198.380000,198.290000,198.350000,0
20030618 132000,198.340000,198.520000,198.340000,198.440000,0
20030618 132100,198.430000,198.440000,198.310000,198.310000,0
20030618 132200,198.340000,198.420000,198.340000,198.410000,0
20030618 132300,198.400000,198.450000,198.380000,198.450000,0
20030618 132400,198.440000,198.460000,198.350000,198.360000,0
20030618 132500,198.370000,198.400000,198.360000,198.370000,0
20030618 132600,198.360000,198.390000,198.360000,198.370000,0
20030618 132700,198.380000,198.380000,198.360000,198.380000,0
20030618 132800,198.390000,198.480000,198.380000,198.470000,0
20030618 132900,198.460000,198.490000,198.450000,198.490000,0
20030618 133000,198.500000,198.520000,198.470000,198.490000,0
20030618 133100,198.480000,198.500000,198.440000,198.470000,0
20030618 133200,198.460000,198.460000,198.430000,198.450000,0
20030618 133300,198.460000,198.480000,198.440000,198.450000,0
20030618 133400,198.460000,198.490000,198.450000,198.470000,0
20030618 133500,198.480000,198.500000,198.460000,198.480000,0
20030618 133600,198.470000,198.500000,198.470000,198.490000,0
20030618 133700,198.500000,198.550000,198.480000,198.550000,0
20030618 133800,198.540000,198.570000,198.500000,198.510000,0
20030618 133900,198.520000,198.540000,198.490000,198.500000,0
20030618 134000,198.490000,198.530000,198.490000,198.500000,0
20030618 134100,198.490000,198.520000,198.460000,198.460000,0
20030618 134200,198.470000,198.500000,198.460000,198.480000,0
20030618 134300,198.490000,198.510000,198.460000,198.500000,0
20030618 134400,198.510000,198.530000,198.510000,198.510000,0
20030618 134500,198.520000,198.530000,198.490000,198.510000,0
20030618 134600,198.520000,198.520000,198.480000,198.500000,0
20030618 134700,198.490000,198.510000,198.450000,198.450000,0
20030618 134800,198.460000,198.500000,198.460000,198.490000,0
20030618 134900,198.500000,198.540000,198.480000,198.490000,0
20030618 135000,198.500000,198.500000,198.460000,198.480000,0
20030618 135100,198.470000,198.480000,198.430000,198.440000,0
20030618 135200,198.450000,198.450000,198.440000,198.440000,0
20030618 135500,198.470000,198.520000,198.460000,198.490000,0
20030618 135600,198.500000,198.510000,198.470000,198.480000,0
20030618 135700,198.470000,198.480000,198.370000,198.410000,0
20030618 135800,198.430000,198.430000,198.340000,198.360000,0
20030618 135900,198.350000,198.350000,198.300000,198.330000,0
20030618 140000,198.340000,198.360000,198.290000,198.290000,0
20030618 140100,198.300000,198.330000,198.280000,198.320000,0
20030618 140200,198.330000,198.350000,198.310000,198.320000,0
20030618 140300,198.330000,198.340000,198.250000,198.250000,0
20030618 140400,198.260000,198.320000,198.240000,198.260000,0
20030618 140500,198.250000,198.270000,198.240000,198.250000,0
20030618 140600,198.260000,198.270000,198.240000,198.260000,0
20030618 140700,198.270000,198.280000,198.240000,198.240000,0
20030618 140800,198.250000,198.250000,198.220000,198.250000,0
20030618 140900,198.240000,198.240000,198.230000,198.240000,0
20030618 141000,198.250000,198.270000,198.240000,198.240000,0
20030618 141100,198.230000,198.230000,198.180000,198.190000,0
20030618 141200,198.180000,198.190000,198.120000,198.130000,0
20030618 141300,198.140000,198.150000,198.130000,198.140000,0
20030618 141400,198.130000,198.160000,198.130000,198.140000,0
20030618 141500,198.150000,198.160000,198.140000,198.160000,0
20030618 141600,198.170000,198.170000,198.170000,198.170000,0
20030618 141700,198.160000,198.170000,198.150000,198.160000,0
20030618 141800,198.170000,198.180000,198.160000,198.160000,0
20030618 141900,198.150000,198.170000,198.090000,198.100000,0
20030618 142000,198.110000,198.120000,197.770000,197.800000,0
20030618 142100,197.780000,197.900000,197.770000,197.830000,0
20030618 142200,197.840000,197.920000,197.740000,197.800000,0
20030618 142300,197.790000,197.960000,197.790000,197.950000,0
20030618 142400,197.960000,197.960000,197.890000,197.960000,0
20030618 142500,197.970000,198.040000,197.950000,198.000000,0
20030618 142600,198.010000,198.050000,197.990000,198.040000,0
20030618 142700,198.030000,198.030000,197.940000,197.970000,0
20030618 142800,197.960000,197.980000,197.910000,197.980000,0
20030618 142900,197.990000,198.020000,197.990000,198.020000,0
20030618 143000,198.030000,198.030000,197.900000,197.940000,0
20030618 143100,197.950000,197.960000,197.900000,197.900000,0
20030618 143200,197.910000,197.960000,197.910000,197.950000,0
20030618 143300,197.940000,197.950000,197.910000,197.910000,0
20030618 143400,197.900000,197.930000,197.900000,197.920000,0
20030618 143500,197.930000,197.930000,197.860000,197.860000,0
20030618 143600,197.840000,197.840000,197.820000,197.840000,0
20030618 143700,197.830000,197.840000,197.820000,197.830000,0
20030618 143800,197.840000,197.920000,197.840000,197.910000,0
20030618 143900,197.920000,197.940000,197.880000,197.920000,0
20030618 144000,197.930000,197.930000,197.910000,197.910000,0
20030618 144100,197.920000,197.940000,197.900000,197.900000,0
20030618 144200,197.910000,197.940000,197.910000,197.930000,0
20030618 144300,197.920000,197.940000,197.890000,197.920000,0
20030618 144400,197.930000,197.980000,197.930000,197.970000,0
20030618 144500,197.960000,197.960000,197.930000,197.930000,0
20030618 144600,197.940000,197.950000,197.910000,197.910000,0
20030618 144700,197.920000,197.920000,197.910000,197.920000,0
20030618 144800,197.910000,197.930000,197.910000,197.930000,0
20030618 144900,197.920000,197.950000,197.920000,197.940000,0
20030618 145000,197.950000,197.950000,197.930000,197.950000,0
20030618 145100,197.940000,197.950000,197.930000,197.930000,0
20030618 145200,197.940000,197.960000,197.930000,197.960000,0
20030618 145300,197.950000,197.970000,197.930000,197.930000,0
20030618 145400,197.940000,197.940000,197.910000,197.910000,0
20030618 145500,197.920000,197.930000,197.890000,197.910000,0
20030618 145600,197.900000,197.940000,197.890000,197.900000,0
20030618 145700,197.890000,197.930000,197.890000,197.910000,0
20030618 145800,197.920000,197.950000,197.910000,197.930000,0
20030618 145900,197.920000,197.930000,197.910000,197.930000,0
20030618 150000,197.920000,197.970000,197.910000,197.970000,0
20030618 150100,197.960000,197.970000,197.950000,197.960000,0
20030618 150200,197.970000,197.970000,197.900000,197.910000,0
20030618 150300,197.920000,197.930000,197.920000,197.920000,0
20030618 150400,197.930000,197.930000,197.920000,197.920000,0
20030618 150500,197.910000,197.940000,197.910000,197.930000,0
20030618 150600,197.940000,198.000000,197.920000,198.000000,0
20030618 150700,197.990000,197.990000,197.960000,197.960000,0
20030618 150800,197.970000,198.010000,197.970000,197.980000,0
20030618 150900,197.970000,197.970000,197.970000,197.970000,0
20030618 151000,197.960000,197.960000,197.950000,197.960000,0
20030618 151100,197.950000,197.970000,197.950000,197.960000,0
20030618 151200,197.970000,197.980000,197.920000,197.920000,0
20030618 151300,197.910000,197.920000,197.900000,197.920000,0
20030618 151400,197.930000,197.930000,197.910000,197.920000,0
20030618 151500,197.900000,197.920000,197.900000,197.900000,0
20030618 151700,197.910000,197.920000,197.910000,197.920000,0
20030618 151800,197.930000,197.930000,197.920000,197.920000,0
20030618 151900,197.930000,197.930000,197.920000,197.930000,0
20030618 152000,197.940000,197.950000,197.920000,197.920000,0
20030618 152100,197.930000,197.930000,197.910000,197.910000,0
20030618 152200,197.920000,197.920000,197.900000,197.920000,0
20030618 152300,197.910000,197.930000,197.910000,197.930000,0
20030618 152400,197.920000,197.930000,197.920000,197.930000,0
20030618 152500,197.920000,197.920000,197.910000,197.910000,0
20030618 152600,197.900000,197.900000,197.900000,197.900000,0
20030618 152700,197.890000,197.890000,197.880000,197.890000,0
20030618 152800,197.900000,197.930000,197.890000,197.900000,0
20030618 152900,197.910000,197.940000,197.910000,197.910000,0
20030618 153000,197.900000,197.910000,197.880000,197.880000,0
20030618 153100,197.890000,197.900000,197.840000,197.850000,0
20030618 153200,197.860000,197.890000,197.850000,197.890000,0
20030618 153300,197.880000,197.910000,197.880000,197.910000,0
20030618 153400,197.900000,197.910000,197.900000,197.910000,0
20030618 153500,197.900000,197.900000,197.850000,197.850000,0
20030618 153600,197.840000,197.840000,197.830000,197.830000,0
20030618 153700,197.840000,197.860000,197.830000,197.860000,0
20030618 153800,197.850000,197.860000,197.850000,197.860000,0
20030618 153900,197.850000,197.850000,197.840000,197.840000,0
20030618 154000,197.850000,197.850000,197.830000,197.830000,0
20030618 154100,197.840000,197.840000,197.770000,197.780000,0
20030618 154200,197.790000,197.800000,197.780000,197.780000,0
20030618 154300,197.790000,197.800000,197.780000,197.780000,0
20030618 154400,197.770000,197.790000,197.770000,197.790000,0
20030618 154500,197.770000,197.810000,197.770000,197.800000,0
20030618 154600,197.790000,197.790000,197.770000,197.770000,0
20030618 154900,197.780000,197.800000,197.780000,197.800000,0
20030618 155000,197.810000,197.830000,197.810000,197.830000,0
20030618 155100,197.820000,197.830000,197.810000,197.830000,0
20030618 155200,197.840000,197.850000,197.830000,197.850000,0
20030618 155300,197.860000,197.870000,197.840000,197.860000,0
20030618 155400,197.850000,197.860000,197.850000,197.850000,0
20030618 155500,197.860000,197.860000,197.840000,197.850000,0
20030618 155600,197.840000,197.860000,197.840000,197.860000,0
20030618 155700,197.850000,197.850000,197.820000,197.820000,0
20030618 155800,197.810000,197.830000,197.800000,197.830000,0
20030618 155900,197.820000,197.820000,197.810000,197.820000,0
20030618 160000,197.830000,197.890000,197.830000,197.890000,0
20030618 160100,197.880000,197.910000,197.870000,197.890000,0
20030618 160200,197.900000,197.900000,197.900000,197.900000,0
20030618 160300,197.910000,197.920000,197.910000,197.910000,0
20030618 160400,197.920000,197.920000,197.920000,197.920000,0
20030618 160500,197.910000,197.910000,197.900000,197.910000,0
20030618 160600,197.910000,197.930000,197.910000,197.930000,0
20030618 160700,197.920000,197.950000,197.920000,197.940000,0
20030618 160800,197.930000,197.940000,197.910000,197.920000,0
20030618 160900,197.930000,197.940000,197.920000,197.940000,0
20030618 161000,197.930000,197.940000,197.930000,197.940000,0
20030618 161100,197.950000,197.960000,197.920000,197.930000,0
20030618 161200,197.920000,197.930000,197.910000,197.910000,0
20030618 161300,197.900000,197.900000,197.900000,197.900000,0
20030618 161400,197.890000,197.890000,197.890000,197.890000,0
20030618 161500,197.880000,197.910000,197.880000,197.910000,0
20030618 161600,197.900000,197.900000,197.860000,197.870000,0
20030618 161700,197.860000,197.890000,197.860000,197.890000,0
20030618 161800,197.880000,197.880000,197.860000,197.860000,0
20030618 162000,197.870000,197.870000,197.860000,197.860000,0
20030618 162100,197.870000,197.870000,197.850000,197.860000,0
20030618 162300,197.850000,197.860000,197.840000,197.850000,0
20030618 162400,197.840000,197.850000,197.830000,197.850000,0
20030618 162500,197.840000,197.860000,197.820000,197.860000,0
20030618 162600,197.850000,197.860000,197.840000,197.860000,0
20030618 162700,197.870000,197.880000,197.870000,197.880000,0
20030618 162800,197.870000,197.880000,197.850000,197.870000,0
20030618 162900,197.860000,197.880000,197.850000,197.860000,0
20030618 163000,197.870000,197.880000,197.850000,197.860000,0
20030618 163100,197.850000,197.850000,197.850000,197.850000,0
20030618 163200,197.860000,197.870000,197.850000,197.850000,0
20030618 163300,197.860000,197.860000,197.850000,197.850000,0
20030618 163400,197.840000,197.880000,197.840000,197.840000,0
20030618 163500,197.850000,197.870000,197.830000,197.860000,0
20030618 163600,197.850000,197.880000,197.830000,197.840000,0
20030618 163700,197.830000,197.850000,197.800000,197.820000,0
20030618 163800,197.810000,197.820000,197.800000,197.800000,0
20030618 163900,197.810000,197.810000,197.810000,197.810000,0
20030618 164000,197.800000,197.840000,197.800000,197.820000,0
20030618 164200,197.830000,197.830000,197.810000,197.820000,0
20030618 164300,197.830000,197.830000,197.830000,197.830000,0
20030618 164600,197.820000,197.830000,197.820000,197.830000,0
20030618 164800,197.820000,197.830000,197.810000,197.830000,0
20030618 164900,197.820000,197.850000,197.820000,197.850000,0
20030618 165000,197.840000,197.840000,197.820000,197.830000,0
20030618 165100,197.820000,197.820000,197.810000,197.810000,0
20030618 165200,197.820000,197.850000,197.800000,197.850000,0
20030618 165300,197.840000,197.860000,197.830000,197.860000,0
20030618 165400,197.870000,197.880000,197.860000,197.860000,0
20030618 165600,197.850000,197.850000,197.850000,197.850000,0
20030618 165700,197.840000,197.860000,197.840000,197.860000,0
20030618 165800,197.870000,197.870000,197.870000,197.870000,0
20030618 171800,197.890000,197.890000,197.870000,197.870000,0
20030618 172000,197.860000,197.860000,197.860000,197.860000,0
20030618 172100,197.850000,197.870000,197.840000,197.870000,0
20030618 172200,197.860000,197.860000,197.850000,197.850000,0
20030618 172300,197.860000,197.900000,197.860000,197.890000,0
20030618 172400,197.900000,197.900000,197.880000,197.900000,0
20030618 172600,197.920000,197.930000,197.920000,197.930000,0
20030618 172800,197.920000,197.920000,197.920000,197.920000,0
20030618 172900,197.930000,197.940000,197.920000,197.940000,0
20030618 173000,197.930000,197.940000,197.920000,197.940000,0
20030618 173300,197.950000,197.950000,197.940000,197.940000,0
20030618 173400,197.950000,197.970000,197.950000,197.970000,0
20030618 173500,197.980000,197.990000,197.980000,197.990000,0
20030618 173600,197.980000,197.980000,197.980000,197.980000,0
20030618 173800,197.990000,198.040000,197.980000,198.020000,0
20030618 173900,198.040000,198.090000,198.040000,198.070000,0
20030618 174000,198.080000,198.090000,198.040000,198.060000,0
20030618 174100,198.070000,198.150000,198.070000,198.130000,0
20030618 174200,198.140000,198.180000,198.090000,198.100000,0
20030618 174300,198.110000,198.110000,198.110000,198.110000,0
20030618 174400,198.120000,198.230000,198.120000,198.220000,0
20030618 174500,198.230000,198.230000,198.200000,198.200000,0
20030618 174600,198.190000,198.190000,198.150000,198.150000,0
20030618 174700,198.140000,198.200000,198.140000,198.160000,0
20030618 174800,198.150000,198.200000,198.140000,198.160000,0
20030618 174900,198.150000,198.170000,198.150000,198.170000,0
20030618 175000,198.160000,198.160000,198.140000,198.150000,0
20030618 175100,198.140000,198.140000,198.130000,198.140000,0
20030618 175200,198.150000,198.150000,198.090000,198.110000,0
20030618 175300,198.120000,198.150000,198.120000,198.130000,0
20030618 175400,198.140000,198.140000,198.140000,198.140000,0
20030618 175500,198.150000,198.150000,198.140000,198.140000,0
20030618 175600,198.130000,198.150000,198.130000,198.150000,0
20030618 175700,198.160000,198.170000,198.160000,198.160000,0
20030618 175800,198.170000,198.170000,198.150000,198.160000,0
20030618 175900,198.170000,198.170000,198.140000,198.140000,0
20030618 180000,198.150000,198.150000,198.130000,198.130000,0
20030618 180100,198.140000,198.150000,198.130000,198.140000,0
20030618 180200,198.130000,198.140000,198.130000,198.140000,0
20030618 180300,198.130000,198.130000,198.110000,198.120000,0
20030618 180400,198.110000,198.130000,198.110000,198.120000,0
20030618 180500,198.130000,198.130000,198.100000,198.120000,0
20030618 180600,198.110000,198.110000,198.100000,198.100000,0
20030618 180700,198.110000,198.130000,198.110000,198.120000,0
20030618 180800,198.110000,198.140000,198.100000,198.120000,0
20030618 180900,198.130000,198.140000,198.100000,198.120000,0
20030618 181000,198.130000,198.160000,198.120000,198.120000,0
20030618 181100,198.110000,198.110000,198.110000,198.110000,0
20030618 181700,198.120000,198.130000,198.120000,198.120000,0
20030618 182100,198.110000,198.120000,198.070000,198.110000,0
20030618 182200,198.120000,198.130000,198.110000,198.130000,0
20030618 182300,198.140000,198.150000,198.130000,198.150000,0
20030618 182700,198.140000,198.140000,198.120000,198.130000,0
20030618 182800,198.120000,198.140000,198.110000,198.130000,0
20030618 182900,198.120000,198.130000,198.120000,198.120000,0
20030618 183000,198.110000,198.120000,198.110000,198.110000,0
20030618 183100,198.120000,198.130000,198.090000,198.090000,0
20030618 183200,198.100000,198.100000,198.100000,198.100000,0
20030618 183300,198.110000,198.130000,198.110000,198.110000,0
20030618 183400,198.120000,198.130000,198.090000,198.090000,0
20030618 183500,198.100000,198.110000,198.090000,198.090000,0
20030618 183600,198.100000,198.120000,198.090000,198.120000,0
20030618 183700,198.110000,198.130000,198.100000,198.120000,0
20030618 183800,198.130000,198.130000,198.130000,198.130000,0
20030618 183900,198.120000,198.160000,198.120000,198.130000,0
20030618 184000,198.140000,198.140000,198.130000,198.140000,0
20030618 184100,198.150000,198.160000,198.120000,198.120000,0
20030618 184200,198.130000,198.150000,198.110000,198.110000,0
20030618 184300,198.120000,198.130000,198.110000,198.120000,0
20030618 184400,198.110000,198.110000,198.110000,198.110000,0
20030618 184600,198.120000,198.120000,198.120000,198.120000,0
20030618 184700,198.110000,198.120000,198.110000,198.110000,0
20030618 184800,198.120000,198.120000,198.110000,198.110000,0
20030618 185000,198.120000,198.140000,198.120000,198.140000,0
20030618 185100,198.150000,198.150000,198.150000,198.150000,0
20030618 185200,198.160000,198.160000,198.160000,198.160000,0
20030618 185300,198.150000,198.170000,198.150000,198.160000,0
20030618 185400,198.170000,198.180000,198.150000,198.150000,0
20030618 185500,198.160000,198.170000,198.160000,198.160000,0
20030618 185600,198.150000,198.160000,198.150000,198.160000,0
20030618 185700,198.170000,198.180000,198.160000,198.160000,0
20030618 185800,198.170000,198.180000,198.170000,198.180000,0
20030618 185900,198.170000,198.180000,198.160000,198.170000,0
20030618 190000,198.160000,198.170000,198.160000,198.160000,0
20030618 190100,198.150000,198.170000,198.150000,198.170000,0
20030618 190200,198.180000,198.200000,198.170000,198.180000,0
20030618 190300,198.190000,198.190000,198.160000,198.160000,0
20030618 190400,198.170000,198.170000,198.140000,198.140000,0
20030618 190500,198.150000,198.150000,198.140000,198.140000,0
20030618 190700,198.150000,198.150000,198.150000,198.150000,0
20030618 190800,198.140000,198.140000,198.140000,198.140000,0
20030618 190900,198.150000,198.160000,198.130000,198.130000,0
20030618 191000,198.140000,198.160000,198.130000,198.150000,0
20030618 191200,198.160000,198.190000,198.160000,198.170000,0
20030618 191300,198.160000,198.160000,198.130000,198.130000,0
20030618 191400,198.140000,198.150000,198.130000,198.140000,0
20030618 191500,198.150000,198.160000,198.140000,198.150000,0
20030618 191600,198.160000,198.220000,198.160000,198.220000,0
20030618 191700,198.210000,198.220000,198.200000,198.220000,0
20030618 191800,198.210000,198.210000,198.180000,198.180000,0
20030618 191900,198.190000,198.200000,198.180000,198.200000,0
20030618 192000,198.210000,198.210000,198.200000,198.200000,0
20030618 192100,198.210000,198.210000,198.200000,198.200000,0
20030618 192300,198.190000,198.190000,198.180000,198.180000,0
20030618 192400,198.190000,198.190000,198.180000,198.180000,0
20030618 192500,198.190000,198.200000,198.180000,198.190000,0
20030618 192600,198.200000,198.220000,198.190000,198.220000,0
20030618 192800,198.210000,198.210000,198.200000,198.200000,0
20030618 193000,198.210000,198.220000,198.210000,198.210000,0
20030618 193100,198.220000,198.220000,198.220000,198.220000,0
20030618 193300,198.210000,198.220000,198.190000,198.220000,0
20030618 193400,198.210000,198.220000,198.200000,198.220000,0
20030618 193500,198.230000,198.230000,198.200000,198.200000,0
20030618 193600,198.210000,198.230000,198.190000,198.230000,0
20030618 193700,198.220000,198.220000,198.210000,198.220000,0
20030618 193800,198.230000,198.230000,198.210000,198.230000,0
20030618 193900,198.220000,198.270000,198.220000,198.270000,0
20030618 194000,198.260000,198.260000,198.240000,198.250000,0
20030618 194100,198.240000,198.260000,198.240000,198.250000,0
20030618 194200,198.260000,198.260000,198.250000,198.250000,0
20030618 194300,198.260000,198.270000,198.250000,198.250000,0
20030618 194400,198.260000,198.260000,198.240000,198.250000,0
20030618 194500,198.260000,198.260000,198.250000,198.250000,0
20030618 194600,198.260000,198.300000,198.260000,198.290000,0
20030618 194700,198.300000,198.310000,198.260000,198.280000,0
20030618 194900,198.270000,198.270000,198.260000,198.270000,0
20030618 195000,198.280000,198.280000,198.240000,198.240000,0
20030618 195100,198.250000,198.280000,198.250000,198.280000,0
20030618 195200,198.300000,198.350000,198.280000,198.290000,0
20030618 195300,198.280000,198.290000,198.270000,198.290000,0
20030618 195400,198.280000,198.310000,198.280000,198.300000,0
20030618 195600,198.310000,198.440000,198.310000,198.440000,0
20030618 195700,198.460000,198.480000,198.410000,198.430000,0
20030618 195800,198.440000,198.490000,198.440000,198.480000,0
20030618 195900,198.490000,198.490000,198.430000,198.430000,0
20030618 200000,198.440000,198.480000,198.440000,198.480000,0
20030618 200100,198.490000,198.500000,198.490000,198.490000,0
20030618 200200,198.500000,198.560000,198.490000,198.560000,0
20030618 200300,198.550000,198.600000,198.490000,198.600000,0
20030618 200400,198.590000,198.600000,198.590000,198.600000,0
20030618 200500,198.610000,198.620000,198.550000,198.570000,0
20030618 200600,198.580000,198.660000,198.540000,198.630000,0
20030618 200700,198.620000,198.650000,198.520000,198.620000,0
20030618 200800,198.610000,198.620000,198.570000,198.570000,0
20030618 200900,198.580000,198.580000,198.530000,198.540000,0
20030618 201000,198.530000,198.560000,198.510000,198.560000,0
20030618 201100,198.550000,198.570000,198.520000,198.540000,0
20030618 201200,198.530000,198.600000,198.530000,198.600000,0
20030618 201300,198.590000,198.590000,198.560000,198.570000,0
20030618 201400,198.580000,198.590000,198.550000,198.550000,0
20030618 201500,198.560000,198.560000,198.540000,198.550000,0
20030618 201600,198.560000,198.570000,198.530000,198.540000,0
20030618 201700,198.530000,198.550000,198.520000,198.540000,0
20030618 201800,198.550000,198.580000,198.540000,198.580000,0
20030618 201900,198.570000,198.570000,198.520000,198.550000,0
20030618 202000,198.540000,198.550000,198.500000,198.520000,0
20030618 202100,198.530000,198.560000,198.490000,198.490000,0
20030618 202200,198.500000,198.510000,198.480000,198.500000,0
20030618 202300,198.510000,198.530000,198.480000,198.510000,0
20030618 202400,198.500000,198.530000,198.480000,198.510000,0
20030618 202500,198.520000,198.520000,198.470000,198.490000,0
20030618 202600,198.500000,198.510000,198.490000,198.500000,0
20030618 202700,198.490000,198.510000,198.470000,198.490000,0
20030618 202800,198.500000,198.510000,198.490000,198.500000,0
20030618 202900,198.510000,198.580000,198.480000,198.580000,0
20030618 203000,198.590000,198.590000,198.540000,198.580000,0
20030618 203100,198.570000,198.590000,198.550000,198.580000,0
20030618 203200,198.570000,198.570000,198.520000,198.520000,0
20030618 203300,198.530000,198.530000,198.500000,198.530000,0
20030618 203400,198.540000,198.540000,198.520000,198.520000,0
20030618 203500,198.510000,198.510000,198.480000,198.480000,0
20030618 203600,198.470000,198.490000,198.470000,198.490000,0
20030618 203700,198.500000,198.510000,198.480000,198.500000,0
20030618 203800,198.490000,198.530000,198.490000,198.530000,0
20030618 203900,198.540000,198.550000,198.530000,198.550000,0
20030618 204000,198.540000,198.540000,198.540000,198.540000,0
20030618 204100,198.550000,198.570000,198.550000,198.560000,0
20030618 204200,198.570000,198.580000,198.560000,198.560000,0
20030618 204300,198.550000,198.550000,198.540000,198.550000,0
20030618 204400,198.560000,198.570000,198.560000,198.570000,0
20030618 204500,198.560000,198.560000,198.540000,198.560000,0
20030618 204600,198.570000,198.620000,198.570000,198.600000,0
20030618 204700,198.610000,198.620000,198.550000,198.560000,0
20030618 204800,198.570000,198.610000,198.560000,198.610000,0
20030618 204900,198.600000,198.620000,198.590000,198.590000,0
20030618 205000,198.600000,198.620000,198.600000,198.610000,0
20030618 205100,198.600000,198.600000,198.550000,198.560000,0
20030618 205200,198.550000,198.550000,198.530000,198.530000,0
20030618 205300,198.540000,198.600000,198.540000,198.570000,0
20030618 205400,198.560000,198.580000,198.560000,198.570000,0
20030618 205500,198.560000,198.580000,198.540000,198.580000,0
20030618 205600,198.590000,198.600000,198.570000,198.570000,0
20030618 205700,198.580000,198.580000,198.530000,198.530000,0
20030618 205800,198.540000,198.540000,198.520000,198.530000,0
20030618 205900,198.520000,198.550000,198.520000,198.550000,0
20030618 210000,198.560000,198.610000,198.540000,198.590000,0
20030618 210100,198.600000,198.600000,198.550000,198.600000,0
20030618 210200,198.570000,198.620000,198.560000,198.610000,0
20030618 210300,198.600000,198.610000,198.580000,198.590000,0
20030618 210400,198.580000,198.620000,198.570000,198.580000,0
20030618 210500,198.570000,198.600000,198.540000,198.570000,0
20030618 210600,198.560000,198.610000,198.550000,198.590000,0
20030618 210700,198.600000,198.650000,198.590000,198.650000,0
20030618 210800,198.660000,198.690000,198.650000,198.670000,0
20030618 210900,198.680000,198.690000,198.660000,198.670000,0
20030618 211000,198.660000,198.690000,198.660000,198.690000,0
20030618 211100,198.680000,198.720000,198.670000,198.720000,0
20030618 211200,198.710000,198.740000,198.700000,198.720000,0
20030618 211300,198.710000,198.730000,198.700000,198.730000,0
20030618 211400,198.720000,198.740000,198.700000,198.700000,0
20030618 211500,198.710000,198.730000,198.710000,198.720000,0
20030618 211600,198.730000,198.750000,198.730000,198.730000,0
20030618 211700,198.740000,198.740000,198.740000,198.740000,0
20030618 211800,198.730000,198.740000,198.730000,198.740000,0
20030618 211900,198.730000,198.750000,198.720000,198.740000,0
20030618 212000,198.750000,198.760000,198.710000,198.720000,0
20030618 212100,198.710000,198.720000,198.680000,198.700000,0
20030618 212200,198.710000,198.730000,198.690000,198.710000,0
20030618 212300,198.720000,198.730000,198.700000,198.700000,0
20030618 212400,198.710000,198.760000,198.710000,198.760000,0
20030618 212500,198.770000,198.840000,198.760000,198.840000,0
20030618 212600,198.850000,198.860000,198.810000,198.840000,0
20030618 212700,198.850000,198.910000,198.840000,198.890000,0
20030618 212800,198.900000,198.910000,198.860000,198.860000,0
20030618 212900,198.850000,198.850000,198.830000,198.840000,0
20030618 213000,198.850000,198.920000,198.840000,198.910000,0
20030618 213100,198.920000,198.970000,198.920000,198.930000,0
20030618 213200,198.920000,199.000000,198.920000,198.990000,0
20030618 213300,199.000000,199.010000,198.960000,198.970000,0
20030618 213400,198.980000,198.990000,198.960000,198.960000,0
20030618 213500,198.950000,198.980000,198.940000,198.960000,0
20030618 213600,198.950000,198.960000,198.910000,198.930000,0
20030618 213700,198.920000,198.950000,198.910000,198.950000,0
20030618 213800,198.960000,198.990000,198.950000,198.990000,0
20030618 213900,199.000000,199.000000,198.980000,198.980000,0
20030618 214000,198.990000,198.990000,198.950000,198.970000,0
20030618 214100,198.960000,198.990000,198.950000,198.990000,0
20030618 214200,198.980000,199.010000,198.970000,199.000000,0
20030618 214300,198.990000,198.990000,198.960000,198.970000,0
20030618 214400,198.960000,198.960000,198.910000,198.950000,0
20030618 214500,198.960000,198.970000,198.920000,198.930000,0
20030618 214600,198.920000,198.970000,198.920000,198.960000,0
20030618 214700,198.950000,198.980000,198.950000,198.970000,0
20030618 214800,198.980000,198.980000,198.900000,198.900000,0
20030618 214900,198.890000,198.890000,198.830000,198.830000,0
20030618 215000,198.820000,198.930000,198.820000,198.920000,0
20030618 215100,198.910000,198.970000,198.900000,198.960000,0
20030618 215200,198.950000,198.970000,198.910000,198.950000,0
20030618 215300,198.960000,198.970000,198.900000,198.900000,0
20030618 215400,198.910000,198.960000,198.900000,198.940000,0
20030618 215500,198.950000,198.950000,198.890000,198.890000,0
20030618 215600,198.900000,198.910000,198.880000,198.900000,0
20030618 215700,198.890000,198.910000,198.830000,198.860000,0
20030618 215800,198.850000,198.870000,198.810000,198.830000,0
20030618 215900,198.840000,198.850000,198.800000,198.840000,0
20030618 220000,198.830000,198.840000,198.810000,198.840000,0
20030618 220100,198.850000,198.900000,198.850000,198.900000,0
20030618 220200,198.890000,198.920000,198.860000,198.910000,0
20030618 220300,198.940000,199.010000,198.880000,198.940000,0
20030618 220400,198.950000,199.020000,198.910000,199.020000,0
20030618 220500,199.010000,199.140000,199.000000,199.110000,0
20030618 220600,199.120000,199.240000,199.120000,199.240000,0
20030618 220700,199.250000,199.330000,199.220000,199.260000,0
20030618 220800,199.270000,199.320000,199.150000,199.160000,0
20030618 220900,199.170000,199.240000,199.150000,199.190000,0
20030618 221000,199.050000,199.070000,199.040000,199.040000,0
20030618 221100,199.030000,199.190000,199.010000,199.190000,0
20030618 221200,199.200000,199.200000,199.140000,199.190000,0
20030618 221300,199.180000,199.190000,199.150000,199.190000,0
20030618 221400,199.160000,199.260000,199.130000,199.190000,0
20030618 221500,199.180000,199.180000,199.080000,199.080000,0
20030618 221600,199.090000,199.090000,199.050000,199.050000,0
20030618 221700,199.060000,199.100000,199.050000,199.090000,0
20030618 221800,199.080000,199.080000,199.040000,199.040000,0
20030618 221900,199.030000,199.040000,199.000000,199.010000,0
20030618 222000,199.000000,199.000000,198.940000,198.940000,0
20030618 222100,198.930000,198.950000,198.920000,198.930000,0
20030618 222200,198.940000,198.960000,198.920000,198.950000,0
20030618 222300,198.940000,198.940000,198.900000,198.910000,0
20030618 222400,198.920000,198.920000,198.870000,198.870000,0
20030618 222500,198.880000,198.910000,198.820000,198.900000,0
20030618 222600,198.890000,198.910000,198.790000,198.820000,0
20030618 222700,198.810000,198.810000,198.720000,198.720000,0
20030618 222800,198.740000,198.770000,198.710000,198.770000,0
20030618 222900,198.780000,198.830000,198.780000,198.800000,0
20030618 223000,198.810000,198.840000,198.770000,198.810000,0
20030618 223100,198.800000,198.800000,198.690000,198.720000,0
20030618 223200,198.710000,198.710000,198.620000,198.640000,0
20030618 223300,198.660000,198.700000,198.640000,198.680000,0
20030618 223400,198.660000,198.720000,198.650000,198.670000,0
20030618 223500,198.660000,198.680000,198.660000,198.680000,0
20030618 223600,198.670000,198.690000,198.670000,198.670000,0
20030618 223700,198.680000,198.690000,198.670000,198.680000,0
20030618 223800,198.690000,198.720000,198.680000,198.720000,0
20030618 223900,198.710000,198.740000,198.670000,198.730000,0
20030618 224000,198.720000,198.730000,198.660000,198.710000,0
20030618 224100,198.700000,198.770000,198.700000,198.760000,0
20030618 224200,198.750000,198.800000,198.720000,198.800000,0
20030618 224300,198.810000,198.820000,198.750000,198.790000,0
20030618 224400,198.780000,198.810000,198.750000,198.790000,0
20030618 224500,198.780000,198.790000,198.660000,198.660000,0
20030618 224600,198.650000,198.680000,198.600000,198.600000,0
20030618 224700,198.610000,198.630000,198.580000,198.620000,0
20030618 224800,198.630000,198.680000,198.620000,198.660000,0
20030618 224900,198.650000,198.720000,198.620000,198.700000,0
20030618 225000,198.690000,198.690000,198.590000,198.590000,0
20030618 225100,198.580000,198.610000,198.540000,198.600000,0
20030618 225200,198.610000,198.630000,198.530000,198.540000,0
20030618 225300,198.530000,198.570000,198.470000,198.570000,0
20030618 225400,198.560000,198.580000,198.500000,198.560000,0
20030618 225500,198.550000,198.570000,198.520000,198.570000,0
20030618 225600,198.560000,198.580000,198.490000,198.500000,0
20030618 225700,198.510000,198.560000,198.500000,198.540000,0
20030618 225800,198.550000,198.550000,198.520000,198.520000,0
20030618 225900,198.530000,198.550000,198.500000,198.500000,0
20030618 230000,198.510000,198.580000,198.500000,198.510000,0
20030618 230100,198.520000,198.580000,198.450000,198.560000,0
20030618 230200,198.550000,198.560000,198.500000,198.550000,0
20030618 230300,198.560000,198.560000,198.480000,198.500000,0
20030618 230400,198.490000,198.540000,198.480000,198.540000,0
20030618 230500,198.550000,198.580000,198.530000,198.550000,0
20030618 230600,198.540000,198.570000,198.530000,198.570000,0
20030618 230700,198.560000,198.560000,198.520000,198.520000,0
20030618 230800,198.530000,198.550000,198.500000,198.510000,0
20030618 230900,198.500000,198.510000,198.480000,198.500000,0
20030618 231000,198.490000,198.510000,198.460000,198.500000,0
20030618 231100,198.490000,198.500000,198.480000,198.500000,0
20030618 231200,198.490000,198.520000,198.480000,198.510000,0
20030618 231300,198.530000,198.550000,198.520000,198.520000,0
20030618 231400,198.530000,198.530000,198.490000,198.490000,0
20030618 231500,198.500000,198.540000,198.420000,198.450000,0
20030618 231600,198.440000,198.460000,198.430000,198.450000,0
20030618 231700,198.440000,198.450000,198.410000,198.430000,0
20030618 231800,198.440000,198.440000,198.380000,198.410000,0
20030618 231900,198.400000,198.430000,198.380000,198.390000,0
20030618 232000,198.400000,198.430000,198.370000,198.410000,0
20030618 232100,198.400000,198.430000,198.390000,198.420000,0
20030618 232200,198.430000,198.430000,198.370000,198.400000,0
20030618 232300,198.410000,198.440000,198.380000,198.400000,0
20030618 232400,198.410000,198.430000,198.390000,198.410000,0
20030618 232500,198.420000,198.450000,198.360000,198.390000,0
20030618 232600,198.410000,198.460000,198.380000,198.460000,0
20030618 232700,198.470000,198.480000,198.430000,198.460000,0
20030618 232800,198.450000,198.530000,198.440000,198.500000,0
20030618 232900,198.510000,198.530000,198.460000,198.520000,0
20030618 233000,198.540000,198.560000,198.530000,198.560000,0
20030618 233100,198.550000,198.560000,198.530000,198.540000,0
20030618 233200,198.550000,198.560000,198.530000,198.540000,0
20030618 233300,198.530000,198.560000,198.530000,198.560000,0
20030618 233400,198.550000,198.590000,198.540000,198.590000,0
20030618 233500,198.580000,198.630000,198.570000,198.610000,0
20030618 233600,198.620000,198.640000,198.600000,198.640000,0
20030618 233700,198.650000,198.650000,198.570000,198.590000,0
20030618 233800,198.580000,198.670000,198.570000,198.670000,0
20030618 233900,198.650000,198.660000,198.620000,198.650000,0
20030618 234000,198.660000,198.660000,198.630000,198.630000,0
20030618 234100,198.640000,198.670000,198.640000,198.670000,0
20030618 234200,198.660000,198.700000,198.660000,198.700000,0
20030618 234300,198.710000,198.730000,198.680000,198.700000,0
20030618 234400,198.710000,198.710000,198.630000,198.630000,0
20030618 234500,198.620000,198.620000,198.560000,198.560000,0
20030618 234600,198.550000,198.580000,198.510000,198.560000,0
20030618 234700,198.570000,198.580000,198.560000,198.580000,0
20030618 234800,198.570000,198.600000,198.570000,198.590000,0
20030618 235000,198.610000,198.610000,198.580000,198.580000,0
20030618 235100,198.590000,198.660000,198.590000,198.650000,0
20030618 235200,198.640000,198.670000,198.610000,198.630000,0
20030618 235300,198.620000,198.640000,198.590000,198.640000,0
20030618 235400,198.620000,198.670000,198.610000,198.650000,0
20030618 235500,198.640000,198.710000,198.560000,198.590000,0
20030618 235600,198.580000,198.580000,198.520000,198.530000,0
20030618 235700,198.540000,198.620000,198.540000,198.610000,0
20030618 235800,198.600000,198.630000,198.590000,198.630000,0
20030618 235900,198.620000,198.620000,198.610000,198.610000,0
