20090325 000000,143.600000,143.610000,143.580000,143.580000,0
20090325 000100,143.600000,143.660000,143.590000,143.660000,0
20090325 000200,143.680000,143.760000,143.670000,143.740000,0
20090325 000300,143.730000,143.750000,143.690000,143.720000,0
20090325 000400,143.710000,143.740000,143.670000,143.680000,0
20090325 000500,143.700000,143.760000,143.700000,143.760000,0
20090325 000600,143.760000,143.840000,143.750000,143.840000,0
20090325 000700,143.850000,143.870000,143.830000,143.860000,0
20090325 000800,143.870000,143.870000,143.830000,143.870000,0
20090325 000900,143.860000,143.870000,143.820000,143.840000,0
20090325 001000,143.850000,143.990000,143.840000,143.980000,0
20090325 001100,143.980000,143.990000,143.930000,143.950000,0
20090325 001200,143.960000,144.000000,143.940000,143.980000,0
20090325 001300,143.970000,144.010000,143.960000,144.010000,0
20090325 001400,144.000000,144.000000,143.950000,143.970000,0
20090325 001500,143.960000,143.980000,143.910000,143.930000,0
20090325 001600,143.930000,143.930000,143.890000,143.920000,0
20090325 001700,143.910000,143.920000,143.900000,143.920000,0
20090325 001800,143.910000,143.930000,143.890000,143.890000,0
20090325 001900,143.900000,143.920000,143.900000,143.910000,0
20090325 002000,143.900000,143.920000,143.900000,143.910000,0
20090325 002100,143.900000,143.950000,143.900000,143.940000,0
20090325 002200,143.940000,143.940000,143.920000,143.940000,0
20090325 002300,143.920000,143.940000,143.920000,143.940000,0
20090325 002400,143.930000,143.940000,143.890000,143.910000,0
20090325 002500,143.890000,143.890000,143.840000,143.860000,0
20090325 002600,143.850000,143.880000,143.800000,143.860000,0
20090325 002700,143.860000,143.860000,143.800000,143.810000,0
20090325 002800,143.800000,143.810000,143.730000,143.780000,0
20090325 002900,143.770000,143.770000,143.730000,143.740000,0
20090325 003000,143.730000,143.790000,143.730000,143.790000,0
20090325 003100,143.800000,143.810000,143.760000,143.760000,0
20090325 003200,143.760000,143.770000,143.710000,143.720000,0
20090325 003300,143.710000,143.710000,143.700000,143.700000,0
20090325 003400,143.710000,143.710000,143.700000,143.700000,0
20090325 003500,143.710000,143.760000,143.690000,143.740000,0
20090325 003600,143.750000,143.750000,143.740000,143.740000,0
20090325 003700,143.730000,143.730000,143.720000,143.720000,0
20090325 003800,143.710000,143.730000,143.710000,143.720000,0
20090325 003900,143.730000,143.730000,143.730000,143.730000,0
20090325 004000,143.740000,143.790000,143.740000,143.770000,0
20090325 004100,143.770000,143.770000,143.750000,143.760000,0
20090325 004200,143.730000,143.730000,143.680000,143.680000,0
20090325 004300,143.680000,143.680000,143.600000,143.610000,0
20090325 004400,143.610000,143.610000,143.580000,143.590000,0
20090325 004500,143.580000,143.600000,143.550000,143.560000,0
20090325 004600,143.550000,143.550000,143.500000,143.520000,0
20090325 004700,143.530000,143.530000,143.500000,143.510000,0
20090325 004800,143.510000,143.530000,143.510000,143.530000,0
20090325 004900,143.530000,143.530000,143.530000,143.530000,0
20090325 005000,143.540000,143.590000,143.530000,143.550000,0
20090325 005100,143.540000,143.600000,143.540000,143.600000,0
20090325 005200,143.600000,143.600000,143.570000,143.580000,0
20090325 005300,143.590000,143.590000,143.560000,143.570000,0
20090325 005400,143.570000,143.600000,143.560000,143.570000,0
20090325 005500,143.560000,143.570000,143.560000,143.570000,0
20090325 005600,143.560000,143.590000,143.560000,143.590000,0
20090325 005700,143.590000,143.600000,143.560000,143.560000,0
20090325 005800,143.550000,143.560000,143.550000,143.560000,0
20090325 005900,143.560000,143.620000,143.560000,143.610000,0
20090325 010000,143.600000,143.640000,143.570000,143.580000,0
20090325 010100,143.590000,143.620000,143.580000,143.610000,0
20090325 010200,143.580000,143.610000,143.570000,143.610000,0
20090325 010300,143.610000,143.660000,143.610000,143.660000,0
20090325 010400,143.670000,143.710000,143.650000,143.660000,0
20090325 010500,143.650000,143.660000,143.630000,143.630000,0
20090325 010600,143.630000,143.630000,143.580000,143.580000,0
20090325 010700,143.590000,143.600000,143.590000,143.590000,0
20090325 010800,143.600000,143.600000,143.590000,143.590000,0
20090325 010900,143.570000,143.650000,143.570000,143.630000,0
20090325 011000,143.640000,143.680000,143.630000,143.640000,0
20090325 011100,143.640000,143.650000,143.630000,143.650000,0
20090325 011200,143.650000,143.650000,143.610000,143.630000,0
20090325 011300,143.620000,143.620000,143.600000,143.620000,0
20090325 011400,143.610000,143.670000,143.610000,143.610000,0
20090325 011500,143.620000,143.620000,143.620000,143.620000,0
20090325 011600,143.620000,143.620000,143.620000,143.620000,0
20090325 011700,143.630000,143.640000,143.630000,143.640000,0
20090325 011800,143.610000,143.640000,143.610000,143.640000,0
20090325 011900,143.630000,143.630000,143.550000,143.570000,0
20090325 012000,143.580000,143.590000,143.480000,143.480000,0
20090325 012100,143.500000,143.500000,143.400000,143.430000,0
20090325 012200,143.440000,143.460000,143.400000,143.410000,0
20090325 012300,143.390000,143.400000,143.320000,143.370000,0
20090325 012400,143.360000,143.370000,143.340000,143.370000,0
20090325 012500,143.380000,143.390000,143.240000,143.270000,0
20090325 012600,143.280000,143.300000,143.200000,143.200000,0
20090325 012700,143.200000,143.220000,142.990000,142.990000,0
20090325 012800,142.990000,143.190000,142.960000,143.130000,0
20090325 012900,143.140000,143.170000,143.070000,143.150000,0
20090325 013000,143.140000,143.140000,143.010000,143.050000,0
20090325 013100,143.080000,143.080000,142.920000,142.980000,0
20090325 013200,142.980000,143.100000,142.980000,143.100000,0
20090325 013300,143.110000,143.150000,143.090000,143.090000,0
20090325 013400,143.100000,143.110000,143.040000,143.080000,0
20090325 013500,143.080000,143.160000,143.070000,143.150000,0
20090325 013600,143.150000,143.180000,143.100000,143.100000,0
20090325 013700,143.110000,143.150000,143.090000,143.140000,0
20090325 013800,143.140000,143.220000,143.140000,143.170000,0
20090325 013900,143.160000,143.170000,143.090000,143.110000,0
20090325 014000,143.130000,143.130000,142.890000,142.920000,0
20090325 014100,142.910000,142.940000,142.810000,142.830000,0
20090325 014200,142.840000,143.000000,142.830000,142.930000,0
20090325 014300,142.950000,143.010000,142.940000,143.010000,0
20090325 014400,142.990000,143.120000,142.970000,143.120000,0
20090325 014500,143.120000,143.160000,143.080000,143.110000,0
20090325 014600,143.100000,143.140000,143.080000,143.120000,0
20090325 014700,143.120000,143.150000,143.100000,143.110000,0
20090325 014800,143.120000,143.270000,143.080000,143.190000,0
20090325 014900,143.190000,143.190000,143.140000,143.150000,0
20090325 015000,143.160000,143.220000,143.160000,143.220000,0
20090325 015100,143.210000,143.320000,143.210000,143.320000,0
20090325 015200,143.310000,143.490000,143.310000,143.440000,0
20090325 015300,143.420000,143.420000,143.230000,143.270000,0
20090325 015400,143.260000,143.280000,143.230000,143.280000,0
20090325 015500,143.280000,143.350000,143.280000,143.350000,0
20090325 015600,143.350000,143.360000,143.350000,143.360000,0
20090325 015700,143.360000,143.360000,143.310000,143.310000,0
20090325 015800,143.310000,143.370000,143.290000,143.370000,0
20090325 015900,143.380000,143.380000,143.350000,143.380000,0
20090325 020000,143.380000,143.380000,143.310000,143.320000,0
20090325 020100,143.310000,143.310000,143.120000,143.140000,0
20090325 020200,143.170000,143.170000,143.050000,143.050000,0
20090325 020300,143.040000,143.120000,143.040000,143.050000,0
20090325 020400,143.040000,143.090000,143.030000,143.090000,0
20090325 020500,143.100000,143.220000,143.100000,143.190000,0
20090325 020600,143.180000,143.300000,143.180000,143.300000,0
20090325 020700,143.320000,143.380000,143.270000,143.330000,0
20090325 020800,143.320000,143.320000,143.230000,143.240000,0
20090325 020900,143.250000,143.280000,143.240000,143.240000,0
20090325 021000,143.250000,143.280000,143.230000,143.230000,0
20090325 021100,143.220000,143.240000,143.220000,143.230000,0
20090325 021200,143.240000,143.260000,143.220000,143.220000,0
20090325 021300,143.220000,143.230000,143.200000,143.200000,0
20090325 021400,143.190000,143.290000,143.190000,143.250000,0
20090325 021500,143.240000,143.330000,143.230000,143.330000,0
20090325 021600,143.290000,143.360000,143.260000,143.300000,0
20090325 021700,143.340000,143.350000,143.310000,143.350000,0
20090325 021800,143.350000,143.360000,143.340000,143.350000,0
20090325 021900,143.350000,143.380000,143.310000,143.310000,0
20090325 022000,143.310000,143.320000,143.260000,143.260000,0
20090325 022100,143.290000,143.310000,143.250000,143.270000,0
20090325 022200,143.270000,143.270000,143.260000,143.270000,0
20090325 022300,143.270000,143.330000,143.270000,143.270000,0
20090325 022400,143.280000,143.290000,143.270000,143.270000,0
20090325 022500,143.260000,143.280000,143.220000,143.260000,0
20090325 022600,143.260000,143.270000,143.220000,143.250000,0
20090325 022700,143.250000,143.290000,143.250000,143.270000,0
20090325 022800,143.280000,143.290000,143.230000,143.270000,0
20090325 022900,143.280000,143.280000,143.220000,143.250000,0
20090325 023000,143.290000,143.290000,143.230000,143.270000,0
20090325 023100,143.290000,143.290000,143.240000,143.260000,0
20090325 023200,143.260000,143.280000,143.220000,143.230000,0
20090325 023300,143.210000,143.220000,143.140000,143.140000,0
20090325 023400,143.130000,143.150000,143.120000,143.150000,0
20090325 023500,143.150000,143.190000,143.130000,143.170000,0
20090325 023600,143.170000,143.170000,143.040000,143.040000,0
20090325 023700,143.040000,143.040000,142.940000,143.000000,0
20090325 023800,143.010000,143.070000,143.000000,143.070000,0
20090325 023900,143.070000,143.140000,143.060000,143.140000,0
20090325 024000,143.150000,143.210000,143.150000,143.170000,0
20090325 024100,143.180000,143.200000,143.150000,143.190000,0
20090325 024200,143.190000,143.230000,143.190000,143.230000,0
20090325 024300,143.220000,143.250000,143.220000,143.220000,0
20090325 024400,143.190000,143.230000,143.170000,143.230000,0
20090325 024500,143.240000,143.260000,143.210000,143.260000,0
20090325 024600,143.250000,143.350000,143.250000,143.330000,0
20090325 024700,143.340000,143.370000,143.310000,143.340000,0
20090325 024800,143.350000,143.350000,143.240000,143.240000,0
20090325 024900,143.250000,143.290000,143.250000,143.260000,0
20090325 025000,143.260000,143.310000,143.260000,143.290000,0
20090325 025100,143.280000,143.330000,143.280000,143.320000,0
20090325 025200,143.300000,143.310000,143.240000,143.250000,0
20090325 025300,143.250000,143.250000,143.180000,143.190000,0
20090325 025400,143.160000,143.230000,143.110000,143.110000,0
20090325 025500,143.110000,143.230000,143.090000,143.160000,0
20090325 025600,143.150000,143.150000,143.080000,143.090000,0
20090325 025700,143.100000,143.110000,143.050000,143.050000,0
20090325 025800,143.060000,143.090000,143.040000,143.040000,0
20090325 025900,143.050000,143.070000,143.030000,143.030000,0
20090325 030000,143.030000,143.120000,143.020000,143.120000,0
20090325 030100,143.130000,143.150000,143.110000,143.120000,0
20090325 030200,143.120000,143.210000,143.120000,143.210000,0
20090325 030300,143.200000,143.240000,143.140000,143.160000,0
20090325 030400,143.150000,143.180000,143.130000,143.140000,0
20090325 030500,143.150000,143.180000,143.110000,143.140000,0
20090325 030600,143.130000,143.190000,143.100000,143.160000,0
20090325 030700,143.150000,143.160000,143.120000,143.120000,0
20090325 030800,143.130000,143.180000,143.080000,143.140000,0
20090325 030900,143.130000,143.140000,143.120000,143.120000,0
20090325 031000,143.120000,143.160000,143.120000,143.140000,0
20090325 031100,143.130000,143.170000,143.110000,143.130000,0
20090325 031200,143.140000,143.160000,143.100000,143.120000,0
20090325 031300,143.110000,143.140000,143.070000,143.120000,0
20090325 031400,143.090000,143.110000,143.070000,143.110000,0
20090325 031500,143.120000,143.130000,143.060000,143.090000,0
20090325 031600,143.100000,143.100000,142.960000,142.990000,0
20090325 031700,142.990000,142.990000,142.890000,142.890000,0
20090325 031800,142.890000,142.920000,142.860000,142.870000,0
20090325 031900,142.850000,142.860000,142.800000,142.840000,0
20090325 032000,142.830000,142.890000,142.820000,142.860000,0
20090325 032100,142.850000,142.860000,142.780000,142.780000,0
20090325 032200,142.770000,142.820000,142.710000,142.740000,0
20090325 032300,142.740000,142.780000,142.710000,142.740000,0
20090325 032400,142.760000,142.790000,142.730000,142.770000,0
20090325 032500,142.770000,142.820000,142.770000,142.800000,0
20090325 032600,142.800000,142.810000,142.760000,142.810000,0
20090325 032700,142.820000,142.820000,142.740000,142.770000,0
20090325 032800,142.760000,142.800000,142.720000,142.760000,0
20090325 032900,142.760000,142.840000,142.760000,142.780000,0
20090325 033000,142.760000,142.760000,142.680000,142.740000,0
20090325 033100,142.710000,142.810000,142.710000,142.810000,0
20090325 033200,142.810000,142.890000,142.810000,142.890000,0
20090325 033300,142.870000,142.940000,142.830000,142.830000,0
20090325 033400,142.840000,142.850000,142.810000,142.830000,0
20090325 033500,142.840000,142.850000,142.810000,142.820000,0
20090325 033600,142.830000,142.870000,142.830000,142.840000,0
20090325 033700,142.830000,142.860000,142.830000,142.860000,0
20090325 033800,142.860000,142.870000,142.810000,142.860000,0
20090325 033900,142.850000,142.850000,142.790000,142.790000,0
20090325 034000,142.790000,142.870000,142.790000,142.850000,0
20090325 034100,142.840000,142.870000,142.820000,142.860000,0
20090325 034200,142.860000,142.910000,142.840000,142.910000,0
20090325 034300,142.920000,143.030000,142.910000,143.030000,0
20090325 034400,143.030000,143.150000,143.030000,143.140000,0
20090325 034500,143.140000,143.140000,143.070000,143.100000,0
20090325 034600,143.100000,143.160000,143.090000,143.160000,0
20090325 034700,143.170000,143.270000,143.170000,143.260000,0
20090325 034800,143.260000,143.270000,143.150000,143.160000,0
20090325 034900,143.180000,143.240000,143.100000,143.120000,0
20090325 035000,143.120000,143.170000,143.110000,143.110000,0
20090325 035100,143.100000,143.130000,143.090000,143.120000,0
20090325 035200,143.100000,143.140000,143.090000,143.090000,0
20090325 035300,143.100000,143.190000,143.060000,143.180000,0
20090325 035400,143.190000,143.220000,143.170000,143.190000,0
20090325 035500,143.180000,143.180000,143.100000,143.100000,0
20090325 035600,143.110000,143.140000,143.100000,143.110000,0
20090325 035700,143.100000,143.160000,143.080000,143.120000,0
20090325 035800,143.100000,143.140000,143.060000,143.060000,0
20090325 035900,143.070000,143.120000,143.050000,143.080000,0
20090325 040000,143.070000,143.090000,143.020000,143.040000,0
20090325 040100,143.040000,143.090000,143.040000,143.080000,0
20090325 040200,143.090000,143.090000,143.070000,143.080000,0
20090325 040300,143.090000,143.100000,142.880000,142.900000,0
20090325 040400,142.900000,142.950000,142.820000,142.920000,0
20090325 040500,142.930000,142.990000,142.900000,142.920000,0
20090325 040600,142.910000,142.960000,142.890000,142.920000,0
20090325 040700,142.930000,143.060000,142.920000,143.060000,0
20090325 040800,143.060000,143.070000,143.030000,143.060000,0
20090325 040900,143.070000,143.070000,143.000000,143.010000,0
20090325 041000,143.020000,143.030000,142.990000,143.000000,0
20090325 041100,143.000000,143.030000,142.980000,143.000000,0
20090325 041200,143.010000,143.010000,142.940000,142.990000,0
20090325 041300,142.980000,142.990000,142.970000,142.970000,0
20090325 041400,142.970000,142.970000,142.950000,142.960000,0
20090325 041500,142.950000,142.980000,142.910000,142.980000,0
20090325 041600,142.970000,142.970000,142.880000,142.890000,0
20090325 041700,142.880000,142.920000,142.870000,142.900000,0
20090325 041800,142.910000,142.970000,142.900000,142.920000,0
20090325 041900,142.930000,142.990000,142.930000,142.970000,0
20090325 042000,142.980000,143.020000,142.970000,143.010000,0
20090325 042100,143.010000,143.060000,143.010000,143.060000,0
20090325 042200,143.040000,143.180000,142.990000,143.140000,0
20090325 042300,143.150000,143.160000,143.080000,143.100000,0
20090325 042400,143.110000,143.160000,143.050000,143.070000,0
20090325 042500,143.070000,143.090000,142.980000,143.000000,0
20090325 042600,142.990000,142.990000,142.920000,142.920000,0
20090325 042700,142.900000,142.900000,142.810000,142.870000,0
20090325 042800,142.870000,142.920000,142.830000,142.920000,0
20090325 042900,142.910000,142.960000,142.840000,142.850000,0
20090325 043000,142.860000,142.860000,142.750000,142.790000,0
20090325 043100,142.800000,142.810000,142.620000,142.650000,0
20090325 043200,142.660000,142.690000,142.630000,142.650000,0
20090325 043300,142.650000,142.690000,142.460000,142.500000,0
20090325 043400,142.510000,142.540000,142.450000,142.500000,0
20090325 043500,142.500000,142.610000,142.460000,142.520000,0
20090325 043600,142.520000,142.660000,142.490000,142.640000,0
20090325 043700,142.630000,142.680000,142.550000,142.630000,0
20090325 043800,142.630000,142.790000,142.630000,142.720000,0
20090325 043900,142.730000,142.740000,142.650000,142.700000,0
20090325 044000,142.690000,142.710000,142.670000,142.700000,0
20090325 044100,142.700000,142.770000,142.690000,142.750000,0
20090325 044200,142.760000,142.830000,142.750000,142.810000,0
20090325 044300,142.800000,142.850000,142.800000,142.840000,0
20090325 044400,142.840000,142.920000,142.840000,142.910000,0
20090325 044500,142.900000,142.900000,142.800000,142.800000,0
20090325 044600,142.780000,142.810000,142.730000,142.790000,0
20090325 044700,142.790000,142.800000,142.670000,142.710000,0
20090325 044800,142.700000,142.870000,142.700000,142.870000,0
20090325 044900,142.880000,142.930000,142.850000,142.860000,0
20090325 045000,142.850000,142.880000,142.850000,142.850000,0
20090325 045100,142.860000,142.860000,142.830000,142.850000,0
20090325 045200,142.860000,142.860000,142.780000,142.790000,0
20090325 045300,142.780000,142.880000,142.740000,142.880000,0
20090325 045400,142.870000,142.960000,142.870000,142.920000,0
20090325 045500,142.920000,143.020000,142.920000,143.020000,0
20090325 045600,143.010000,143.010000,142.920000,142.930000,0
20090325 045700,142.920000,142.920000,142.820000,142.860000,0
20090325 045800,142.860000,143.010000,142.820000,142.990000,0
20090325 045900,142.990000,143.000000,142.870000,142.890000,0
20090325 050000,142.910000,142.950000,142.690000,142.730000,0
20090325 050100,142.740000,142.740000,142.530000,142.580000,0
20090325 050200,142.590000,142.600000,142.440000,142.500000,0
20090325 050300,142.490000,142.700000,142.480000,142.650000,0
20090325 050400,142.660000,142.690000,142.590000,142.690000,0
20090325 050500,142.690000,142.790000,142.680000,142.790000,0
20090325 050600,142.800000,142.850000,142.700000,142.730000,0
20090325 050700,142.730000,142.770000,142.600000,142.600000,0
20090325 050800,142.610000,142.680000,142.600000,142.650000,0
20090325 050900,142.650000,142.700000,142.650000,142.670000,0
20090325 051000,142.680000,142.690000,142.640000,142.660000,0
20090325 051100,142.660000,142.730000,142.650000,142.710000,0
20090325 051200,142.700000,142.750000,142.690000,142.730000,0
20090325 051300,142.690000,142.750000,142.680000,142.690000,0
20090325 051400,142.700000,142.730000,142.670000,142.720000,0
20090325 051500,142.720000,142.770000,142.620000,142.630000,0
20090325 051600,142.620000,142.640000,142.550000,142.570000,0
20090325 051700,142.560000,142.650000,142.550000,142.630000,0
20090325 051800,142.610000,142.630000,142.570000,142.580000,0
20090325 051900,142.580000,142.660000,142.570000,142.660000,0
20090325 052000,142.660000,142.840000,142.640000,142.840000,0
20090325 052100,142.840000,142.840000,142.740000,142.750000,0
20090325 052200,142.740000,142.740000,142.640000,142.670000,0
20090325 052300,142.680000,142.720000,142.650000,142.710000,0
20090325 052400,142.710000,142.790000,142.690000,142.780000,0
20090325 052500,142.770000,142.790000,142.740000,142.780000,0
20090325 052600,142.790000,142.840000,142.790000,142.820000,0
20090325 052700,142.820000,142.830000,142.750000,142.770000,0
20090325 052800,142.790000,142.790000,142.660000,142.740000,0
20090325 052900,142.750000,142.800000,142.720000,142.770000,0
20090325 053000,142.760000,142.770000,142.700000,142.740000,0
20090325 053100,142.750000,142.760000,142.680000,142.700000,0
20090325 053200,142.720000,142.790000,142.700000,142.790000,0
20090325 053300,142.790000,142.800000,142.700000,142.710000,0
20090325 053400,142.710000,142.720000,142.670000,142.680000,0
20090325 053500,142.690000,142.690000,142.580000,142.590000,0
20090325 053600,142.590000,142.640000,142.590000,142.620000,0
20090325 053700,142.620000,142.680000,142.610000,142.670000,0
20090325 053800,142.680000,142.730000,142.650000,142.700000,0
20090325 053900,142.690000,142.710000,142.650000,142.670000,0
20090325 054000,142.680000,142.680000,142.620000,142.630000,0
20090325 054100,142.630000,142.700000,142.600000,142.690000,0
20090325 054200,142.680000,142.790000,142.670000,142.780000,0
20090325 054300,142.790000,142.910000,142.790000,142.880000,0
20090325 054400,142.870000,142.940000,142.830000,142.930000,0
20090325 054500,142.910000,142.980000,142.910000,142.940000,0
20090325 054600,142.930000,142.930000,142.880000,142.900000,0
20090325 054700,142.900000,142.950000,142.870000,142.940000,0
20090325 054800,142.930000,142.940000,142.890000,142.930000,0
20090325 054900,142.930000,142.950000,142.900000,142.940000,0
20090325 055000,142.930000,142.940000,142.870000,142.910000,0
20090325 055100,142.910000,142.920000,142.860000,142.900000,0
20090325 055200,142.900000,142.910000,142.840000,142.850000,0
20090325 055300,142.840000,142.860000,142.750000,142.820000,0
20090325 055400,142.830000,142.850000,142.800000,142.830000,0
20090325 055500,142.840000,142.900000,142.830000,142.840000,0
20090325 055600,142.830000,142.890000,142.830000,142.870000,0
20090325 055700,142.860000,142.880000,142.740000,142.770000,0
20090325 055800,142.760000,142.850000,142.760000,142.810000,0
20090325 055900,142.800000,142.820000,142.740000,142.820000,0
20090325 060000,142.810000,142.840000,142.740000,142.790000,0
20090325 060100,142.800000,142.800000,142.690000,142.700000,0
20090325 060200,142.710000,142.750000,142.660000,142.700000,0
20090325 060300,142.720000,142.750000,142.590000,142.620000,0
20090325 060400,142.640000,142.680000,142.570000,142.630000,0
20090325 060500,142.650000,142.780000,142.650000,142.780000,0
20090325 060600,142.780000,142.780000,142.720000,142.740000,0
20090325 060700,142.750000,142.780000,142.700000,142.760000,0
20090325 060800,142.750000,142.810000,142.730000,142.730000,0
20090325 060900,142.730000,142.750000,142.680000,142.730000,0
20090325 061000,142.730000,142.750000,142.570000,142.590000,0
20090325 061100,142.590000,142.640000,142.580000,142.600000,0
20090325 061200,142.590000,142.640000,142.580000,142.620000,0
20090325 061300,142.620000,142.720000,142.600000,142.700000,0
20090325 061400,142.700000,142.700000,142.610000,142.610000,0
20090325 061500,142.620000,142.660000,142.620000,142.650000,0
20090325 061600,142.630000,142.640000,142.490000,142.500000,0
20090325 061700,142.510000,142.610000,142.460000,142.550000,0
20090325 061800,142.560000,142.570000,142.530000,142.540000,0
20090325 061900,142.540000,142.600000,142.530000,142.560000,0
20090325 062000,142.550000,142.560000,142.510000,142.540000,0
20090325 062100,142.530000,142.580000,142.490000,142.570000,0
20090325 062200,142.570000,142.600000,142.540000,142.600000,0
20090325 062300,142.610000,142.610000,142.540000,142.570000,0
20090325 062400,142.550000,142.610000,142.540000,142.560000,0
20090325 062500,142.550000,142.570000,142.550000,142.560000,0
20090325 062600,142.560000,142.560000,142.510000,142.510000,0
20090325 062700,142.500000,142.550000,142.490000,142.540000,0
20090325 062800,142.550000,142.550000,142.490000,142.530000,0
20090325 062900,142.520000,142.570000,142.520000,142.560000,0
20090325 063000,142.560000,142.560000,142.500000,142.500000,0
20090325 063100,142.480000,142.560000,142.480000,142.560000,0
20090325 063200,142.570000,142.710000,142.570000,142.710000,0
20090325 063300,142.700000,142.740000,142.680000,142.740000,0
20090325 063400,142.740000,142.780000,142.700000,142.700000,0
20090325 063500,142.690000,142.730000,142.680000,142.710000,0
20090325 063600,142.730000,142.850000,142.730000,142.850000,0
20090325 063700,142.830000,142.870000,142.810000,142.840000,0
20090325 063800,142.840000,142.910000,142.830000,142.900000,0
20090325 063900,142.930000,143.200000,142.930000,143.110000,0
20090325 064000,143.090000,143.120000,143.030000,143.090000,0
20090325 064100,143.090000,143.150000,143.060000,143.100000,0
20090325 064200,143.110000,143.190000,143.060000,143.150000,0
20090325 064300,143.170000,143.370000,143.170000,143.290000,0
20090325 064400,143.300000,143.310000,143.200000,143.210000,0
20090325 064500,143.220000,143.230000,143.110000,143.160000,0
20090325 064600,143.160000,143.180000,143.080000,143.160000,0
20090325 064700,143.140000,143.160000,142.990000,143.040000,0
20090325 064800,143.040000,143.050000,142.900000,142.930000,0
20090325 064900,142.920000,142.970000,142.920000,142.930000,0
20090325 065000,142.930000,143.060000,142.930000,143.050000,0
20090325 065100,143.050000,143.110000,142.990000,142.990000,0
20090325 065200,142.980000,142.990000,142.910000,142.910000,0
20090325 065300,142.900000,142.900000,142.720000,142.810000,0
20090325 065400,142.800000,142.810000,142.730000,142.780000,0
20090325 065500,142.790000,142.790000,142.600000,142.650000,0
20090325 065600,142.640000,142.680000,142.580000,142.580000,0
20090325 065700,142.570000,142.580000,142.460000,142.550000,0
20090325 065800,142.550000,142.600000,142.530000,142.580000,0
20090325 065900,142.590000,142.630000,142.480000,142.490000,0
20090325 070000,142.490000,142.640000,142.430000,142.480000,0
20090325 070100,142.480000,142.520000,142.410000,142.410000,0
20090325 070200,142.400000,142.470000,142.340000,142.470000,0
20090325 070300,142.450000,142.490000,142.420000,142.430000,0
20090325 070400,142.420000,142.510000,142.380000,142.440000,0
20090325 070500,142.420000,142.440000,142.300000,142.300000,0
20090325 070600,142.300000,142.440000,142.290000,142.370000,0
20090325 070700,142.370000,142.500000,142.350000,142.400000,0
20090325 070800,142.400000,142.470000,142.370000,142.420000,0
20090325 070900,142.420000,142.540000,142.410000,142.510000,0
20090325 071000,142.520000,142.520000,142.420000,142.440000,0
20090325 071100,142.440000,142.460000,142.410000,142.450000,0
20090325 071200,142.440000,142.510000,142.440000,142.480000,0
20090325 071300,142.480000,142.480000,142.380000,142.420000,0
20090325 071400,142.420000,142.440000,142.380000,142.410000,0
20090325 071500,142.400000,142.400000,142.360000,142.370000,0
20090325 071600,142.360000,142.390000,142.310000,142.330000,0
20090325 071700,142.330000,142.370000,142.270000,142.370000,0
20090325 071800,142.390000,142.480000,142.350000,142.360000,0
20090325 071900,142.360000,142.450000,142.320000,142.450000,0
20090325 072000,142.450000,142.490000,142.420000,142.420000,0
20090325 072100,142.430000,142.470000,142.340000,142.340000,0
20090325 072200,142.330000,142.370000,142.220000,142.220000,0
20090325 072300,142.210000,142.310000,142.190000,142.300000,0
20090325 072400,142.290000,142.310000,142.240000,142.260000,0
20090325 072500,142.250000,142.290000,142.210000,142.240000,0
20090325 072600,142.220000,142.250000,142.220000,142.230000,0
20090325 072700,142.230000,142.290000,142.230000,142.290000,0
20090325 072800,142.280000,142.290000,142.240000,142.250000,0
20090325 072900,142.240000,142.270000,142.210000,142.240000,0
20090325 073000,142.230000,142.330000,142.220000,142.300000,0
20090325 073100,142.310000,142.310000,142.250000,142.260000,0
20090325 073200,142.260000,142.320000,142.250000,142.310000,0
20090325 073300,142.320000,142.450000,142.300000,142.450000,0
20090325 073400,142.460000,142.480000,142.220000,142.230000,0
20090325 073500,142.210000,142.380000,142.200000,142.370000,0
20090325 073600,142.360000,142.390000,142.330000,142.330000,0
20090325 073700,142.350000,142.370000,142.340000,142.340000,0
20090325 073800,142.350000,142.370000,142.340000,142.350000,0
20090325 073900,142.360000,142.460000,142.310000,142.450000,0
20090325 074000,142.460000,142.470000,142.340000,142.420000,0
20090325 074100,142.420000,142.440000,142.390000,142.410000,0
20090325 074200,142.420000,142.430000,142.330000,142.340000,0
20090325 074300,142.340000,142.440000,142.340000,142.390000,0
20090325 074400,142.390000,142.470000,142.390000,142.440000,0
20090325 074500,142.430000,142.430000,142.370000,142.370000,0
20090325 074600,142.370000,142.370000,142.320000,142.360000,0
20090325 074700,142.360000,142.370000,142.340000,142.360000,0
20090325 074800,142.350000,142.390000,142.340000,142.390000,0
20090325 074900,142.380000,142.400000,142.360000,142.380000,0
20090325 075000,142.370000,142.370000,142.240000,142.250000,0
20090325 075100,142.240000,142.320000,142.240000,142.280000,0
20090325 075200,142.280000,142.290000,142.230000,142.260000,0
20090325 075300,142.260000,142.340000,142.230000,142.310000,0
20090325 075400,142.310000,142.330000,142.260000,142.300000,0
20090325 075500,142.300000,142.360000,142.300000,142.300000,0
20090325 075600,142.300000,142.480000,142.290000,142.480000,0
20090325 075700,142.460000,142.480000,142.380000,142.420000,0
20090325 075800,142.430000,142.450000,142.360000,142.450000,0
20090325 075900,142.430000,142.440000,142.290000,142.340000,0
20090325 080000,142.330000,142.330000,142.260000,142.320000,0
20090325 080100,142.310000,142.430000,142.310000,142.390000,0
20090325 080200,142.370000,142.410000,142.360000,142.400000,0
20090325 080300,142.400000,142.400000,142.360000,142.400000,0
20090325 080400,142.390000,142.390000,142.350000,142.370000,0
20090325 080500,142.380000,142.420000,142.310000,142.340000,0
20090325 080600,142.330000,142.330000,142.260000,142.260000,0
20090325 080700,142.280000,142.350000,142.280000,142.310000,0
20090325 080800,142.300000,142.340000,142.290000,142.330000,0
20090325 080900,142.320000,142.460000,142.300000,142.450000,0
20090325 081000,142.460000,142.460000,142.340000,142.350000,0
20090325 081100,142.340000,142.410000,142.320000,142.390000,0
20090325 081200,142.390000,142.390000,142.360000,142.390000,0
20090325 081300,142.390000,142.480000,142.390000,142.460000,0
20090325 081400,142.480000,142.480000,142.250000,142.280000,0
20090325 081500,142.260000,142.390000,142.250000,142.370000,0
20090325 081600,142.360000,142.400000,142.360000,142.370000,0
20090325 081700,142.360000,142.400000,142.300000,142.340000,0
20090325 081800,142.350000,142.370000,142.340000,142.360000,0
20090325 081900,142.350000,142.400000,142.340000,142.370000,0
20090325 082000,142.370000,142.400000,142.330000,142.360000,0
20090325 082100,142.360000,142.380000,142.310000,142.310000,0
20090325 082200,142.300000,142.310000,142.240000,142.260000,0
20090325 082300,142.260000,142.300000,142.260000,142.270000,0
20090325 082400,142.270000,142.300000,142.260000,142.280000,0
20090325 082500,142.280000,142.280000,142.230000,142.260000,0
20090325 082600,142.270000,142.300000,142.260000,142.290000,0
20090325 082700,142.280000,142.360000,142.280000,142.360000,0
20090325 082800,142.370000,142.420000,142.360000,142.410000,0
20090325 082900,142.400000,142.500000,142.400000,142.440000,0
20090325 083000,142.490000,142.790000,142.490000,142.630000,0
20090325 083100,142.620000,142.740000,142.550000,142.660000,0
20090325 083200,142.650000,142.660000,142.530000,142.580000,0
20090325 083300,142.570000,142.640000,142.570000,142.620000,0
20090325 083400,142.620000,142.630000,142.560000,142.600000,0
20090325 083500,142.590000,142.770000,142.580000,142.710000,0
20090325 083600,142.680000,142.730000,142.630000,142.640000,0
20090325 083700,142.640000,142.700000,142.600000,142.620000,0
20090325 083800,142.620000,142.680000,142.600000,142.630000,0
20090325 083900,142.610000,142.670000,142.580000,142.670000,0
20090325 084000,142.660000,142.680000,142.580000,142.670000,0
20090325 084100,142.660000,142.680000,142.600000,142.610000,0
20090325 084200,142.600000,142.630000,142.580000,142.590000,0
20090325 084300,142.590000,142.650000,142.570000,142.590000,0
20090325 084400,142.590000,142.620000,142.530000,142.530000,0
20090325 084500,142.520000,142.610000,142.510000,142.580000,0
20090325 084600,142.590000,142.620000,142.560000,142.600000,0
20090325 084700,142.600000,142.690000,142.600000,142.670000,0
20090325 084800,142.670000,142.680000,142.630000,142.680000,0
20090325 084900,142.670000,142.710000,142.650000,142.700000,0
20090325 085000,142.700000,142.700000,142.630000,142.630000,0
20090325 085100,142.630000,142.690000,142.620000,142.670000,0
20090325 085200,142.660000,142.800000,142.660000,142.740000,0
20090325 085300,142.730000,142.880000,142.730000,142.880000,0
20090325 085400,142.870000,142.880000,142.770000,142.790000,0
20090325 085500,142.780000,142.800000,142.740000,142.800000,0
20090325 085600,142.780000,142.820000,142.770000,142.790000,0
20090325 085700,142.790000,142.840000,142.780000,142.800000,0
20090325 085800,142.810000,142.900000,142.800000,142.870000,0
20090325 085900,142.850000,142.890000,142.850000,142.860000,0
20090325 090000,142.860000,142.990000,142.850000,142.970000,0
20090325 090100,142.980000,143.030000,142.970000,142.990000,0
20090325 090200,142.980000,143.060000,142.970000,143.060000,0
20090325 090300,143.070000,143.100000,143.010000,143.090000,0
20090325 090400,143.100000,143.210000,143.090000,143.120000,0
20090325 090500,143.130000,143.130000,143.070000,143.080000,0
20090325 090600,143.070000,143.100000,143.050000,143.080000,0
20090325 090700,143.060000,143.090000,143.030000,143.060000,0
20090325 090800,143.070000,143.090000,143.060000,143.070000,0
20090325 090900,143.060000,143.090000,143.040000,143.070000,0
20090325 091000,143.070000,143.090000,143.030000,143.060000,0
20090325 091100,143.050000,143.100000,143.040000,143.050000,0
20090325 091200,143.060000,143.120000,143.060000,143.120000,0
20090325 091300,143.110000,143.150000,143.110000,143.110000,0
20090325 091400,143.110000,143.110000,143.070000,143.100000,0
20090325 091500,143.110000,143.180000,143.100000,143.110000,0
20090325 091600,143.110000,143.120000,143.050000,143.060000,0
20090325 091700,143.060000,143.090000,142.980000,143.050000,0
20090325 091800,143.060000,143.070000,142.990000,143.040000,0
20090325 091900,143.040000,143.070000,142.990000,143.000000,0
20090325 092000,142.990000,143.000000,142.890000,142.890000,0
20090325 092100,142.880000,143.000000,142.880000,142.970000,0
20090325 092200,142.960000,143.070000,142.920000,143.070000,0
20090325 092300,143.070000,143.090000,142.910000,142.980000,0
20090325 092400,142.990000,143.020000,142.930000,142.980000,0
20090325 092500,142.970000,143.010000,142.900000,142.970000,0
20090325 092600,142.960000,142.960000,142.880000,142.890000,0
20090325 092700,142.880000,142.930000,142.870000,142.900000,0
20090325 092800,142.890000,142.940000,142.870000,142.920000,0
20090325 092900,142.910000,142.950000,142.900000,142.920000,0
20090325 093000,142.920000,142.960000,142.890000,142.960000,0
20090325 093100,142.940000,142.970000,142.930000,142.930000,0
20090325 093200,142.930000,143.020000,142.870000,142.870000,0
20090325 093300,142.870000,142.940000,142.840000,142.880000,0
20090325 093400,142.880000,142.880000,142.780000,142.800000,0
20090325 093500,142.800000,142.860000,142.790000,142.840000,0
20090325 093600,142.840000,142.890000,142.810000,142.820000,0
20090325 093700,142.800000,142.880000,142.800000,142.830000,0
20090325 093800,142.840000,142.860000,142.790000,142.810000,0
20090325 093900,142.820000,142.860000,142.790000,142.840000,0
20090325 094000,142.850000,142.950000,142.830000,142.940000,0
20090325 094100,142.950000,142.950000,142.830000,142.870000,0
20090325 094200,142.880000,142.900000,142.800000,142.810000,0
20090325 094300,142.810000,142.820000,142.780000,142.810000,0
20090325 094400,142.800000,142.840000,142.760000,142.770000,0
20090325 094500,142.780000,142.780000,142.710000,142.710000,0
20090325 094600,142.710000,142.810000,142.710000,142.810000,0
20090325 094700,142.810000,142.820000,142.690000,142.730000,0
20090325 094800,142.730000,142.770000,142.700000,142.720000,0
20090325 094900,142.730000,142.790000,142.730000,142.780000,0
20090325 095000,142.780000,142.830000,142.760000,142.810000,0
20090325 095100,142.810000,142.880000,142.800000,142.870000,0
20090325 095200,142.860000,142.910000,142.830000,142.860000,0
20090325 095300,142.850000,142.880000,142.840000,142.870000,0
20090325 095400,142.880000,142.880000,142.820000,142.850000,0
20090325 095500,142.830000,142.850000,142.550000,142.600000,0
20090325 095600,142.610000,142.730000,142.210000,142.730000,0
20090325 095700,142.710000,142.710000,142.460000,142.590000,0
20090325 095800,142.590000,142.800000,142.530000,142.800000,0
20090325 095900,142.820000,142.950000,142.660000,142.790000,0
20090325 100000,142.810000,143.210000,142.810000,143.150000,0
20090325 100100,143.110000,143.140000,142.690000,142.690000,0
20090325 100200,142.690000,142.950000,142.680000,142.910000,0
20090325 100300,142.920000,142.930000,142.580000,142.600000,0
20090325 100400,142.580000,142.740000,142.430000,142.660000,0
20090325 100500,142.650000,142.680000,142.330000,142.430000,0
20090325 100600,142.440000,142.660000,142.290000,142.650000,0
20090325 100700,142.650000,142.820000,142.630000,142.640000,0
20090325 100800,142.630000,142.720000,142.550000,142.620000,0
20090325 100900,142.650000,142.710000,142.570000,142.680000,0
20090325 101000,142.700000,142.720000,142.540000,142.690000,0
20090325 101100,142.680000,142.750000,142.610000,142.740000,0
20090325 101200,142.730000,142.730000,142.560000,142.700000,0
20090325 101300,142.710000,142.720000,142.540000,142.560000,0
20090325 101400,142.560000,142.800000,142.510000,142.800000,0
20090325 101500,142.760000,142.950000,142.520000,142.950000,0
20090325 101600,142.940000,142.940000,142.680000,142.830000,0
20090325 101700,142.820000,142.880000,142.610000,142.660000,0
20090325 101800,142.650000,142.870000,142.530000,142.870000,0
20090325 101900,142.860000,142.870000,142.780000,142.820000,0
20090325 102000,142.810000,142.810000,142.700000,142.760000,0
20090325 102100,142.750000,142.780000,142.710000,142.770000,0
20090325 102200,142.780000,142.850000,142.730000,142.750000,0
20090325 102300,142.770000,142.870000,142.740000,142.850000,0
20090325 102400,142.860000,142.900000,142.790000,142.830000,0
20090325 102500,142.820000,142.850000,142.730000,142.850000,0
20090325 102600,142.840000,142.940000,142.830000,142.890000,0
20090325 102700,142.910000,142.940000,142.830000,142.880000,0
20090325 102800,142.890000,142.920000,142.820000,142.880000,0
20090325 102900,142.870000,142.910000,142.750000,142.880000,0
20090325 103000,142.900000,142.970000,142.890000,142.910000,0
20090325 103100,142.920000,143.030000,142.900000,143.010000,0
20090325 103200,143.000000,143.030000,142.970000,142.990000,0
20090325 103300,142.990000,143.010000,142.910000,142.940000,0
20090325 103400,142.930000,142.990000,142.860000,142.940000,0
20090325 103500,142.940000,143.040000,142.940000,143.040000,0
20090325 103600,143.090000,143.180000,143.050000,143.110000,0
20090325 103700,143.110000,143.120000,143.040000,143.040000,0
20090325 103800,143.050000,143.160000,143.040000,143.160000,0
20090325 103900,143.170000,143.170000,143.000000,143.050000,0
20090325 104000,143.050000,143.050000,142.970000,143.040000,0
20090325 104100,143.030000,143.040000,142.930000,143.030000,0
20090325 104200,143.030000,143.030000,142.880000,142.880000,0
20090325 104300,142.890000,142.890000,142.810000,142.810000,0
20090325 104400,142.810000,142.870000,142.760000,142.850000,0
20090325 104500,142.860000,142.860000,142.790000,142.830000,0
20090325 104600,142.840000,142.910000,142.830000,142.890000,0
20090325 104700,142.890000,142.960000,142.860000,142.960000,0
20090325 104800,142.970000,142.970000,142.730000,142.860000,0
20090325 104900,142.860000,142.990000,142.840000,142.930000,0
20090325 105000,142.930000,142.980000,142.900000,142.960000,0
20090325 105100,142.950000,142.970000,142.880000,142.940000,0
20090325 105200,142.920000,142.940000,142.870000,142.870000,0
20090325 105300,142.880000,142.970000,142.830000,142.860000,0
20090325 105400,142.850000,143.040000,142.850000,143.040000,0
20090325 105500,143.040000,143.040000,142.930000,142.950000,0
20090325 105600,142.930000,142.930000,142.850000,142.920000,0
20090325 105700,142.910000,142.910000,142.740000,142.770000,0
20090325 105800,142.750000,142.780000,142.690000,142.740000,0
20090325 105900,142.750000,142.770000,142.590000,142.590000,0
20090325 110000,142.600000,142.650000,142.550000,142.630000,0
20090325 110100,142.610000,142.630000,142.580000,142.590000,0
20090325 110200,142.590000,142.650000,142.580000,142.650000,0
20090325 110300,142.640000,142.730000,142.640000,142.680000,0
20090325 110400,142.650000,142.700000,142.630000,142.660000,0
20090325 110500,142.660000,142.710000,142.560000,142.600000,0
20090325 110600,142.610000,142.610000,142.510000,142.560000,0
20090325 110700,142.570000,142.620000,142.550000,142.570000,0
20090325 110800,142.560000,142.660000,142.550000,142.580000,0
20090325 110900,142.590000,142.590000,142.460000,142.510000,0
20090325 111000,142.510000,142.570000,142.480000,142.510000,0
20090325 111100,142.500000,142.550000,142.490000,142.520000,0
20090325 111200,142.520000,142.530000,142.460000,142.460000,0
20090325 111300,142.470000,142.530000,142.400000,142.530000,0
20090325 111400,142.540000,142.540000,142.390000,142.450000,0
20090325 111500,142.470000,142.600000,142.470000,142.580000,0
20090325 111600,142.570000,142.610000,142.570000,142.600000,0
20090325 111700,142.590000,142.630000,142.580000,142.630000,0
20090325 111800,142.620000,142.620000,142.540000,142.560000,0
20090325 111900,142.580000,142.580000,142.520000,142.540000,0
20090325 112000,142.540000,142.560000,142.530000,142.540000,0
20090325 112100,142.550000,142.560000,142.510000,142.560000,0
20090325 112200,142.540000,142.590000,142.530000,142.560000,0
20090325 112300,142.550000,142.580000,142.480000,142.580000,0
20090325 112400,142.580000,142.670000,142.560000,142.620000,0
20090325 112500,142.630000,142.670000,142.610000,142.620000,0
20090325 112600,142.620000,142.630000,142.600000,142.620000,0
20090325 112700,142.620000,142.620000,142.550000,142.550000,0
20090325 112800,142.550000,142.590000,142.530000,142.590000,0
20090325 112900,142.600000,142.640000,142.580000,142.610000,0
20090325 113000,142.600000,142.660000,142.580000,142.650000,0
20090325 113100,142.650000,142.740000,142.640000,142.680000,0
20090325 113200,142.680000,142.690000,142.580000,142.600000,0
20090325 113300,142.590000,142.610000,142.570000,142.600000,0
20090325 113400,142.600000,142.640000,142.570000,142.630000,0
20090325 113500,142.620000,142.660000,142.590000,142.600000,0
20090325 113600,142.590000,142.600000,142.500000,142.500000,0
20090325 113700,142.510000,142.520000,142.460000,142.470000,0
20090325 113800,142.460000,142.540000,142.450000,142.530000,0
20090325 113900,142.540000,142.580000,142.510000,142.540000,0
20090325 114000,142.530000,142.540000,142.500000,142.530000,0
20090325 114100,142.520000,142.560000,142.510000,142.560000,0
20090325 114200,142.550000,142.570000,142.510000,142.520000,0
20090325 114300,142.520000,142.520000,142.480000,142.490000,0
20090325 114400,142.490000,142.520000,142.450000,142.490000,0
20090325 114500,142.480000,142.530000,142.470000,142.520000,0
20090325 114600,142.510000,142.550000,142.500000,142.520000,0
20090325 114700,142.520000,142.570000,142.510000,142.560000,0
20090325 114800,142.570000,142.570000,142.490000,142.490000,0
20090325 114900,142.490000,142.520000,142.470000,142.510000,0
20090325 115000,142.500000,142.500000,142.430000,142.470000,0
20090325 115100,142.480000,142.510000,142.440000,142.480000,0
20090325 115200,142.480000,142.490000,142.460000,142.480000,0
20090325 115300,142.470000,142.520000,142.470000,142.490000,0
20090325 115400,142.480000,142.520000,142.480000,142.490000,0
20090325 115500,142.500000,142.570000,142.500000,142.540000,0
20090325 115600,142.530000,142.540000,142.480000,142.490000,0
20090325 115700,142.490000,142.520000,142.480000,142.510000,0
20090325 115800,142.500000,142.580000,142.490000,142.580000,0
20090325 115900,142.570000,142.600000,142.520000,142.550000,0
20090325 120000,142.550000,142.600000,142.490000,142.590000,0
20090325 120100,142.600000,142.610000,142.500000,142.550000,0
20090325 120200,142.540000,142.610000,142.530000,142.600000,0
20090325 120300,142.610000,142.660000,142.600000,142.620000,0
20090325 120400,142.610000,142.650000,142.500000,142.560000,0
20090325 120500,142.570000,142.590000,142.540000,142.570000,0
20090325 120600,142.570000,142.600000,142.520000,142.540000,0
20090325 120700,142.510000,142.560000,142.480000,142.540000,0
20090325 120800,142.530000,142.570000,142.500000,142.560000,0
20090325 120900,142.560000,142.570000,142.520000,142.570000,0
20090325 121000,142.570000,142.580000,142.490000,142.550000,0
20090325 121100,142.560000,142.590000,142.550000,142.590000,0
20090325 121200,142.580000,142.630000,142.520000,142.610000,0
20090325 121300,142.600000,142.600000,142.550000,142.560000,0
20090325 121400,142.570000,142.580000,142.550000,142.570000,0
20090325 121500,142.560000,142.560000,142.430000,142.470000,0
20090325 121600,142.480000,142.490000,142.410000,142.410000,0
20090325 121700,142.390000,142.440000,142.390000,142.400000,0
20090325 121800,142.400000,142.440000,142.380000,142.430000,0
20090325 121900,142.420000,142.480000,142.350000,142.470000,0
20090325 122000,142.480000,142.520000,142.340000,142.500000,0
20090325 122100,142.490000,142.490000,142.380000,142.470000,0
20090325 122200,142.460000,142.560000,142.450000,142.500000,0
20090325 122300,142.510000,142.530000,142.480000,142.480000,0
20090325 122400,142.480000,142.540000,142.470000,142.490000,0
20090325 122500,142.480000,142.490000,142.470000,142.470000,0
20090325 122600,142.470000,142.560000,142.460000,142.540000,0
20090325 122700,142.530000,142.600000,142.510000,142.570000,0
20090325 122800,142.560000,142.590000,142.530000,142.530000,0
20090325 122900,142.540000,142.580000,142.530000,142.560000,0
20090325 123000,142.570000,142.580000,142.560000,142.580000,0
20090325 123100,142.570000,142.610000,142.570000,142.610000,0
20090325 123200,142.610000,142.640000,142.590000,142.630000,0
20090325 123300,142.620000,142.630000,142.600000,142.620000,0
20090325 123400,142.630000,142.680000,142.600000,142.650000,0
20090325 123500,142.670000,142.680000,142.590000,142.610000,0
20090325 123600,142.600000,142.650000,142.580000,142.620000,0
20090325 123700,142.610000,142.630000,142.530000,142.550000,0
20090325 123800,142.550000,142.550000,142.500000,142.500000,0
20090325 123900,142.510000,142.520000,142.480000,142.480000,0
20090325 124000,142.500000,142.570000,142.490000,142.550000,0
20090325 124100,142.550000,142.620000,142.550000,142.610000,0
20090325 124200,142.620000,142.710000,142.620000,142.690000,0
20090325 124300,142.700000,142.700000,142.550000,142.590000,0
20090325 124400,142.590000,142.610000,142.580000,142.590000,0
20090325 124500,142.580000,142.600000,142.540000,142.550000,0
20090325 124600,142.540000,142.550000,142.510000,142.540000,0
20090325 124700,142.550000,142.580000,142.540000,142.570000,0
20090325 124800,142.560000,142.640000,142.560000,142.640000,0
20090325 124900,142.650000,142.650000,142.570000,142.570000,0
20090325 125000,142.560000,142.610000,142.560000,142.600000,0
20090325 125100,142.590000,142.610000,142.470000,142.490000,0
20090325 125200,142.500000,142.500000,142.200000,142.260000,0
20090325 125300,142.260000,142.360000,142.260000,142.340000,0
20090325 125400,142.350000,142.350000,142.290000,142.300000,0
20090325 125500,142.310000,142.350000,142.280000,142.340000,0
20090325 125600,142.340000,142.350000,142.320000,142.330000,0
20090325 125700,142.330000,142.400000,142.330000,142.390000,0
20090325 125800,142.380000,142.380000,142.320000,142.320000,0
20090325 125900,142.330000,142.350000,142.300000,142.300000,0
20090325 130000,142.310000,142.310000,142.240000,142.290000,0
20090325 130100,142.300000,142.400000,142.290000,142.380000,0
20090325 130200,142.370000,142.400000,142.330000,142.340000,0
20090325 130300,142.330000,142.340000,142.190000,142.260000,0
20090325 130400,142.260000,142.340000,142.180000,142.180000,0
20090325 130500,142.180000,142.200000,142.130000,142.160000,0
20090325 130600,142.150000,142.250000,142.090000,142.230000,0
20090325 130700,142.230000,142.310000,142.230000,142.300000,0
20090325 130800,142.290000,142.330000,142.250000,142.260000,0
20090325 130900,142.250000,142.260000,142.170000,142.180000,0
20090325 131000,142.170000,142.250000,142.150000,142.180000,0
20090325 131100,142.180000,142.310000,142.180000,142.300000,0
20090325 131200,142.280000,142.290000,142.190000,142.190000,0
20090325 131300,142.170000,142.260000,142.170000,142.210000,0
20090325 131400,142.200000,142.270000,142.200000,142.210000,0
20090325 131500,142.210000,142.250000,142.170000,142.230000,0
20090325 131600,142.220000,142.220000,142.020000,142.140000,0
20090325 131700,142.140000,142.190000,142.100000,142.110000,0
20090325 131800,142.100000,142.100000,142.030000,142.040000,0
20090325 131900,142.030000,142.150000,142.020000,142.120000,0
20090325 132000,142.110000,142.240000,142.110000,142.210000,0
20090325 132100,142.240000,142.330000,142.240000,142.260000,0
20090325 132200,142.260000,142.270000,142.170000,142.170000,0
20090325 132300,142.170000,142.250000,142.120000,142.230000,0
20090325 132400,142.220000,142.280000,142.210000,142.240000,0
20090325 132500,142.250000,142.300000,142.250000,142.280000,0
20090325 132600,142.270000,142.290000,142.220000,142.270000,0
20090325 132700,142.260000,142.320000,142.180000,142.240000,0
20090325 132800,142.220000,142.220000,142.170000,142.180000,0
20090325 132900,142.170000,142.200000,142.130000,142.170000,0
20090325 133000,142.170000,142.170000,142.080000,142.100000,0
20090325 133100,142.090000,142.200000,142.080000,142.190000,0
20090325 133200,142.200000,142.200000,142.140000,142.140000,0
20090325 133300,142.130000,142.140000,142.130000,142.140000,0
20090325 133400,142.130000,142.130000,142.100000,142.100000,0
20090325 133500,142.110000,142.150000,142.050000,142.070000,0
20090325 133600,142.050000,142.140000,142.020000,142.140000,0
20090325 133700,142.140000,142.140000,142.010000,142.040000,0
20090325 133800,142.040000,142.130000,141.980000,142.090000,0
20090325 133900,142.080000,142.100000,142.020000,142.030000,0
20090325 134000,142.050000,142.050000,141.940000,141.990000,0
20090325 134100,141.970000,141.970000,141.930000,141.930000,0
20090325 134200,141.920000,141.920000,141.610000,141.610000,0
20090325 134300,141.610000,141.630000,141.470000,141.480000,0
20090325 134400,141.480000,141.660000,141.480000,141.630000,0
20090325 134500,141.650000,141.690000,141.620000,141.670000,0
20090325 134600,141.680000,141.700000,141.660000,141.690000,0
20090325 134700,141.700000,141.770000,141.680000,141.710000,0
20090325 134800,141.720000,141.770000,141.710000,141.770000,0
20090325 134900,141.760000,141.790000,141.760000,141.790000,0
20090325 135000,141.780000,141.850000,141.770000,141.850000,0
20090325 135100,141.840000,141.850000,141.800000,141.830000,0
20090325 135200,141.830000,141.830000,141.750000,141.770000,0
20090325 135300,141.770000,141.780000,141.760000,141.760000,0
20090325 135400,141.750000,141.750000,141.710000,141.740000,0
20090325 135500,141.750000,141.780000,141.740000,141.770000,0
20090325 135600,141.790000,141.800000,141.780000,141.780000,0
20090325 135700,141.770000,141.840000,141.750000,141.840000,0
20090325 135800,141.840000,141.850000,141.820000,141.820000,0
20090325 135900,141.820000,141.820000,141.770000,141.780000,0
20090325 140000,141.770000,141.820000,141.750000,141.770000,0
20090325 140100,141.760000,141.770000,141.640000,141.660000,0
20090325 140200,141.660000,141.730000,141.590000,141.620000,0
20090325 140300,141.610000,141.700000,141.610000,141.670000,0
20090325 140400,141.650000,141.680000,141.570000,141.610000,0
20090325 140500,141.600000,141.600000,141.470000,141.570000,0
20090325 140600,141.590000,141.620000,141.390000,141.390000,0
20090325 140700,141.390000,141.410000,141.240000,141.240000,0
20090325 140800,141.210000,141.210000,141.100000,141.160000,0
20090325 140900,141.150000,141.150000,141.070000,141.110000,0
20090325 141000,141.120000,141.260000,141.110000,141.250000,0
20090325 141100,141.250000,141.250000,141.010000,141.130000,0
20090325 141200,141.120000,141.160000,141.070000,141.150000,0
20090325 141300,141.160000,141.230000,141.150000,141.220000,0
20090325 141400,141.220000,141.320000,141.220000,141.250000,0
20090325 141500,141.250000,141.310000,141.230000,141.230000,0
20090325 141600,141.240000,141.340000,141.210000,141.340000,0
20090325 141700,141.340000,141.380000,141.320000,141.350000,0
20090325 141800,141.350000,141.370000,141.300000,141.340000,0
20090325 141900,141.350000,141.440000,141.350000,141.430000,0
20090325 142000,141.420000,141.420000,141.310000,141.310000,0
20090325 142100,141.320000,141.420000,141.300000,141.400000,0
20090325 142200,141.400000,141.430000,141.380000,141.410000,0
20090325 142300,141.410000,141.450000,141.400000,141.440000,0
20090325 142400,141.430000,141.430000,141.340000,141.380000,0
20090325 142500,141.370000,141.420000,141.320000,141.400000,0
20090325 142600,141.400000,141.400000,141.330000,141.390000,0
20090325 142700,141.380000,141.390000,141.350000,141.360000,0
20090325 142800,141.370000,141.370000,141.310000,141.320000,0
20090325 142900,141.320000,141.350000,141.240000,141.240000,0
20090325 143000,141.250000,141.300000,141.170000,141.290000,0
20090325 143100,141.310000,141.450000,141.310000,141.400000,0
20090325 143200,141.410000,141.420000,141.380000,141.420000,0
20090325 143300,141.410000,141.430000,141.380000,141.390000,0
20090325 143400,141.390000,141.460000,141.360000,141.390000,0
20090325 143500,141.360000,141.360000,141.290000,141.330000,0
20090325 143600,141.340000,141.380000,141.260000,141.310000,0
20090325 143700,141.300000,141.360000,141.300000,141.350000,0
20090325 143800,141.350000,141.390000,141.340000,141.390000,0
20090325 143900,141.390000,141.520000,141.390000,141.460000,0
20090325 144000,141.470000,141.480000,141.380000,141.430000,0
20090325 144100,141.430000,141.450000,141.400000,141.450000,0
20090325 144200,141.450000,141.510000,141.440000,141.440000,0
20090325 144300,141.430000,141.430000,141.360000,141.360000,0
20090325 144400,141.360000,141.370000,141.290000,141.370000,0
20090325 144500,141.370000,141.390000,141.280000,141.300000,0
20090325 144600,141.300000,141.320000,141.180000,141.190000,0
20090325 144700,141.200000,141.250000,141.160000,141.200000,0
20090325 144800,141.200000,141.300000,141.190000,141.300000,0
20090325 144900,141.310000,141.420000,141.280000,141.410000,0
20090325 145000,141.410000,141.420000,141.310000,141.310000,0
20090325 145100,141.320000,141.360000,141.290000,141.360000,0
20090325 145200,141.360000,141.430000,141.320000,141.430000,0
20090325 145300,141.440000,141.460000,141.370000,141.400000,0
20090325 145400,141.400000,141.450000,141.360000,141.450000,0
20090325 145500,141.450000,141.490000,141.420000,141.480000,0
20090325 145600,141.470000,141.500000,141.450000,141.480000,0
20090325 145700,141.460000,141.510000,141.450000,141.460000,0
20090325 145800,141.450000,141.450000,141.390000,141.390000,0
20090325 145900,141.400000,141.450000,141.370000,141.370000,0
20090325 150000,141.380000,141.380000,141.330000,141.350000,0
20090325 150100,141.340000,141.340000,141.290000,141.300000,0
20090325 150200,141.290000,141.410000,141.290000,141.320000,0
20090325 150300,141.310000,141.320000,141.270000,141.290000,0
20090325 150400,141.310000,141.340000,141.260000,141.320000,0
20090325 150500,141.350000,141.370000,141.340000,141.360000,0
20090325 150600,141.360000,141.360000,141.350000,141.350000,0
20090325 150700,141.360000,141.370000,141.300000,141.300000,0
20090325 150800,141.300000,141.340000,141.240000,141.260000,0
20090325 150900,141.260000,141.330000,141.260000,141.290000,0
20090325 151000,141.280000,141.340000,141.280000,141.340000,0
20090325 151100,141.350000,141.360000,141.260000,141.290000,0
20090325 151200,141.290000,141.290000,141.220000,141.220000,0
20090325 151300,141.240000,141.300000,141.240000,141.280000,0
20090325 151400,141.270000,141.280000,141.190000,141.200000,0
20090325 151500,141.180000,141.180000,141.110000,141.120000,0
20090325 151600,141.130000,141.200000,141.130000,141.200000,0
20090325 151700,141.210000,141.270000,141.210000,141.230000,0
20090325 151800,141.240000,141.240000,141.190000,141.230000,0
20090325 151900,141.220000,141.250000,141.220000,141.250000,0
20090325 152000,141.250000,141.280000,141.240000,141.250000,0
20090325 152100,141.260000,141.270000,141.240000,141.260000,0
20090325 152200,141.270000,141.330000,141.270000,141.310000,0
20090325 152300,141.300000,141.330000,141.300000,141.300000,0
20090325 152400,141.300000,141.330000,141.290000,141.290000,0
20090325 152500,141.290000,141.310000,141.250000,141.270000,0
20090325 152600,141.280000,141.380000,141.280000,141.350000,0
20090325 152700,141.360000,141.370000,141.270000,141.310000,0
20090325 152800,141.300000,141.360000,141.300000,141.360000,0
20090325 152900,141.330000,141.410000,141.320000,141.400000,0
20090325 153000,141.400000,141.420000,141.350000,141.390000,0
20090325 153100,141.390000,141.400000,141.360000,141.380000,0
20090325 153200,141.380000,141.400000,141.300000,141.320000,0
20090325 153300,141.330000,141.340000,141.320000,141.330000,0
20090325 153400,141.320000,141.330000,141.310000,141.320000,0
20090325 153500,141.320000,141.380000,141.300000,141.340000,0
20090325 153600,141.330000,141.390000,141.330000,141.380000,0
20090325 153700,141.390000,141.430000,141.370000,141.370000,0
20090325 153800,141.370000,141.480000,141.370000,141.480000,0
20090325 153900,141.460000,141.460000,141.440000,141.440000,0
20090325 154000,141.440000,141.450000,141.380000,141.400000,0
20090325 154100,141.410000,141.440000,141.400000,141.430000,0
20090325 154200,141.420000,141.470000,141.410000,141.460000,0
20090325 154300,141.450000,141.470000,141.440000,141.460000,0
20090325 154400,141.460000,141.510000,141.450000,141.510000,0
20090325 154500,141.520000,141.520000,141.450000,141.470000,0
20090325 154600,141.480000,141.510000,141.480000,141.490000,0
20090325 154700,141.490000,141.580000,141.470000,141.530000,0
20090325 154800,141.540000,141.600000,141.540000,141.550000,0
20090325 154900,141.550000,141.560000,141.450000,141.450000,0
20090325 155000,141.450000,141.540000,141.440000,141.540000,0
20090325 155100,141.530000,141.560000,141.510000,141.520000,0
20090325 155200,141.510000,141.520000,141.480000,141.510000,0
20090325 155300,141.520000,141.520000,141.500000,141.500000,0
20090325 155400,141.490000,141.530000,141.490000,141.530000,0
20090325 155500,141.520000,141.570000,141.520000,141.570000,0
20090325 155600,141.580000,141.650000,141.570000,141.640000,0
20090325 155700,141.640000,141.730000,141.640000,141.720000,0
20090325 155800,141.730000,141.830000,141.710000,141.820000,0
20090325 155900,141.810000,141.880000,141.810000,141.830000,0
20090325 160000,141.810000,141.880000,141.810000,141.860000,0
20090325 160100,141.870000,141.900000,141.860000,141.870000,0
20090325 160200,141.860000,141.890000,141.850000,141.880000,0
20090325 160300,141.870000,141.870000,141.830000,141.870000,0
20090325 160400,141.870000,141.880000,141.850000,141.870000,0
20090325 160500,141.870000,141.880000,141.810000,141.810000,0
20090325 160600,141.810000,141.810000,141.800000,141.800000,0
20090325 160700,141.790000,141.810000,141.790000,141.810000,0
20090325 160800,141.800000,141.810000,141.770000,141.780000,0
20090325 160900,141.760000,141.780000,141.760000,141.780000,0
20090325 161000,141.790000,141.830000,141.790000,141.820000,0
20090325 161100,141.810000,141.810000,141.780000,141.780000,0
20090325 161200,141.770000,141.780000,141.770000,141.770000,0
20090325 161300,141.780000,141.780000,141.760000,141.780000,0
20090325 161400,141.800000,141.800000,141.770000,141.770000,0
20090325 161500,141.770000,141.800000,141.770000,141.770000,0
20090325 161600,141.800000,141.800000,141.770000,141.780000,0
20090325 161700,141.780000,141.780000,141.750000,141.760000,0
20090325 161800,141.750000,141.770000,141.750000,141.770000,0
20090325 161900,141.760000,141.800000,141.750000,141.790000,0
20090325 162000,141.800000,141.820000,141.800000,141.800000,0
20090325 162100,141.810000,141.820000,141.800000,141.810000,0
20090325 162200,141.800000,141.820000,141.780000,141.820000,0
20090325 162300,141.820000,141.820000,141.790000,141.820000,0
20090325 162400,141.820000,141.910000,141.810000,141.890000,0
20090325 162500,141.890000,141.960000,141.890000,141.940000,0
20090325 162600,141.930000,142.060000,141.920000,142.030000,0
20090325 162700,142.000000,142.110000,142.000000,142.090000,0
20090325 162800,142.090000,142.090000,142.040000,142.050000,0
20090325 162900,142.040000,142.040000,142.020000,142.020000,0
20090325 163000,142.020000,142.020000,141.940000,141.950000,0
20090325 163100,141.930000,141.950000,141.910000,141.910000,0
20090325 163200,141.900000,141.920000,141.820000,141.840000,0
20090325 163300,141.830000,141.830000,141.810000,141.830000,0
20090325 163400,141.820000,141.880000,141.810000,141.880000,0
20090325 163500,141.890000,141.910000,141.860000,141.890000,0
20090325 163600,141.900000,141.910000,141.880000,141.910000,0
20090325 163700,141.890000,141.990000,141.890000,141.960000,0
20090325 163800,141.950000,141.960000,141.930000,141.950000,0
20090325 163900,141.940000,141.970000,141.940000,141.970000,0
20090325 164000,141.980000,141.990000,141.970000,141.980000,0
20090325 164100,141.960000,142.000000,141.960000,141.990000,0
20090325 164200,142.000000,142.010000,141.960000,141.960000,0
20090325 164300,141.950000,142.000000,141.940000,141.970000,0
20090325 164400,141.970000,141.990000,141.940000,141.950000,0
20090325 164500,141.950000,141.980000,141.950000,141.970000,0
20090325 164600,141.970000,141.980000,141.960000,141.970000,0
20090325 164700,141.970000,142.000000,141.940000,141.990000,0
20090325 164800,142.000000,142.020000,141.990000,142.020000,0
20090325 164900,142.050000,142.090000,142.030000,142.060000,0
20090325 165000,142.040000,142.150000,142.020000,142.130000,0
20090325 165100,142.120000,142.150000,142.020000,142.020000,0
20090325 165200,142.010000,142.050000,142.000000,142.010000,0
20090325 165300,142.000000,142.070000,142.000000,142.030000,0
20090325 165400,142.040000,142.080000,142.030000,142.040000,0
20090325 165500,142.040000,142.050000,142.040000,142.050000,0
20090325 165600,142.070000,142.070000,142.040000,142.040000,0
20090325 165700,142.050000,142.050000,141.990000,142.020000,0
20090325 165800,142.000000,142.020000,141.970000,141.970000,0
20090325 165900,141.990000,142.000000,141.990000,141.990000,0
20090325 170000,142.020000,142.020000,141.950000,141.970000,0
20090325 170100,141.960000,141.960000,141.940000,141.940000,0
20090325 170200,141.930000,141.930000,141.920000,141.920000,0
20090325 170300,141.910000,141.910000,141.890000,141.890000,0
20090325 170400,141.900000,141.920000,141.900000,141.920000,0
20090325 170500,141.930000,141.930000,141.930000,141.930000,0
20090325 170600,141.920000,141.930000,141.920000,141.920000,0
20090325 170700,141.910000,141.910000,141.910000,141.910000,0
20090325 170800,141.920000,141.930000,141.910000,141.920000,0
20090325 170900,141.970000,142.030000,141.970000,142.030000,0
20090325 171000,142.000000,142.090000,142.000000,142.050000,0
20090325 171100,142.050000,142.090000,142.030000,142.070000,0
20090325 171200,142.080000,142.090000,142.030000,142.030000,0
20090325 171300,142.030000,142.030000,141.980000,141.980000,0
20090325 171400,141.970000,141.980000,141.970000,141.980000,0
20090325 171500,141.910000,141.990000,141.910000,141.990000,0
20090325 172000,142.000000,142.000000,142.000000,142.000000,0
20090325 172300,142.010000,142.030000,142.010000,142.030000,0
20090325 172400,142.030000,142.070000,142.030000,142.060000,0
20090325 172500,142.090000,142.090000,142.070000,142.070000,0
20090325 172600,142.080000,142.090000,142.080000,142.090000,0
20090325 172700,142.080000,142.130000,142.080000,142.130000,0
20090325 172800,142.140000,142.170000,142.100000,142.170000,0
20090325 172900,142.160000,142.160000,142.120000,142.120000,0
20090325 173000,142.110000,142.120000,142.080000,142.080000,0
20090325 173100,142.070000,142.070000,142.040000,142.050000,0
20090325 173200,142.060000,142.070000,142.050000,142.060000,0
20090325 173300,142.050000,142.170000,142.050000,142.130000,0
20090325 173400,142.140000,142.140000,142.130000,142.130000,0
20090325 173500,142.140000,142.140000,142.140000,142.140000,0
20090325 173600,142.150000,142.150000,142.140000,142.150000,0
20090325 173700,142.140000,142.140000,142.120000,142.120000,0
20090325 173900,142.110000,142.160000,142.110000,142.160000,0
20090325 174000,142.150000,142.170000,142.120000,142.130000,0
20090325 174200,142.120000,142.130000,142.090000,142.130000,0
20090325 174300,142.140000,142.170000,142.140000,142.150000,0
20090325 174400,142.170000,142.180000,142.170000,142.170000,0
20090325 174600,142.160000,142.160000,142.060000,142.150000,0
20090325 174700,142.160000,142.200000,142.160000,142.190000,0
20090325 174900,142.210000,142.210000,142.180000,142.190000,0
20090325 175000,142.200000,142.200000,142.190000,142.200000,0
20090325 175100,142.190000,142.200000,142.170000,142.200000,0
20090325 175200,142.190000,142.190000,142.160000,142.180000,0
20090325 175300,142.140000,142.180000,141.960000,142.180000,0
20090325 175400,142.190000,142.200000,142.150000,142.200000,0
20090325 175600,142.180000,142.180000,142.150000,142.180000,0
20090325 175800,142.170000,142.180000,142.140000,142.180000,0
20090325 175900,142.170000,142.210000,142.170000,142.170000,0
20090325 180000,142.160000,142.180000,142.160000,142.160000,0
20090325 180100,142.150000,142.170000,142.140000,142.150000,0
20090325 180200,142.140000,142.160000,142.110000,142.130000,0
20090325 180300,142.120000,142.130000,142.110000,142.130000,0
20090325 180400,142.120000,142.130000,142.110000,142.120000,0
20090325 180500,142.130000,142.150000,142.130000,142.130000,0
20090325 180600,142.120000,142.130000,142.120000,142.130000,0
20090325 180700,142.120000,142.150000,142.120000,142.150000,0
20090325 180800,142.140000,142.150000,142.130000,142.130000,0
20090325 180900,142.120000,142.130000,142.120000,142.130000,0
20090325 181000,142.140000,142.140000,142.120000,142.130000,0
20090325 181100,142.120000,142.140000,142.120000,142.120000,0
20090325 181200,142.110000,142.130000,142.110000,142.110000,0
20090325 181300,142.100000,142.110000,142.100000,142.100000,0
20090325 181400,142.110000,142.110000,142.100000,142.100000,0
20090325 181500,142.090000,142.090000,142.070000,142.080000,0
20090325 181600,142.070000,142.100000,142.070000,142.090000,0
20090325 181700,142.100000,142.100000,142.080000,142.080000,0
20090325 181800,142.090000,142.090000,142.070000,142.090000,0
20090325 181900,142.080000,142.090000,142.070000,142.070000,0
20090325 182000,142.060000,142.080000,142.060000,142.070000,0
20090325 182100,142.080000,142.080000,142.010000,142.010000,0
20090325 182200,142.000000,142.000000,141.950000,141.980000,0
20090325 182300,141.990000,141.990000,141.910000,141.920000,0
20090325 182400,141.900000,141.920000,141.890000,141.910000,0
20090325 182500,141.880000,141.920000,141.860000,141.900000,0
20090325 182600,141.910000,141.930000,141.890000,141.890000,0
20090325 182700,141.920000,141.940000,141.850000,141.870000,0
20090325 182800,141.880000,141.890000,141.860000,141.860000,0
20090325 182900,141.880000,141.880000,141.860000,141.880000,0
20090325 183000,141.870000,141.880000,141.870000,141.880000,0
20090325 183100,141.890000,141.910000,141.750000,141.900000,0
20090325 183200,141.930000,141.970000,141.910000,141.970000,0
20090325 183300,141.950000,141.950000,141.870000,141.920000,0
20090325 183400,141.890000,141.920000,141.880000,141.910000,0
20090325 183500,141.890000,141.890000,141.860000,141.860000,0
20090325 183600,141.850000,141.890000,141.830000,141.830000,0
20090325 183700,141.820000,141.850000,141.820000,141.840000,0
20090325 183800,141.850000,141.860000,141.850000,141.850000,0
20090325 183900,141.860000,141.900000,141.860000,141.860000,0
20090325 184000,141.870000,141.880000,141.830000,141.830000,0
20090325 184100,141.840000,141.870000,141.810000,141.860000,0
20090325 184200,141.850000,141.880000,141.850000,141.880000,0
20090325 184300,141.870000,141.880000,141.860000,141.870000,0
20090325 184400,141.880000,141.880000,141.870000,141.870000,0
20090325 184500,141.880000,141.890000,141.860000,141.880000,0
20090325 184600,141.890000,141.890000,141.880000,141.890000,0
20090325 184700,141.880000,141.930000,141.870000,141.930000,0
20090325 184800,141.920000,141.920000,141.880000,141.880000,0
20090325 184900,141.870000,141.900000,141.830000,141.830000,0
20090325 185000,141.810000,141.810000,141.790000,141.800000,0
20090325 185100,141.810000,141.830000,141.810000,141.820000,0
20090325 185200,141.830000,141.830000,141.820000,141.830000,0
20090325 185300,141.820000,141.870000,141.810000,141.860000,0
20090325 185400,141.850000,141.890000,141.840000,141.890000,0
20090325 185500,141.880000,141.890000,141.840000,141.880000,0
20090325 185600,141.890000,141.910000,141.890000,141.890000,0
20090325 185700,141.900000,141.910000,141.900000,141.900000,0
20090325 185800,141.920000,141.920000,141.900000,141.920000,0
20090325 190000,141.910000,141.950000,141.910000,141.910000,0
20090325 190100,141.920000,141.930000,141.920000,141.920000,0
20090325 190200,141.950000,142.040000,141.940000,142.040000,0
20090325 190300,142.030000,142.100000,142.030000,142.040000,0
20090325 190400,142.030000,142.040000,142.020000,142.040000,0
20090325 190500,142.020000,142.040000,141.980000,142.030000,0
20090325 190600,142.020000,142.040000,141.940000,141.980000,0
20090325 190700,141.970000,142.020000,141.950000,142.020000,0
20090325 190800,142.010000,142.070000,142.010000,142.030000,0
20090325 190900,142.020000,142.060000,142.020000,142.050000,0
20090325 191000,142.050000,142.110000,142.050000,142.070000,0
20090325 191100,142.060000,142.060000,142.050000,142.050000,0
20090325 191300,142.040000,142.060000,142.030000,142.030000,0
20090325 191400,142.030000,142.070000,142.030000,142.070000,0
20090325 191500,142.060000,142.070000,142.060000,142.070000,0
20090325 191600,142.070000,142.080000,142.070000,142.080000,0
20090325 191700,142.080000,142.080000,142.060000,142.060000,0
20090325 191800,142.050000,142.050000,142.030000,142.040000,0
20090325 191900,142.030000,142.030000,142.020000,142.030000,0
20090325 192000,142.020000,142.030000,142.020000,142.030000,0
20090325 192100,142.040000,142.040000,142.040000,142.040000,0
20090325 192200,142.050000,142.070000,142.040000,142.050000,0
20090325 192300,142.070000,142.090000,142.070000,142.090000,0
20090325 192400,142.090000,142.140000,142.080000,142.130000,0
20090325 192500,142.120000,142.150000,142.120000,142.150000,0
20090325 192600,142.140000,142.170000,142.140000,142.160000,0
20090325 192700,142.140000,142.160000,142.130000,142.130000,0
20090325 192800,142.130000,142.170000,142.120000,142.160000,0
20090325 192900,142.160000,142.160000,142.160000,142.160000,0
20090325 193000,142.170000,142.260000,142.170000,142.240000,0
20090325 193100,142.230000,142.310000,142.230000,142.310000,0
20090325 193200,142.320000,142.370000,142.290000,142.360000,0
20090325 193300,142.370000,142.410000,142.300000,142.320000,0
20090325 193400,142.330000,142.350000,142.320000,142.330000,0
20090325 193500,142.320000,142.340000,142.310000,142.320000,0
20090325 193600,142.310000,142.330000,142.300000,142.320000,0
20090325 193700,142.330000,142.380000,142.320000,142.340000,0
20090325 193800,142.340000,142.340000,142.320000,142.340000,0
20090325 193900,142.330000,142.360000,142.330000,142.330000,0
20090325 194000,142.350000,142.370000,142.320000,142.320000,0
20090325 194100,142.310000,142.330000,142.280000,142.300000,0
20090325 194200,142.300000,142.300000,142.260000,142.280000,0
20090325 194300,142.300000,142.300000,142.260000,142.280000,0
20090325 194400,142.290000,142.330000,142.280000,142.290000,0
20090325 194500,142.280000,142.290000,142.270000,142.280000,0
20090325 194600,142.280000,142.320000,142.280000,142.300000,0
20090325 194700,142.300000,142.310000,142.270000,142.270000,0
20090325 194800,142.280000,142.300000,142.250000,142.250000,0
20090325 194900,142.260000,142.260000,142.260000,142.260000,0
20090325 195000,142.250000,142.250000,142.250000,142.250000,0
20090325 195100,142.240000,142.240000,142.220000,142.220000,0
20090325 195200,142.230000,142.240000,142.220000,142.220000,0
20090325 195300,142.230000,142.240000,142.210000,142.210000,0
20090325 195400,142.210000,142.230000,142.130000,142.140000,0
20090325 195500,142.130000,142.140000,142.000000,142.050000,0
20090325 195600,142.040000,142.130000,142.030000,142.100000,0
20090325 195700,142.080000,142.180000,142.070000,142.180000,0
20090325 195800,142.170000,142.230000,142.160000,142.180000,0
20090325 195900,142.190000,142.360000,142.190000,142.340000,0
20090325 200000,142.360000,142.360000,142.260000,142.300000,0
20090325 200100,142.300000,142.350000,142.290000,142.320000,0
20090325 200200,142.310000,142.310000,142.290000,142.290000,0
20090325 200300,142.290000,142.340000,142.260000,142.340000,0
20090325 200400,142.350000,142.400000,142.320000,142.400000,0
20090325 200500,142.390000,142.390000,142.290000,142.300000,0
20090325 200600,142.290000,142.300000,142.220000,142.270000,0
20090325 200700,142.270000,142.350000,142.270000,142.320000,0
20090325 200800,142.330000,142.360000,142.310000,142.350000,0
20090325 200900,142.360000,142.420000,142.350000,142.410000,0
20090325 201000,142.410000,142.410000,142.360000,142.380000,0
20090325 201100,142.400000,142.460000,142.360000,142.380000,0
20090325 201200,142.380000,142.410000,142.380000,142.390000,0
20090325 201300,142.400000,142.420000,142.380000,142.420000,0
20090325 201400,142.430000,142.470000,142.420000,142.460000,0
20090325 201500,142.450000,142.570000,142.440000,142.570000,0
20090325 201600,142.580000,142.610000,142.510000,142.510000,0
20090325 201700,142.500000,142.510000,142.480000,142.500000,0
20090325 201800,142.510000,142.510000,142.500000,142.500000,0
20090325 201900,142.500000,142.530000,142.500000,142.530000,0
20090325 202000,142.520000,142.610000,142.500000,142.610000,0
20090325 202100,142.600000,142.660000,142.590000,142.630000,0
20090325 202200,142.630000,142.690000,142.630000,142.660000,0
20090325 202300,142.650000,142.650000,142.600000,142.610000,0
20090325 202400,142.600000,142.690000,142.560000,142.680000,0
20090325 202500,142.670000,142.730000,142.650000,142.720000,0
20090325 202600,142.740000,142.780000,142.710000,142.780000,0
20090325 202700,142.780000,142.790000,142.710000,142.770000,0
20090325 202800,142.760000,142.770000,142.680000,142.770000,0
20090325 202900,142.770000,142.790000,142.740000,142.760000,0
20090325 203000,142.750000,142.770000,142.750000,142.750000,0
20090325 203100,142.730000,142.840000,142.710000,142.820000,0
20090325 203200,142.820000,142.920000,142.800000,142.890000,0
20090325 203300,142.890000,143.040000,142.860000,142.960000,0
20090325 203400,142.980000,143.000000,142.800000,142.820000,0
20090325 203500,142.810000,142.850000,142.750000,142.770000,0
20090325 203600,142.780000,142.800000,142.730000,142.740000,0
20090325 203700,142.730000,142.750000,142.650000,142.670000,0
20090325 203800,142.670000,142.720000,142.650000,142.690000,0
20090325 203900,142.680000,142.690000,142.630000,142.640000,0
20090325 204000,142.640000,142.640000,142.600000,142.620000,0
20090325 204100,142.600000,142.630000,142.580000,142.590000,0
20090325 204200,142.610000,142.620000,142.410000,142.500000,0
20090325 204300,142.510000,142.540000,142.500000,142.520000,0
20090325 204400,142.520000,142.600000,142.520000,142.600000,0
20090325 204500,142.590000,142.590000,142.470000,142.480000,0
20090325 204600,142.490000,142.500000,142.480000,142.480000,0
20090325 204700,142.480000,142.480000,142.470000,142.470000,0
20090325 204800,142.470000,142.510000,142.450000,142.510000,0
20090325 204900,142.500000,142.520000,142.500000,142.520000,0
20090325 205000,142.510000,142.600000,142.510000,142.560000,0
20090325 205100,142.550000,142.560000,142.540000,142.560000,0
20090325 205200,142.570000,142.620000,142.570000,142.570000,0
20090325 205300,142.570000,142.570000,142.490000,142.540000,0
20090325 205400,142.550000,142.620000,142.490000,142.520000,0
20090325 205500,142.500000,142.520000,142.440000,142.510000,0
20090325 205600,142.520000,142.530000,142.480000,142.530000,0
20090325 205700,142.520000,142.530000,142.490000,142.510000,0
20090325 205800,142.490000,142.510000,142.460000,142.490000,0
20090325 205900,142.470000,142.490000,142.420000,142.470000,0
20090325 210000,142.490000,142.540000,142.460000,142.540000,0
20090325 210100,142.530000,142.570000,142.530000,142.560000,0
20090325 210200,142.560000,142.610000,142.540000,142.610000,0
20090325 210300,142.610000,142.630000,142.570000,142.620000,0
20090325 210400,142.620000,142.620000,142.600000,142.610000,0
20090325 210500,142.600000,142.600000,142.550000,142.550000,0
20090325 210600,142.560000,142.610000,142.560000,142.610000,0
20090325 210700,142.620000,142.620000,142.580000,142.580000,0
20090325 210800,142.590000,142.650000,142.590000,142.650000,0
20090325 210900,142.640000,142.640000,142.610000,142.610000,0
20090325 211000,142.620000,142.640000,142.620000,142.620000,0
20090325 211100,142.620000,142.640000,142.620000,142.640000,0
20090325 211200,142.640000,142.660000,142.640000,142.650000,0
20090325 211300,142.650000,142.690000,142.650000,142.690000,0
20090325 211400,142.690000,142.710000,142.690000,142.700000,0
20090325 211500,142.710000,142.750000,142.710000,142.740000,0
20090325 211600,142.730000,142.730000,142.680000,142.680000,0
20090325 211700,142.690000,142.730000,142.670000,142.690000,0
20090325 211800,142.700000,142.720000,142.680000,142.720000,0
20090325 211900,142.720000,142.750000,142.700000,142.740000,0
20090325 212000,142.750000,142.770000,142.750000,142.760000,0
20090325 212100,142.760000,142.780000,142.730000,142.760000,0
20090325 212200,142.750000,142.810000,142.750000,142.800000,0
20090325 212300,142.810000,142.820000,142.810000,142.820000,0
20090325 212400,142.820000,142.840000,142.810000,142.840000,0
20090325 212500,142.860000,142.900000,142.860000,142.900000,0
20090325 212600,142.910000,142.910000,142.880000,142.910000,0
20090325 212700,142.910000,142.940000,142.880000,142.940000,0
20090325 212800,142.930000,142.980000,142.920000,142.970000,0
20090325 212900,142.950000,142.950000,142.890000,142.890000,0
20090325 213000,142.910000,142.920000,142.870000,142.870000,0
20090325 213100,142.860000,142.860000,142.750000,142.750000,0
20090325 213200,142.760000,142.810000,142.710000,142.750000,0
20090325 213300,142.760000,142.770000,142.750000,142.760000,0
20090325 213400,142.750000,142.790000,142.750000,142.790000,0
20090325 213500,142.780000,142.790000,142.770000,142.790000,0
20090325 213600,142.780000,142.780000,142.780000,142.780000,0
20090325 213700,142.780000,142.780000,142.740000,142.740000,0
20090325 213800,142.730000,142.730000,142.690000,142.710000,0
20090325 213900,142.710000,142.750000,142.700000,142.730000,0
20090325 214000,142.720000,142.760000,142.720000,142.760000,0
20090325 214100,142.770000,142.810000,142.740000,142.810000,0
20090325 214200,142.800000,142.800000,142.710000,142.740000,0
20090325 214300,142.730000,142.730000,142.680000,142.690000,0
20090325 214400,142.690000,142.700000,142.670000,142.680000,0
20090325 214500,142.690000,142.690000,142.670000,142.680000,0
20090325 214600,142.670000,142.680000,142.620000,142.620000,0
20090325 214700,142.620000,142.710000,142.620000,142.670000,0
20090325 214800,142.670000,142.720000,142.670000,142.690000,0
20090325 214900,142.700000,142.700000,142.640000,142.640000,0
20090325 215000,142.640000,142.670000,142.640000,142.670000,0
20090325 215100,142.680000,142.740000,142.680000,142.730000,0
20090325 215200,142.740000,142.790000,142.730000,142.760000,0
20090325 215300,142.750000,142.750000,142.690000,142.740000,0
20090325 215400,142.730000,142.780000,142.730000,142.770000,0
20090325 215500,142.780000,142.780000,142.720000,142.720000,0
20090325 215600,142.700000,142.700000,142.660000,142.660000,0
20090325 215700,142.670000,142.700000,142.660000,142.680000,0
20090325 215800,142.670000,142.700000,142.670000,142.690000,0
20090325 215900,142.690000,142.700000,142.630000,142.650000,0
20090325 220000,142.640000,142.700000,142.640000,142.690000,0
20090325 220100,142.700000,142.730000,142.700000,142.730000,0
20090325 220200,142.730000,142.760000,142.730000,142.760000,0
20090325 220300,142.770000,142.770000,142.740000,142.760000,0
20090325 220400,142.760000,142.770000,142.740000,142.750000,0
20090325 220500,142.760000,142.760000,142.760000,142.760000,0
20090325 220600,142.750000,142.760000,142.730000,142.750000,0
20090325 220700,142.740000,142.740000,142.640000,142.650000,0
20090325 220800,142.640000,142.750000,142.620000,142.720000,0
20090325 220900,142.750000,142.750000,142.680000,142.690000,0
20090325 221000,142.700000,142.730000,142.690000,142.720000,0
20090325 221100,142.730000,142.800000,142.730000,142.760000,0
20090325 221200,142.770000,142.820000,142.770000,142.820000,0
20090325 221300,142.810000,142.820000,142.790000,142.810000,0
20090325 221400,142.800000,142.820000,142.790000,142.800000,0
20090325 221500,142.810000,142.820000,142.800000,142.800000,0
20090325 221600,142.810000,142.820000,142.790000,142.800000,0
20090325 221700,142.790000,142.810000,142.780000,142.810000,0
20090325 221800,142.800000,142.820000,142.740000,142.750000,0
20090325 221900,142.740000,142.750000,142.710000,142.730000,0
20090325 222000,142.710000,142.730000,142.700000,142.730000,0
20090325 222100,142.720000,142.720000,142.670000,142.680000,0
20090325 222200,142.670000,142.720000,142.660000,142.700000,0
20090325 222300,142.700000,142.710000,142.690000,142.700000,0
20090325 222400,142.700000,142.770000,142.700000,142.730000,0
20090325 222500,142.750000,142.780000,142.710000,142.720000,0
20090325 222600,142.720000,142.720000,142.640000,142.670000,0
20090325 222700,142.680000,142.740000,142.660000,142.740000,0
20090325 222800,142.730000,142.760000,142.730000,142.750000,0
20090325 222900,142.760000,142.760000,142.720000,142.730000,0
20090325 223000,142.740000,142.740000,142.660000,142.710000,0
20090325 223100,142.710000,142.720000,142.700000,142.700000,0
20090325 223200,142.700000,142.720000,142.690000,142.690000,0
20090325 223300,142.700000,142.750000,142.700000,142.720000,0
20090325 223400,142.730000,142.730000,142.690000,142.700000,0
20090325 223500,142.690000,142.730000,142.670000,142.710000,0
20090325 223600,142.700000,142.730000,142.690000,142.710000,0
20090325 223700,142.710000,142.720000,142.680000,142.710000,0
20090325 223800,142.710000,142.730000,142.660000,142.700000,0
20090325 223900,142.700000,142.730000,142.680000,142.720000,0
20090325 224000,142.700000,142.720000,142.610000,142.640000,0
20090325 224100,142.630000,142.660000,142.620000,142.660000,0
20090325 224200,142.660000,142.670000,142.630000,142.660000,0
20090325 224300,142.670000,142.670000,142.640000,142.660000,0
20090325 224400,142.650000,142.650000,142.560000,142.590000,0
20090325 224500,142.590000,142.660000,142.580000,142.660000,0
20090325 224600,142.670000,142.670000,142.590000,142.620000,0
20090325 224700,142.620000,142.640000,142.610000,142.640000,0
20090325 224800,142.630000,142.640000,142.580000,142.600000,0
20090325 224900,142.600000,142.600000,142.520000,142.550000,0
20090325 225000,142.560000,142.600000,142.550000,142.590000,0
20090325 225100,142.600000,142.630000,142.580000,142.600000,0
20090325 225200,142.580000,142.650000,142.580000,142.620000,0
20090325 225300,142.610000,142.630000,142.600000,142.610000,0
20090325 225400,142.620000,142.670000,142.620000,142.670000,0
20090325 225500,142.660000,142.670000,142.620000,142.670000,0
20090325 225600,142.660000,142.660000,142.620000,142.620000,0
20090325 225700,142.620000,142.670000,142.620000,142.660000,0
20090325 225800,142.670000,142.680000,142.650000,142.680000,0
20090325 225900,142.660000,142.670000,142.640000,142.640000,0
20090325 230000,142.630000,142.630000,142.530000,142.550000,0
20090325 230100,142.560000,142.600000,142.530000,142.570000,0
20090325 230200,142.550000,142.580000,142.510000,142.530000,0
20090325 230300,142.520000,142.530000,142.470000,142.490000,0
20090325 230400,142.480000,142.480000,142.420000,142.450000,0
20090325 230500,142.490000,142.500000,142.350000,142.360000,0
20090325 230600,142.370000,142.460000,142.240000,142.420000,0
20090325 230700,142.410000,142.460000,142.390000,142.390000,0
20090325 230800,142.400000,142.460000,142.390000,142.440000,0
20090325 230900,142.450000,142.480000,142.400000,142.400000,0
20090325 231000,142.390000,142.410000,142.390000,142.390000,0
20090325 231100,142.380000,142.440000,142.360000,142.420000,0
20090325 231200,142.410000,142.410000,142.360000,142.360000,0
20090325 231300,142.370000,142.370000,142.310000,142.350000,0
20090325 231400,142.360000,142.380000,142.340000,142.350000,0
20090325 231500,142.350000,142.380000,142.350000,142.380000,0
20090325 231600,142.370000,142.400000,142.310000,142.380000,0
20090325 231700,142.400000,142.410000,142.380000,142.400000,0
20090325 231800,142.400000,142.400000,142.360000,142.370000,0
20090325 231900,142.360000,142.380000,142.340000,142.370000,0
20090325 232000,142.370000,142.380000,142.340000,142.350000,0
20090325 232100,142.360000,142.360000,142.290000,142.330000,0
20090325 232200,142.330000,142.410000,142.330000,142.380000,0
20090325 232300,142.390000,142.450000,142.360000,142.410000,0
20090325 232400,142.420000,142.420000,142.310000,142.310000,0
20090325 232500,142.320000,142.320000,142.290000,142.290000,0
20090325 232600,142.300000,142.430000,142.270000,142.420000,0
20090325 232700,142.420000,142.500000,142.410000,142.460000,0
20090325 232800,142.470000,142.470000,142.440000,142.450000,0
20090325 232900,142.440000,142.450000,142.400000,142.430000,0
20090325 233000,142.440000,142.450000,142.390000,142.410000,0
20090325 233100,142.410000,142.420000,142.400000,142.410000,0
20090325 233200,142.410000,142.440000,142.400000,142.440000,0
20090325 233300,142.450000,142.470000,142.440000,142.470000,0
20090325 233400,142.470000,142.470000,142.440000,142.470000,0
20090325 233500,142.480000,142.590000,142.480000,142.560000,0
20090325 233600,142.550000,142.630000,142.540000,142.590000,0
20090325 233700,142.600000,142.620000,142.600000,142.620000,0
20090325 233800,142.630000,142.650000,142.620000,142.650000,0
20090325 233900,142.650000,142.670000,142.650000,142.670000,0
20090325 234000,142.670000,142.680000,142.670000,142.670000,0
20090325 234100,142.680000,142.760000,142.680000,142.730000,0
20090325 234200,142.740000,142.760000,142.700000,142.730000,0
20090325 234300,142.720000,142.720000,142.700000,142.710000,0
20090325 234400,142.710000,142.750000,142.690000,142.700000,0
20090325 234500,142.710000,142.710000,142.650000,142.650000,0
20090325 234600,142.660000,142.700000,142.660000,142.660000,0
20090325 234700,142.660000,142.680000,142.650000,142.670000,0
20090325 234800,142.670000,142.680000,142.650000,142.670000,0
20090325 234900,142.670000,142.720000,142.670000,142.710000,0
20090325 235000,142.730000,142.760000,142.720000,142.730000,0
20090325 235100,142.730000,142.730000,142.700000,142.700000,0
20090325 235200,142.690000,142.700000,142.690000,142.690000,0
20090325 235300,142.680000,142.720000,142.680000,142.710000,0
20090325 235400,142.700000,142.710000,142.670000,142.670000,0
20090325 235500,142.660000,142.670000,142.640000,142.640000,0
20090325 235600,142.650000,142.660000,142.620000,142.660000,0
20090325 235800,142.660000,142.690000,142.660000,142.690000,0
20090325 235900,142.680000,142.680000,142.660000,142.680000,0
