20111108 000000,125.180000,125.200000,125.180000,125.180000,0
20111108 000100,125.190000,125.200000,125.180000,125.200000,0
20111108 000200,125.190000,125.200000,125.180000,125.190000,0
20111108 000300,125.200000,125.200000,125.190000,125.200000,0
20111108 000400,125.190000,125.200000,125.180000,125.190000,0
20111108 000500,125.180000,125.190000,125.180000,125.190000,0
20111108 000600,125.180000,125.200000,125.180000,125.190000,0
20111108 000700,125.200000,125.200000,125.190000,125.190000,0
20111108 000900,125.200000,125.200000,125.180000,125.190000,0
20111108 001000,125.180000,125.180000,125.180000,125.180000,0
20111108 001100,125.190000,125.200000,125.180000,125.180000,0
20111108 001200,125.190000,125.200000,125.180000,125.180000,0
20111108 001300,125.170000,125.180000,125.160000,125.160000,0
20111108 001400,125.170000,125.170000,125.160000,125.160000,0
20111108 001500,125.170000,125.170000,125.160000,125.160000,0
20111108 001600,125.170000,125.170000,125.150000,125.160000,0
20111108 001800,125.170000,125.170000,125.160000,125.160000,0
20111108 002000,125.150000,125.150000,125.150000,125.150000,0
20111108 002100,125.160000,125.160000,125.150000,125.160000,0
20111108 002200,125.150000,125.170000,125.150000,125.170000,0
20111108 002300,125.160000,125.170000,125.160000,125.160000,0
20111108 002400,125.170000,125.170000,125.150000,125.170000,0
20111108 002500,125.160000,125.170000,125.160000,125.160000,0
20111108 002600,125.170000,125.170000,125.160000,125.170000,0
20111108 002700,125.160000,125.170000,125.160000,125.170000,0
20111108 002800,125.160000,125.170000,125.160000,125.160000,0
20111108 002900,125.170000,125.170000,125.160000,125.160000,0
20111108 003000,125.170000,125.180000,125.170000,125.170000,0
20111108 003100,125.180000,125.180000,125.180000,125.180000,0
20111108 003300,125.170000,125.180000,125.170000,125.170000,0
20111108 003400,125.180000,125.180000,125.170000,125.170000,0
20111108 003500,125.160000,125.170000,125.160000,125.170000,0
20111108 003600,125.180000,125.180000,125.170000,125.170000,0
20111108 003700,125.180000,125.180000,125.160000,125.170000,0
20111108 003800,125.180000,125.180000,125.170000,125.170000,0
20111108 003900,125.160000,125.170000,125.160000,125.170000,0
20111108 004000,125.160000,125.160000,125.160000,125.160000,0
20111108 004100,125.170000,125.170000,125.170000,125.170000,0
20111108 004200,125.150000,125.150000,125.140000,125.150000,0
20111108 004300,125.140000,125.140000,125.140000,125.140000,0
20111108 004400,125.150000,125.150000,125.150000,125.150000,0
20111108 004500,125.160000,125.160000,125.150000,125.150000,0
20111108 004600,125.160000,125.170000,125.150000,125.170000,0
20111108 004700,125.160000,125.190000,125.160000,125.190000,0
20111108 004800,125.180000,125.180000,125.170000,125.170000,0
20111108 004900,125.160000,125.160000,125.150000,125.160000,0
20111108 005000,125.170000,125.170000,125.170000,125.170000,0
20111108 005100,125.180000,125.180000,125.170000,125.180000,0
20111108 005200,125.190000,125.190000,125.190000,125.190000,0
20111108 005300,125.180000,125.190000,125.170000,125.180000,0
20111108 005400,125.190000,125.190000,125.190000,125.190000,0
20111108 005500,125.200000,125.200000,125.190000,125.190000,0
20111108 005600,125.180000,125.190000,125.180000,125.190000,0
20111108 005700,125.180000,125.190000,125.170000,125.170000,0
20111108 005800,125.180000,125.180000,125.170000,125.170000,0
20111108 005900,125.160000,125.180000,125.160000,125.160000,0
20111108 010000,125.170000,125.170000,125.140000,125.150000,0
20111108 010100,125.140000,125.150000,125.130000,125.140000,0
20111108 010200,125.130000,125.140000,125.130000,125.130000,0
20111108 010300,125.140000,125.140000,125.130000,125.140000,0
20111108 010400,125.150000,125.150000,125.140000,125.140000,0
20111108 010500,125.130000,125.140000,125.120000,125.140000,0
20111108 010600,125.130000,125.140000,125.110000,125.110000,0
20111108 010700,125.120000,125.140000,125.110000,125.130000,0
20111108 010800,125.140000,125.140000,125.130000,125.130000,0
20111108 010900,125.120000,125.150000,125.120000,125.150000,0
20111108 011000,125.140000,125.150000,125.130000,125.130000,0
20111108 011100,125.120000,125.120000,125.120000,125.120000,0
20111108 011200,125.130000,125.140000,125.120000,125.140000,0
20111108 011300,125.150000,125.150000,125.120000,125.130000,0
20111108 011400,125.140000,125.140000,125.120000,125.130000,0
20111108 011500,125.120000,125.140000,125.120000,125.130000,0
20111108 011600,125.120000,125.130000,125.120000,125.120000,0
20111108 011700,125.130000,125.140000,125.120000,125.140000,0
20111108 011800,125.120000,125.140000,125.120000,125.130000,0
20111108 011900,125.120000,125.140000,125.120000,125.140000,0
20111108 012000,125.130000,125.130000,125.120000,125.130000,0
20111108 012200,125.140000,125.140000,125.120000,125.140000,0
20111108 012300,125.130000,125.150000,125.130000,125.140000,0
20111108 012400,125.150000,125.170000,125.130000,125.160000,0
20111108 012500,125.170000,125.170000,125.140000,125.150000,0
20111108 012600,125.140000,125.140000,125.130000,125.140000,0
20111108 012700,125.150000,125.150000,125.140000,125.140000,0
20111108 012800,125.130000,125.140000,125.110000,125.110000,0
20111108 012900,125.120000,125.120000,125.110000,125.110000,0
20111108 013000,125.120000,125.120000,125.110000,125.110000,0
20111108 013100,125.120000,125.120000,125.100000,125.100000,0
20111108 013200,125.110000,125.120000,125.110000,125.120000,0
20111108 013300,125.110000,125.110000,125.110000,125.110000,0
20111108 013400,125.120000,125.130000,125.120000,125.120000,0
20111108 013500,125.130000,125.130000,125.120000,125.130000,0
20111108 013600,125.140000,125.140000,125.130000,125.130000,0
20111108 013700,125.120000,125.140000,125.110000,125.140000,0
20111108 013800,125.130000,125.130000,125.120000,125.120000,0
20111108 013900,125.110000,125.120000,125.110000,125.120000,0
20111108 014000,125.110000,125.120000,125.110000,125.120000,0
20111108 014200,125.130000,125.130000,125.130000,125.130000,0
20111108 014300,125.140000,125.140000,125.130000,125.130000,0
20111108 014400,125.140000,125.140000,125.130000,125.140000,0
20111108 014500,125.130000,125.130000,125.130000,125.130000,0
20111108 014600,125.120000,125.130000,125.120000,125.120000,0
20111108 014700,125.130000,125.130000,125.120000,125.130000,0
20111108 014800,125.120000,125.130000,125.100000,125.110000,0
20111108 014900,125.120000,125.120000,125.110000,125.110000,0
20111108 015000,125.120000,125.130000,125.100000,125.130000,0
20111108 015100,125.140000,125.140000,125.130000,125.140000,0
20111108 015200,125.130000,125.130000,125.130000,125.130000,0
20111108 015300,125.140000,125.140000,125.130000,125.140000,0
20111108 015400,125.130000,125.140000,125.130000,125.130000,0
20111108 015500,125.140000,125.150000,125.140000,125.140000,0
20111108 015600,125.150000,125.150000,125.120000,125.130000,0
20111108 015700,125.120000,125.140000,125.120000,125.140000,0
20111108 015800,125.130000,125.130000,125.120000,125.120000,0
20111108 015900,125.130000,125.130000,125.110000,125.110000,0
20111108 020000,125.120000,125.120000,125.100000,125.110000,0
20111108 020100,125.100000,125.110000,125.100000,125.110000,0
20111108 020200,125.100000,125.110000,125.100000,125.110000,0
20111108 020300,125.120000,125.130000,125.120000,125.120000,0
20111108 020400,125.130000,125.140000,125.120000,125.130000,0
20111108 020500,125.140000,125.140000,125.120000,125.130000,0
20111108 020600,125.120000,125.120000,125.110000,125.110000,0
20111108 020700,125.120000,125.150000,125.120000,125.140000,0
20111108 020800,125.150000,125.150000,125.130000,125.140000,0
20111108 020900,125.130000,125.140000,125.120000,125.130000,0
20111108 021000,125.140000,125.140000,125.130000,125.130000,0
20111108 021100,125.140000,125.140000,125.130000,125.130000,0
20111108 021200,125.120000,125.140000,125.120000,125.130000,0
20111108 021300,125.140000,125.150000,125.100000,125.100000,0
20111108 021400,125.110000,125.130000,125.100000,125.120000,0
20111108 021500,125.130000,125.140000,125.120000,125.120000,0
20111108 021600,125.130000,125.140000,125.130000,125.140000,0
20111108 021700,125.150000,125.150000,125.130000,125.140000,0
20111108 021800,125.150000,125.150000,125.120000,125.150000,0
20111108 021900,125.160000,125.160000,125.130000,125.150000,0
20111108 022000,125.160000,125.170000,125.140000,125.140000,0
20111108 022100,125.130000,125.140000,125.110000,125.140000,0
20111108 022200,125.130000,125.140000,125.110000,125.140000,0
20111108 022300,125.130000,125.130000,125.110000,125.120000,0
20111108 022400,125.130000,125.130000,125.110000,125.120000,0
20111108 022500,125.130000,125.130000,125.110000,125.110000,0
20111108 022600,125.120000,125.130000,125.100000,125.130000,0
20111108 022700,125.120000,125.170000,125.120000,125.170000,0
20111108 022800,125.160000,125.190000,125.160000,125.180000,0
20111108 022900,125.190000,125.210000,125.170000,125.200000,0
20111108 023000,125.210000,125.230000,125.200000,125.210000,0
20111108 023100,125.220000,125.240000,125.210000,125.230000,0
20111108 023200,125.240000,125.250000,125.240000,125.250000,0
20111108 023300,125.260000,125.260000,125.240000,125.260000,0
20111108 023400,125.250000,125.280000,125.250000,125.270000,0
20111108 023500,125.280000,125.300000,125.260000,125.270000,0
20111108 023600,125.260000,125.270000,125.240000,125.250000,0
20111108 023700,125.240000,125.250000,125.200000,125.200000,0
20111108 023800,125.210000,125.210000,125.200000,125.210000,0
20111108 023900,125.220000,125.240000,125.210000,125.230000,0
20111108 024000,125.220000,125.220000,125.190000,125.220000,0
20111108 024100,125.230000,125.250000,125.230000,125.230000,0
20111108 024200,125.240000,125.240000,125.230000,125.240000,0
20111108 024300,125.230000,125.250000,125.230000,125.240000,0
20111108 024400,125.250000,125.250000,125.220000,125.220000,0
20111108 024500,125.210000,125.230000,125.200000,125.200000,0
20111108 024600,125.210000,125.230000,125.200000,125.230000,0
20111108 024700,125.220000,125.230000,125.210000,125.230000,0
20111108 024800,125.240000,125.240000,125.210000,125.210000,0
20111108 024900,125.220000,125.220000,125.200000,125.200000,0
20111108 025000,125.190000,125.200000,125.170000,125.170000,0
20111108 025100,125.180000,125.190000,125.170000,125.190000,0
20111108 025200,125.200000,125.210000,125.170000,125.170000,0
20111108 025300,125.160000,125.170000,125.160000,125.160000,0
20111108 025400,125.150000,125.170000,125.150000,125.150000,0
20111108 025500,125.160000,125.160000,125.150000,125.160000,0
20111108 025600,125.150000,125.160000,125.150000,125.160000,0
20111108 025700,125.170000,125.170000,125.160000,125.170000,0
20111108 025800,125.160000,125.170000,125.150000,125.170000,0
20111108 025900,125.160000,125.170000,125.150000,125.170000,0
20111108 030000,125.160000,125.170000,125.140000,125.150000,0
20111108 030100,125.160000,125.160000,125.140000,125.150000,0
20111108 030200,125.160000,125.170000,125.140000,125.170000,0
20111108 030300,125.180000,125.230000,125.170000,125.200000,0
20111108 030400,125.190000,125.200000,125.170000,125.190000,0
20111108 030500,125.200000,125.200000,125.150000,125.180000,0
20111108 030600,125.190000,125.230000,125.190000,125.220000,0
20111108 030700,125.210000,125.210000,125.190000,125.190000,0
20111108 030800,125.180000,125.230000,125.180000,125.230000,0
20111108 030900,125.220000,125.240000,125.220000,125.230000,0
20111108 031000,125.240000,125.250000,125.180000,125.230000,0
20111108 031100,125.240000,125.270000,125.220000,125.250000,0
20111108 031200,125.260000,125.310000,125.250000,125.290000,0
20111108 031300,125.300000,125.310000,125.280000,125.300000,0
20111108 031400,125.310000,125.310000,125.300000,125.310000,0
20111108 031500,125.320000,125.380000,125.320000,125.360000,0
20111108 031600,125.350000,125.370000,125.350000,125.370000,0
20111108 031700,125.360000,125.370000,125.320000,125.320000,0
20111108 031800,125.310000,125.310000,125.300000,125.300000,0
20111108 031900,125.290000,125.320000,125.290000,125.320000,0
20111108 032000,125.310000,125.350000,125.310000,125.330000,0
20111108 032100,125.320000,125.330000,125.300000,125.300000,0
20111108 032200,125.310000,125.310000,125.300000,125.310000,0
20111108 032300,125.320000,125.330000,125.310000,125.330000,0
20111108 032400,125.340000,125.360000,125.340000,125.340000,0
20111108 032500,125.350000,125.350000,125.340000,125.350000,0
20111108 032600,125.340000,125.380000,125.340000,125.370000,0
20111108 032700,125.380000,125.390000,125.370000,125.370000,0
20111108 032800,125.360000,125.360000,125.320000,125.320000,0
20111108 032900,125.330000,125.360000,125.310000,125.360000,0
20111108 033000,125.350000,125.360000,125.350000,125.360000,0
20111108 033100,125.350000,125.390000,125.350000,125.350000,0
20111108 033200,125.340000,125.360000,125.340000,125.360000,0
20111108 033300,125.370000,125.380000,125.330000,125.340000,0
20111108 033400,125.350000,125.360000,125.320000,125.320000,0
20111108 033500,125.310000,125.320000,125.290000,125.300000,0
20111108 033600,125.290000,125.300000,125.270000,125.280000,0
20111108 033700,125.270000,125.290000,125.260000,125.280000,0
20111108 033800,125.290000,125.290000,125.260000,125.270000,0
20111108 033900,125.260000,125.280000,125.250000,125.280000,0
20111108 034000,125.270000,125.300000,125.270000,125.290000,0
20111108 034100,125.280000,125.330000,125.260000,125.310000,0
20111108 034200,125.300000,125.310000,125.290000,125.310000,0
20111108 034300,125.320000,125.320000,125.300000,125.320000,0
20111108 034400,125.310000,125.330000,125.290000,125.300000,0
20111108 034500,125.290000,125.290000,125.250000,125.250000,0
20111108 034600,125.260000,125.260000,125.250000,125.260000,0
20111108 034700,125.270000,125.280000,125.260000,125.270000,0
20111108 034800,125.280000,125.300000,125.270000,125.300000,0
20111108 034900,125.290000,125.310000,125.290000,125.310000,0
20111108 035000,125.300000,125.320000,125.300000,125.310000,0
20111108 035100,125.300000,125.340000,125.300000,125.340000,0
20111108 035200,125.330000,125.340000,125.280000,125.280000,0
20111108 035300,125.290000,125.300000,125.280000,125.280000,0
20111108 035400,125.270000,125.290000,125.250000,125.260000,0
20111108 035500,125.250000,125.260000,125.210000,125.220000,0
20111108 035600,125.210000,125.220000,125.200000,125.210000,0
20111108 035700,125.200000,125.220000,125.190000,125.220000,0
20111108 035800,125.210000,125.230000,125.210000,125.220000,0
20111108 035900,125.230000,125.290000,125.230000,125.290000,0
20111108 040000,125.280000,125.330000,125.280000,125.320000,0
20111108 040100,125.310000,125.340000,125.310000,125.330000,0
20111108 040200,125.320000,125.330000,125.310000,125.330000,0
20111108 040300,125.320000,125.410000,125.320000,125.380000,0
20111108 040400,125.390000,125.410000,125.360000,125.400000,0
20111108 040500,125.410000,125.470000,125.370000,125.460000,0
20111108 040600,125.450000,125.450000,125.400000,125.410000,0
20111108 040700,125.420000,125.430000,125.390000,125.430000,0
20111108 040800,125.420000,125.420000,125.400000,125.410000,0
20111108 040900,125.400000,125.420000,125.380000,125.390000,0
20111108 041000,125.400000,125.410000,125.380000,125.410000,0
20111108 041100,125.420000,125.420000,125.390000,125.400000,0
20111108 041200,125.390000,125.410000,125.380000,125.400000,0
20111108 041300,125.390000,125.410000,125.370000,125.410000,0
20111108 041400,125.400000,125.420000,125.400000,125.410000,0
20111108 041500,125.420000,125.450000,125.390000,125.450000,0
20111108 041600,125.460000,125.470000,125.410000,125.420000,0
20111108 041700,125.430000,125.440000,125.430000,125.430000,0
20111108 041800,125.440000,125.440000,125.420000,125.430000,0
20111108 041900,125.420000,125.430000,125.410000,125.430000,0
20111108 042000,125.420000,125.430000,125.410000,125.410000,0
20111108 042100,125.400000,125.410000,125.370000,125.390000,0
20111108 042200,125.400000,125.420000,125.400000,125.410000,0
20111108 042300,125.400000,125.430000,125.400000,125.420000,0
20111108 042400,125.410000,125.430000,125.400000,125.430000,0
20111108 042500,125.420000,125.430000,125.390000,125.400000,0
20111108 042600,125.390000,125.420000,125.390000,125.410000,0
20111108 042700,125.420000,125.420000,125.330000,125.360000,0
20111108 042800,125.350000,125.370000,125.330000,125.340000,0
20111108 042900,125.330000,125.380000,125.330000,125.370000,0
20111108 043000,125.360000,125.420000,125.340000,125.360000,0
20111108 043100,125.370000,125.410000,125.360000,125.370000,0
20111108 043200,125.360000,125.370000,125.350000,125.370000,0
20111108 043300,125.360000,125.420000,125.350000,125.400000,0
20111108 043400,125.390000,125.410000,125.370000,125.400000,0
20111108 043500,125.390000,125.420000,125.390000,125.410000,0
20111108 043600,125.400000,125.420000,125.400000,125.410000,0
20111108 043700,125.400000,125.400000,125.360000,125.380000,0
20111108 043800,125.370000,125.380000,125.370000,125.380000,0
20111108 043900,125.390000,125.400000,125.370000,125.390000,0
20111108 044000,125.380000,125.420000,125.380000,125.420000,0
20111108 044100,125.410000,125.410000,125.400000,125.410000,0
20111108 044200,125.400000,125.410000,125.380000,125.400000,0
20111108 044300,125.410000,125.410000,125.400000,125.410000,0
20111108 044400,125.400000,125.410000,125.380000,125.380000,0
20111108 044500,125.370000,125.390000,125.360000,125.390000,0
20111108 044600,125.380000,125.390000,125.350000,125.380000,0
20111108 044700,125.390000,125.400000,125.370000,125.380000,0
20111108 044800,125.370000,125.370000,125.360000,125.370000,0
20111108 044900,125.360000,125.360000,125.360000,125.360000,0
20111108 045000,125.350000,125.350000,125.330000,125.350000,0
20111108 045100,125.340000,125.340000,125.290000,125.320000,0
20111108 045200,125.310000,125.350000,125.300000,125.300000,0
20111108 045300,125.310000,125.350000,125.300000,125.350000,0
20111108 045400,125.360000,125.400000,125.360000,125.380000,0
20111108 045500,125.370000,125.390000,125.360000,125.370000,0
20111108 045600,125.380000,125.380000,125.340000,125.370000,0
20111108 045700,125.360000,125.390000,125.360000,125.390000,0
20111108 045800,125.380000,125.390000,125.370000,125.380000,0
20111108 045900,125.370000,125.370000,125.340000,125.350000,0
20111108 050000,125.340000,125.350000,125.330000,125.340000,0
20111108 050100,125.350000,125.350000,125.340000,125.350000,0
20111108 050200,125.340000,125.350000,125.340000,125.350000,0
20111108 050300,125.340000,125.340000,125.340000,125.340000,0
20111108 050400,125.350000,125.360000,125.340000,125.360000,0
20111108 050500,125.370000,125.370000,125.360000,125.370000,0
20111108 050600,125.380000,125.380000,125.360000,125.370000,0
20111108 050700,125.380000,125.380000,125.370000,125.370000,0
20111108 050800,125.380000,125.380000,125.360000,125.380000,0
20111108 050900,125.390000,125.400000,125.380000,125.390000,0
20111108 051000,125.380000,125.390000,125.370000,125.380000,0
20111108 051100,125.370000,125.370000,125.350000,125.350000,0
20111108 051200,125.360000,125.380000,125.350000,125.380000,0
20111108 051300,125.390000,125.390000,125.360000,125.360000,0
20111108 051400,125.370000,125.370000,125.350000,125.360000,0
20111108 051500,125.350000,125.400000,125.350000,125.400000,0
20111108 051600,125.390000,125.460000,125.390000,125.460000,0
20111108 051700,125.450000,125.500000,125.450000,125.470000,0
20111108 051800,125.480000,125.520000,125.480000,125.510000,0
20111108 051900,125.500000,125.520000,125.500000,125.520000,0
20111108 052000,125.510000,125.510000,125.490000,125.490000,0
20111108 052100,125.500000,125.500000,125.500000,125.500000,0
20111108 052200,125.510000,125.510000,125.500000,125.500000,0
20111108 052300,125.480000,125.500000,125.480000,125.490000,0
20111108 052400,125.500000,125.510000,125.490000,125.510000,0
20111108 052500,125.520000,125.530000,125.500000,125.520000,0
20111108 052600,125.510000,125.520000,125.500000,125.500000,0
20111108 052700,125.490000,125.500000,125.490000,125.490000,0
20111108 052800,125.510000,125.520000,125.510000,125.520000,0
20111108 052900,125.530000,125.530000,125.510000,125.530000,0
20111108 053000,125.540000,125.580000,125.540000,125.570000,0
20111108 053100,125.580000,125.590000,125.560000,125.560000,0
20111108 053200,125.570000,125.580000,125.560000,125.580000,0
20111108 053300,125.570000,125.580000,125.550000,125.560000,0
20111108 053400,125.550000,125.560000,125.540000,125.540000,0
20111108 053500,125.550000,125.550000,125.530000,125.530000,0
20111108 053600,125.520000,125.520000,125.470000,125.480000,0
20111108 053700,125.470000,125.500000,125.470000,125.500000,0
20111108 053800,125.490000,125.500000,125.460000,125.460000,0
20111108 053900,125.470000,125.470000,125.430000,125.430000,0
20111108 054000,125.420000,125.450000,125.410000,125.440000,0
20111108 054100,125.430000,125.460000,125.430000,125.460000,0
20111108 054200,125.450000,125.480000,125.440000,125.480000,0
20111108 054300,125.470000,125.480000,125.460000,125.480000,0
20111108 054400,125.470000,125.470000,125.450000,125.470000,0
20111108 054500,125.480000,125.480000,125.470000,125.470000,0
20111108 054600,125.460000,125.500000,125.460000,125.470000,0
20111108 054700,125.460000,125.480000,125.450000,125.460000,0
20111108 054800,125.470000,125.480000,125.400000,125.410000,0
20111108 054900,125.400000,125.410000,125.380000,125.380000,0
20111108 055000,125.370000,125.380000,125.360000,125.360000,0
20111108 055100,125.370000,125.400000,125.360000,125.390000,0
20111108 055200,125.400000,125.420000,125.390000,125.420000,0
20111108 055300,125.410000,125.430000,125.410000,125.410000,0
20111108 055400,125.420000,125.420000,125.400000,125.400000,0
20111108 055500,125.390000,125.420000,125.390000,125.410000,0
20111108 055600,125.420000,125.440000,125.400000,125.430000,0
20111108 055700,125.420000,125.430000,125.390000,125.400000,0
20111108 055800,125.410000,125.430000,125.400000,125.420000,0
20111108 055900,125.410000,125.450000,125.410000,125.440000,0
20111108 060000,125.450000,125.450000,125.420000,125.430000,0
20111108 060100,125.420000,125.440000,125.420000,125.430000,0
20111108 060200,125.420000,125.440000,125.410000,125.410000,0
20111108 060300,125.400000,125.410000,125.390000,125.390000,0
20111108 060400,125.400000,125.410000,125.390000,125.390000,0
20111108 060500,125.400000,125.400000,125.380000,125.400000,0
20111108 060600,125.410000,125.420000,125.390000,125.410000,0
20111108 060700,125.400000,125.410000,125.400000,125.410000,0
20111108 060800,125.420000,125.420000,125.410000,125.410000,0
20111108 060900,125.400000,125.400000,125.390000,125.400000,0
20111108 061000,125.410000,125.410000,125.400000,125.400000,0
20111108 061100,125.390000,125.400000,125.390000,125.400000,0
20111108 061200,125.410000,125.410000,125.400000,125.400000,0
20111108 061300,125.410000,125.410000,125.390000,125.390000,0
20111108 061400,125.380000,125.380000,125.360000,125.370000,0
20111108 061500,125.380000,125.400000,125.380000,125.400000,0
20111108 061600,125.390000,125.400000,125.380000,125.390000,0
20111108 061700,125.380000,125.410000,125.370000,125.390000,0
20111108 061800,125.400000,125.400000,125.380000,125.390000,0
20111108 061900,125.380000,125.380000,125.370000,125.370000,0
20111108 062000,125.380000,125.400000,125.370000,125.390000,0
20111108 062100,125.380000,125.390000,125.360000,125.370000,0
20111108 062200,125.360000,125.370000,125.350000,125.350000,0
20111108 062300,125.360000,125.370000,125.350000,125.350000,0
20111108 062400,125.340000,125.360000,125.330000,125.360000,0
20111108 062500,125.350000,125.370000,125.350000,125.350000,0
20111108 062600,125.360000,125.370000,125.350000,125.350000,0
20111108 062700,125.360000,125.370000,125.350000,125.360000,0
20111108 062800,125.350000,125.350000,125.340000,125.340000,0
20111108 062900,125.330000,125.360000,125.330000,125.360000,0
20111108 063000,125.350000,125.370000,125.350000,125.370000,0
20111108 063100,125.360000,125.390000,125.360000,125.380000,0
20111108 063200,125.390000,125.390000,125.390000,125.390000,0
20111108 063300,125.380000,125.380000,125.380000,125.380000,0
20111108 063400,125.390000,125.390000,125.380000,125.380000,0
20111108 063500,125.390000,125.410000,125.390000,125.410000,0
20111108 063600,125.420000,125.420000,125.380000,125.390000,0
20111108 063700,125.380000,125.400000,125.380000,125.400000,0
20111108 063800,125.390000,125.390000,125.360000,125.360000,0
20111108 063900,125.350000,125.350000,125.340000,125.350000,0
20111108 064000,125.360000,125.380000,125.360000,125.380000,0
20111108 064100,125.370000,125.380000,125.340000,125.350000,0
20111108 064200,125.340000,125.360000,125.340000,125.340000,0
20111108 064300,125.350000,125.360000,125.340000,125.350000,0
20111108 064400,125.360000,125.360000,125.350000,125.350000,0
20111108 064500,125.360000,125.360000,125.350000,125.350000,0
20111108 064600,125.360000,125.360000,125.330000,125.330000,0
20111108 064700,125.340000,125.340000,125.320000,125.320000,0
20111108 064800,125.310000,125.310000,125.310000,125.310000,0
20111108 064900,125.320000,125.320000,125.300000,125.310000,0
20111108 065000,125.300000,125.320000,125.300000,125.310000,0
20111108 065100,125.300000,125.320000,125.300000,125.320000,0
20111108 065200,125.330000,125.340000,125.330000,125.330000,0
20111108 065300,125.340000,125.340000,125.310000,125.310000,0
20111108 065400,125.300000,125.310000,125.280000,125.280000,0
20111108 065500,125.270000,125.290000,125.260000,125.290000,0
20111108 065600,125.280000,125.290000,125.280000,125.280000,0
20111108 065700,125.290000,125.290000,125.290000,125.290000,0
20111108 065800,125.280000,125.290000,125.270000,125.270000,0
20111108 065900,125.280000,125.280000,125.260000,125.260000,0
20111108 070000,125.250000,125.290000,125.250000,125.270000,0
20111108 070100,125.260000,125.280000,125.260000,125.270000,0
20111108 070200,125.280000,125.290000,125.270000,125.280000,0
20111108 070300,125.270000,125.290000,125.270000,125.290000,0
20111108 070400,125.280000,125.280000,125.270000,125.270000,0
20111108 070500,125.280000,125.280000,125.250000,125.260000,0
20111108 070600,125.250000,125.270000,125.250000,125.260000,0
20111108 070700,125.270000,125.280000,125.260000,125.280000,0
20111108 070800,125.290000,125.300000,125.280000,125.290000,0
20111108 070900,125.280000,125.300000,125.280000,125.290000,0
20111108 071000,125.300000,125.300000,125.290000,125.300000,0
20111108 071100,125.310000,125.310000,125.210000,125.210000,0
20111108 071200,125.220000,125.240000,125.210000,125.230000,0
20111108 071300,125.240000,125.240000,125.230000,125.240000,0
20111108 071400,125.230000,125.240000,125.230000,125.240000,0
20111108 071500,125.250000,125.270000,125.240000,125.270000,0
20111108 071600,125.260000,125.280000,125.250000,125.260000,0
20111108 071700,125.250000,125.270000,125.250000,125.260000,0
20111108 071800,125.270000,125.270000,125.260000,125.270000,0
20111108 071900,125.260000,125.270000,125.260000,125.260000,0
20111108 072000,125.250000,125.260000,125.240000,125.250000,0
20111108 072100,125.240000,125.260000,125.240000,125.260000,0
20111108 072200,125.270000,125.280000,125.260000,125.270000,0
20111108 072300,125.260000,125.290000,125.260000,125.290000,0
20111108 072400,125.280000,125.290000,125.270000,125.280000,0
20111108 072500,125.290000,125.290000,125.280000,125.290000,0
20111108 072600,125.280000,125.290000,125.270000,125.280000,0
20111108 072700,125.290000,125.290000,125.280000,125.280000,0
20111108 072800,125.290000,125.300000,125.280000,125.290000,0
20111108 072900,125.300000,125.300000,125.250000,125.260000,0
20111108 073000,125.270000,125.270000,125.250000,125.250000,0
20111108 073100,125.260000,125.280000,125.260000,125.270000,0
20111108 073200,125.280000,125.280000,125.260000,125.260000,0
20111108 073300,125.250000,125.260000,125.230000,125.250000,0
20111108 073400,125.240000,125.250000,125.240000,125.250000,0
20111108 073500,125.260000,125.270000,125.260000,125.270000,0
20111108 073600,125.260000,125.270000,125.260000,125.260000,0
20111108 073700,125.270000,125.300000,125.250000,125.300000,0
20111108 073800,125.290000,125.320000,125.290000,125.300000,0
20111108 073900,125.310000,125.330000,125.300000,125.320000,0
20111108 074000,125.310000,125.330000,125.310000,125.320000,0
20111108 074100,125.310000,125.320000,125.260000,125.270000,0
20111108 074200,125.280000,125.310000,125.260000,125.290000,0
20111108 074300,125.300000,125.310000,125.280000,125.280000,0
20111108 074400,125.290000,125.320000,125.280000,125.300000,0
20111108 074500,125.290000,125.340000,125.260000,125.320000,0
20111108 074600,125.330000,125.340000,125.300000,125.300000,0
20111108 074700,125.290000,125.300000,125.290000,125.290000,0
20111108 074800,125.300000,125.320000,125.290000,125.310000,0
20111108 074900,125.300000,125.340000,125.300000,125.320000,0
20111108 075000,125.330000,125.330000,125.260000,125.280000,0
20111108 075100,125.270000,125.280000,125.240000,125.250000,0
20111108 075200,125.260000,125.280000,125.260000,125.280000,0
20111108 075300,125.290000,125.290000,125.280000,125.280000,0
20111108 075400,125.290000,125.300000,125.270000,125.290000,0
20111108 075500,125.300000,125.300000,125.280000,125.280000,0
20111108 075600,125.270000,125.280000,125.270000,125.280000,0
20111108 075700,125.270000,125.280000,125.270000,125.280000,0
20111108 075800,125.290000,125.290000,125.270000,125.280000,0
20111108 075900,125.270000,125.280000,125.270000,125.270000,0
20111108 080000,125.260000,125.300000,125.260000,125.300000,0
20111108 080100,125.310000,125.340000,125.310000,125.310000,0
20111108 080200,125.320000,125.320000,125.280000,125.290000,0
20111108 080300,125.300000,125.320000,125.290000,125.300000,0
20111108 080400,125.290000,125.300000,125.270000,125.280000,0
20111108 080500,125.270000,125.290000,125.270000,125.280000,0
20111108 080600,125.290000,125.310000,125.290000,125.300000,0
20111108 080700,125.310000,125.320000,125.300000,125.300000,0
20111108 080800,125.290000,125.300000,125.290000,125.290000,0
20111108 080900,125.280000,125.300000,125.280000,125.290000,0
20111108 081000,125.300000,125.310000,125.290000,125.310000,0
20111108 081100,125.320000,125.320000,125.300000,125.300000,0
20111108 081200,125.310000,125.310000,125.290000,125.290000,0
20111108 081300,125.300000,125.300000,125.280000,125.280000,0
20111108 081400,125.290000,125.290000,125.270000,125.280000,0
20111108 081500,125.270000,125.290000,125.270000,125.270000,0
20111108 081600,125.280000,125.280000,125.260000,125.270000,0
20111108 081700,125.260000,125.270000,125.260000,125.270000,0
20111108 081800,125.260000,125.270000,125.260000,125.260000,0
20111108 081900,125.270000,125.280000,125.270000,125.270000,0
20111108 082000,125.280000,125.290000,125.260000,125.260000,0
20111108 082100,125.270000,125.290000,125.270000,125.290000,0
20111108 082200,125.300000,125.310000,125.290000,125.300000,0
20111108 082300,125.310000,125.320000,125.290000,125.290000,0
20111108 082400,125.300000,125.310000,125.270000,125.270000,0
20111108 082500,125.260000,125.300000,125.190000,125.240000,0
20111108 082600,125.230000,125.240000,125.210000,125.220000,0
20111108 082700,125.230000,125.250000,125.220000,125.240000,0
20111108 082800,125.230000,125.240000,125.220000,125.240000,0
20111108 082900,125.230000,125.240000,125.210000,125.220000,0
20111108 083000,125.210000,125.220000,125.200000,125.210000,0
20111108 083100,125.200000,125.220000,125.200000,125.220000,0
20111108 083200,125.210000,125.220000,125.190000,125.210000,0
20111108 083300,125.200000,125.210000,125.180000,125.200000,0
20111108 083400,125.190000,125.210000,125.190000,125.190000,0
20111108 083500,125.200000,125.200000,125.160000,125.160000,0
20111108 083600,125.170000,125.190000,125.160000,125.170000,0
20111108 083700,125.180000,125.190000,125.180000,125.180000,0
20111108 083800,125.190000,125.200000,125.190000,125.200000,0
20111108 083900,125.210000,125.210000,125.190000,125.210000,0
20111108 084000,125.200000,125.220000,125.200000,125.220000,0
20111108 084100,125.210000,125.210000,125.190000,125.190000,0
20111108 084200,125.180000,125.190000,125.160000,125.170000,0
20111108 084300,125.180000,125.190000,125.170000,125.190000,0
20111108 084400,125.180000,125.190000,125.160000,125.190000,0
20111108 084500,125.180000,125.200000,125.180000,125.190000,0
20111108 084600,125.200000,125.230000,125.190000,125.230000,0
20111108 084700,125.220000,125.240000,125.210000,125.240000,0
20111108 084800,125.250000,125.270000,125.240000,125.260000,0
20111108 084900,125.270000,125.300000,125.260000,125.290000,0
20111108 085000,125.300000,125.300000,125.270000,125.290000,0
20111108 085100,125.300000,125.300000,125.270000,125.270000,0
20111108 085200,125.260000,125.280000,125.250000,125.270000,0
20111108 085300,125.260000,125.260000,125.240000,125.250000,0
20111108 085400,125.240000,125.260000,125.240000,125.240000,0
20111108 085500,125.250000,125.280000,125.250000,125.270000,0
20111108 085600,125.260000,125.270000,125.250000,125.260000,0
20111108 085700,125.270000,125.270000,125.230000,125.230000,0
20111108 085800,125.240000,125.260000,125.230000,125.250000,0
20111108 085900,125.240000,125.250000,125.210000,125.230000,0
20111108 090000,125.220000,125.220000,125.190000,125.190000,0
20111108 090100,125.200000,125.210000,125.190000,125.210000,0
20111108 090200,125.200000,125.210000,125.030000,125.060000,0
20111108 090300,125.070000,125.160000,125.070000,125.130000,0
20111108 090400,125.120000,125.120000,125.070000,125.090000,0
20111108 090500,125.080000,125.140000,125.080000,125.140000,0
20111108 090600,125.150000,125.170000,125.140000,125.160000,0
20111108 090700,125.150000,125.210000,125.150000,125.200000,0
20111108 090800,125.210000,125.260000,125.200000,125.250000,0
20111108 090900,125.240000,125.240000,125.180000,125.180000,0
20111108 091000,125.190000,125.230000,125.190000,125.220000,0
20111108 091100,125.230000,125.240000,125.190000,125.190000,0
20111108 091200,125.200000,125.220000,125.180000,125.220000,0
20111108 091300,125.210000,125.210000,125.180000,125.180000,0
20111108 091400,125.190000,125.220000,125.170000,125.210000,0
20111108 091500,125.220000,125.230000,125.190000,125.230000,0
20111108 091600,125.220000,125.240000,125.210000,125.220000,0
20111108 091700,125.210000,125.210000,125.160000,125.170000,0
20111108 091800,125.160000,125.170000,125.150000,125.150000,0
20111108 091900,125.160000,125.180000,125.150000,125.160000,0
20111108 092000,125.170000,125.170000,125.040000,125.090000,0
20111108 092100,125.100000,125.130000,125.100000,125.110000,0
20111108 092200,125.120000,125.120000,125.080000,125.100000,0
20111108 092300,125.110000,125.110000,125.090000,125.100000,0
20111108 092400,125.110000,125.120000,125.050000,125.050000,0
20111108 092500,125.060000,125.080000,125.050000,125.080000,0
20111108 092600,125.090000,125.090000,125.060000,125.080000,0
20111108 092700,125.070000,125.100000,125.070000,125.090000,0
20111108 092800,125.080000,125.140000,125.080000,125.140000,0
20111108 092900,125.150000,125.150000,125.130000,125.140000,0
20111108 093000,125.130000,125.160000,125.130000,125.150000,0
20111108 093100,125.140000,125.150000,125.100000,125.130000,0
20111108 093200,125.120000,125.140000,125.110000,125.140000,0
20111108 093300,125.130000,125.160000,125.130000,125.150000,0
20111108 093400,125.160000,125.180000,125.150000,125.160000,0
20111108 093500,125.150000,125.160000,125.130000,125.130000,0
20111108 093600,125.140000,125.160000,125.130000,125.150000,0
20111108 093700,125.140000,125.140000,125.100000,125.110000,0
20111108 093800,125.100000,125.110000,125.070000,125.070000,0
20111108 093900,125.080000,125.100000,125.060000,125.100000,0
20111108 094000,125.090000,125.110000,125.050000,125.100000,0
20111108 094100,125.090000,125.090000,125.030000,125.040000,0
20111108 094200,125.030000,125.060000,125.030000,125.060000,0
20111108 094300,125.070000,125.080000,125.030000,125.040000,0
20111108 094400,125.050000,125.080000,125.030000,125.070000,0
20111108 094500,125.060000,125.100000,125.060000,125.080000,0
20111108 094600,125.090000,125.090000,125.030000,125.080000,0
20111108 094700,125.070000,125.100000,125.050000,125.060000,0
20111108 094800,125.070000,125.070000,124.980000,124.980000,0
20111108 094900,124.990000,125.020000,124.990000,125.000000,0
20111108 095000,125.010000,125.020000,124.960000,124.960000,0
20111108 095100,124.950000,125.000000,124.950000,125.000000,0
20111108 095200,125.010000,125.030000,125.000000,125.020000,0
20111108 095300,125.030000,125.080000,125.030000,125.040000,0
20111108 095400,125.030000,125.050000,125.020000,125.050000,0
20111108 095500,125.060000,125.070000,125.030000,125.040000,0
20111108 095600,125.030000,125.080000,125.030000,125.050000,0
20111108 095700,125.060000,125.060000,125.020000,125.060000,0
20111108 095800,125.050000,125.080000,125.050000,125.070000,0
20111108 095900,125.060000,125.060000,124.990000,125.050000,0
20111108 100000,125.060000,125.090000,124.990000,125.020000,0
20111108 100100,125.010000,125.070000,125.010000,125.060000,0
20111108 100200,125.050000,125.070000,125.040000,125.050000,0
20111108 100300,125.040000,125.060000,125.000000,125.020000,0
20111108 100400,125.030000,125.040000,125.000000,125.010000,0
20111108 100500,125.020000,125.110000,125.020000,125.070000,0
20111108 100600,125.080000,125.110000,125.060000,125.110000,0
20111108 100700,125.100000,125.110000,125.070000,125.070000,0
20111108 100800,125.080000,125.100000,125.080000,125.100000,0
20111108 100900,125.110000,125.110000,125.080000,125.090000,0
20111108 101000,125.080000,125.090000,125.050000,125.070000,0
20111108 101100,125.060000,125.100000,125.050000,125.070000,0
20111108 101200,125.060000,125.090000,125.030000,125.090000,0
20111108 101300,125.080000,125.110000,125.060000,125.090000,0
20111108 101400,125.100000,125.110000,125.060000,125.060000,0
20111108 101500,125.070000,125.110000,125.050000,125.110000,0
20111108 101600,125.100000,125.130000,125.090000,125.120000,0
20111108 101700,125.130000,125.150000,125.100000,125.110000,0
20111108 101800,125.120000,125.130000,125.090000,125.120000,0
20111108 101900,125.130000,125.130000,125.080000,125.110000,0
20111108 102000,125.100000,125.110000,125.060000,125.070000,0
20111108 102100,125.060000,125.090000,125.050000,125.070000,0
20111108 102200,125.080000,125.100000,125.060000,125.090000,0
20111108 102300,125.100000,125.110000,125.070000,125.100000,0
20111108 102400,125.090000,125.090000,125.060000,125.080000,0
20111108 102500,125.070000,125.080000,125.040000,125.060000,0
20111108 102600,125.050000,125.080000,125.050000,125.060000,0
20111108 102700,125.050000,125.060000,125.020000,125.030000,0
20111108 102800,125.020000,125.030000,124.990000,125.000000,0
20111108 102900,125.010000,125.040000,125.010000,125.040000,0
20111108 103000,125.030000,125.030000,124.990000,125.020000,0
20111108 103100,125.030000,125.040000,125.020000,125.040000,0
20111108 103200,125.030000,125.060000,125.030000,125.060000,0
20111108 103300,125.070000,125.080000,125.040000,125.040000,0
20111108 103400,125.030000,125.040000,125.000000,125.030000,0
20111108 103500,125.020000,125.040000,125.020000,125.040000,0
20111108 103600,125.030000,125.050000,125.030000,125.040000,0
20111108 103700,125.050000,125.060000,125.020000,125.030000,0
20111108 103800,125.040000,125.040000,124.990000,125.000000,0
20111108 103900,125.010000,125.020000,124.990000,125.010000,0
20111108 104000,124.990000,125.050000,124.990000,125.030000,0
20111108 104100,125.020000,125.060000,125.010000,125.050000,0
20111108 104200,125.060000,125.100000,125.050000,125.090000,0
20111108 104300,125.100000,125.100000,125.070000,125.080000,0
20111108 104400,125.090000,125.100000,125.080000,125.090000,0
20111108 104500,125.070000,125.100000,125.060000,125.080000,0
20111108 104600,125.070000,125.090000,125.030000,125.030000,0
20111108 104700,125.040000,125.040000,125.000000,125.030000,0
20111108 104800,125.020000,125.020000,124.990000,125.010000,0
20111108 104900,125.000000,125.040000,125.000000,125.030000,0
20111108 105000,125.020000,125.030000,125.010000,125.020000,0
20111108 105100,125.010000,125.040000,125.000000,125.030000,0
20111108 105200,125.020000,125.040000,125.010000,125.010000,0
20111108 105300,125.020000,125.020000,124.980000,124.990000,0
20111108 105400,125.000000,125.030000,124.990000,125.030000,0
20111108 105500,125.040000,125.040000,125.010000,125.020000,0
20111108 105600,125.010000,125.020000,124.980000,125.000000,0
20111108 105700,124.990000,125.010000,124.970000,125.010000,0
20111108 105800,125.000000,125.010000,124.970000,124.990000,0
20111108 105900,125.000000,125.030000,124.980000,125.010000,0
20111108 110000,125.000000,125.030000,125.000000,125.030000,0
20111108 110100,125.020000,125.030000,125.010000,125.010000,0
20111108 110200,125.020000,125.040000,125.020000,125.030000,0
20111108 110300,125.020000,125.040000,125.020000,125.030000,0
20111108 110400,125.020000,125.040000,125.000000,125.010000,0
20111108 110500,125.020000,125.020000,124.980000,124.990000,0
20111108 110600,124.980000,125.030000,124.980000,125.030000,0
20111108 110700,125.020000,125.030000,125.000000,125.000000,0
20111108 110800,125.010000,125.020000,124.990000,125.010000,0
20111108 110900,125.020000,125.060000,125.010000,125.060000,0
20111108 111000,125.050000,125.060000,125.030000,125.060000,0
20111108 111100,125.070000,125.070000,125.020000,125.030000,0
20111108 111200,125.020000,125.050000,125.010000,125.050000,0
20111108 111300,125.060000,125.070000,125.030000,125.040000,0
20111108 111400,125.030000,125.040000,125.020000,125.030000,0
20111108 111500,125.040000,125.050000,125.000000,125.020000,0
20111108 111600,125.010000,125.010000,124.970000,124.970000,0
20111108 111700,124.980000,124.980000,124.960000,124.970000,0
20111108 111800,124.960000,124.980000,124.960000,124.980000,0
20111108 111900,124.990000,125.020000,124.990000,125.010000,0
20111108 112000,124.990000,125.020000,124.970000,124.990000,0
20111108 112100,124.980000,124.990000,124.960000,124.980000,0
20111108 112200,124.970000,124.990000,124.970000,124.980000,0
20111108 112300,124.970000,125.000000,124.960000,124.980000,0
20111108 112400,124.990000,124.990000,124.970000,124.980000,0
20111108 112500,124.990000,124.990000,124.970000,124.980000,0
20111108 112600,124.990000,125.010000,124.990000,124.990000,0
20111108 112700,125.000000,125.000000,124.960000,124.960000,0
20111108 112800,124.970000,124.990000,124.950000,124.980000,0
20111108 112900,124.990000,125.020000,124.980000,124.980000,0
20111108 113000,124.970000,124.980000,124.960000,124.980000,0
20111108 113100,124.970000,124.980000,124.940000,124.960000,0
20111108 113200,124.970000,124.990000,124.960000,124.980000,0
20111108 113300,124.970000,124.990000,124.970000,124.980000,0
20111108 113400,124.990000,124.990000,124.970000,124.970000,0
20111108 113500,124.980000,124.980000,124.960000,124.970000,0
20111108 113600,124.960000,124.980000,124.960000,124.980000,0
20111108 113700,124.970000,124.990000,124.970000,124.980000,0
20111108 113800,124.990000,124.990000,124.980000,124.980000,0
20111108 113900,124.990000,125.000000,124.980000,124.980000,0
20111108 114000,124.970000,124.970000,124.960000,124.970000,0
20111108 114100,124.980000,125.000000,124.980000,124.980000,0
20111108 114200,124.990000,125.000000,124.980000,124.990000,0
20111108 114300,124.980000,125.000000,124.970000,125.000000,0
20111108 114400,125.010000,125.010000,124.970000,124.980000,0
20111108 114500,124.970000,125.010000,124.970000,125.000000,0
20111108 114600,125.010000,125.010000,124.980000,124.990000,0
20111108 114700,125.000000,125.010000,124.990000,125.000000,0
20111108 114800,125.010000,125.010000,125.000000,125.000000,0
20111108 114900,124.990000,125.000000,124.990000,124.990000,0
20111108 115000,124.980000,125.000000,124.970000,124.980000,0
20111108 115100,124.970000,124.990000,124.970000,124.990000,0
20111108 115200,124.980000,124.990000,124.980000,124.980000,0
20111108 115300,124.990000,124.990000,124.970000,124.980000,0
20111108 115400,124.990000,124.990000,124.960000,124.980000,0
20111108 115500,124.970000,124.980000,124.970000,124.970000,0
20111108 115600,124.980000,124.980000,124.950000,124.970000,0
20111108 115700,124.960000,125.000000,124.960000,124.980000,0
20111108 115800,124.990000,125.020000,124.980000,125.010000,0
20111108 115900,125.020000,125.020000,125.010000,125.010000,0
20111108 120000,125.020000,125.030000,125.000000,125.020000,0
20111108 120100,125.010000,125.020000,125.000000,125.010000,0
20111108 120200,125.020000,125.030000,125.010000,125.020000,0
20111108 120300,125.010000,125.040000,125.010000,125.020000,0
20111108 120400,125.030000,125.040000,125.020000,125.030000,0
20111108 120500,125.020000,125.040000,125.020000,125.030000,0
20111108 120600,125.040000,125.050000,125.030000,125.050000,0
20111108 120700,125.060000,125.060000,125.040000,125.040000,0
20111108 120800,125.050000,125.070000,125.040000,125.040000,0
20111108 120900,125.050000,125.050000,125.040000,125.040000,0
20111108 121000,125.030000,125.050000,125.030000,125.030000,0
20111108 121100,125.020000,125.030000,125.000000,125.020000,0
20111108 121200,125.010000,125.020000,125.000000,125.000000,0
20111108 121300,125.010000,125.030000,125.000000,125.030000,0
20111108 121400,125.010000,125.020000,124.990000,125.000000,0
20111108 121500,124.990000,125.010000,124.970000,125.000000,0
20111108 121600,124.990000,125.020000,124.990000,125.020000,0
20111108 121700,125.030000,125.040000,124.990000,124.990000,0
20111108 121800,125.000000,125.040000,124.990000,125.030000,0
20111108 121900,125.040000,125.040000,125.030000,125.030000,0
20111108 122000,125.020000,125.040000,125.020000,125.040000,0
20111108 122100,125.030000,125.050000,125.020000,125.050000,0
20111108 122200,125.060000,125.060000,125.010000,125.030000,0
20111108 122300,125.020000,125.020000,124.990000,125.020000,0
20111108 122400,125.010000,125.020000,124.990000,125.000000,0
20111108 122500,125.010000,125.020000,125.010000,125.020000,0
20111108 122600,125.010000,125.020000,125.000000,125.010000,0
20111108 122700,125.000000,125.010000,124.990000,124.990000,0
20111108 122800,125.000000,125.010000,124.990000,125.000000,0
20111108 122900,125.010000,125.010000,125.000000,125.010000,0
20111108 123000,125.000000,125.010000,124.980000,124.990000,0
20111108 123100,124.980000,124.980000,124.980000,124.980000,0
20111108 123200,124.970000,124.980000,124.960000,124.970000,0
20111108 123300,124.980000,124.980000,124.970000,124.980000,0
20111108 123400,124.970000,124.990000,124.970000,124.970000,0
20111108 123500,124.980000,124.990000,124.960000,124.980000,0
20111108 123600,124.990000,124.990000,124.970000,124.990000,0
20111108 123700,124.980000,125.000000,124.980000,125.000000,0
20111108 123800,125.010000,125.020000,125.000000,125.010000,0
20111108 123900,125.020000,125.020000,125.010000,125.020000,0
20111108 124000,125.010000,125.040000,125.010000,125.030000,0
20111108 124100,125.020000,125.040000,125.020000,125.030000,0
20111108 124200,125.040000,125.040000,125.030000,125.040000,0
20111108 124300,125.030000,125.040000,125.030000,125.030000,0
20111108 124400,125.040000,125.040000,125.030000,125.030000,0
20111108 124500,125.040000,125.040000,125.040000,125.040000,0
20111108 124600,125.030000,125.060000,125.030000,125.050000,0
20111108 124700,125.040000,125.060000,125.040000,125.060000,0
20111108 124900,125.070000,125.070000,125.040000,125.060000,0
20111108 125000,125.050000,125.060000,125.050000,125.060000,0
20111108 125100,125.070000,125.070000,125.050000,125.070000,0
20111108 125200,125.080000,125.100000,125.070000,125.100000,0
20111108 125300,125.110000,125.140000,125.090000,125.120000,0
20111108 125400,125.130000,125.140000,125.120000,125.120000,0
20111108 125500,125.130000,125.130000,125.120000,125.120000,0
20111108 125600,125.110000,125.110000,125.110000,125.110000,0
20111108 125800,125.100000,125.110000,125.090000,125.100000,0
20111108 125900,125.090000,125.100000,125.080000,125.080000,0
20111108 130000,125.070000,125.110000,125.060000,125.100000,0
20111108 130100,125.090000,125.110000,125.090000,125.100000,0
20111108 130200,125.110000,125.110000,125.100000,125.100000,0
20111108 130300,125.110000,125.110000,125.090000,125.090000,0
20111108 130400,125.100000,125.100000,125.080000,125.080000,0
20111108 130500,125.090000,125.090000,125.080000,125.080000,0
20111108 130600,125.090000,125.090000,125.080000,125.080000,0
20111108 130700,125.070000,125.080000,125.060000,125.060000,0
20111108 130800,125.070000,125.070000,125.060000,125.060000,0
20111108 130900,125.050000,125.050000,125.040000,125.050000,0
20111108 131000,125.040000,125.050000,125.020000,125.030000,0
20111108 131100,125.040000,125.040000,125.020000,125.040000,0
20111108 131200,125.030000,125.050000,125.020000,125.050000,0
20111108 131300,125.040000,125.050000,125.030000,125.030000,0
20111108 131400,125.020000,125.040000,125.020000,125.040000,0
20111108 131500,125.030000,125.050000,125.030000,125.050000,0
20111108 131600,125.060000,125.070000,125.060000,125.070000,0
20111108 131700,125.080000,125.090000,125.070000,125.070000,0
20111108 131800,125.080000,125.080000,125.060000,125.070000,0
20111108 131900,125.080000,125.080000,125.070000,125.080000,0
20111108 132000,125.070000,125.080000,125.060000,125.070000,0
20111108 132100,125.060000,125.070000,125.060000,125.060000,0
20111108 132200,125.070000,125.070000,125.050000,125.070000,0
20111108 132300,125.060000,125.080000,125.060000,125.070000,0
20111108 132400,125.080000,125.100000,125.060000,125.100000,0
20111108 132500,125.110000,125.130000,125.100000,125.130000,0
20111108 132600,125.120000,125.130000,125.070000,125.070000,0
20111108 132700,125.080000,125.100000,125.070000,125.090000,0
20111108 132800,125.100000,125.100000,125.080000,125.080000,0
20111108 132900,125.060000,125.080000,125.050000,125.060000,0
20111108 133000,125.070000,125.090000,125.070000,125.080000,0
20111108 133100,125.090000,125.090000,125.070000,125.070000,0
20111108 133200,125.080000,125.090000,125.080000,125.080000,0
20111108 133300,125.090000,125.090000,125.060000,125.080000,0
20111108 133400,125.070000,125.080000,125.070000,125.080000,0
20111108 133500,125.090000,125.090000,125.050000,125.070000,0
20111108 133600,125.080000,125.080000,125.040000,125.050000,0
20111108 133700,125.060000,125.060000,125.040000,125.040000,0
20111108 133800,125.050000,125.050000,125.040000,125.050000,0
20111108 133900,125.060000,125.070000,125.050000,125.070000,0
20111108 134000,125.080000,125.090000,125.080000,125.090000,0
20111108 134100,125.080000,125.100000,125.080000,125.090000,0
20111108 134200,125.080000,125.100000,125.080000,125.100000,0
20111108 134300,125.090000,125.090000,125.090000,125.090000,0
20111108 134400,125.100000,125.110000,125.100000,125.100000,0
20111108 134500,125.090000,125.100000,125.080000,125.100000,0
20111108 134700,125.080000,125.100000,125.080000,125.090000,0
20111108 134800,125.100000,125.150000,125.100000,125.140000,0
20111108 134900,125.130000,125.140000,125.090000,125.090000,0
20111108 135000,125.100000,125.150000,125.100000,125.120000,0
20111108 135100,125.130000,125.160000,125.130000,125.150000,0
20111108 135200,125.160000,125.170000,125.150000,125.170000,0
20111108 135300,125.160000,125.180000,125.150000,125.180000,0
20111108 135400,125.190000,125.220000,125.180000,125.180000,0
20111108 135500,125.190000,125.240000,125.180000,125.240000,0
20111108 135600,125.250000,125.260000,125.220000,125.220000,0
20111108 135700,125.230000,125.250000,125.210000,125.230000,0
20111108 135800,125.220000,125.220000,125.180000,125.200000,0
20111108 135900,125.210000,125.210000,125.190000,125.190000,0
20111108 140000,125.200000,125.250000,125.190000,125.230000,0
20111108 140100,125.220000,125.230000,125.190000,125.190000,0
20111108 140200,125.200000,125.230000,125.190000,125.220000,0
20111108 140300,125.210000,125.230000,125.210000,125.230000,0
20111108 140400,125.240000,125.240000,125.220000,125.230000,0
20111108 140500,125.240000,125.240000,125.200000,125.200000,0
20111108 140600,125.210000,125.230000,125.200000,125.220000,0
20111108 140700,125.230000,125.230000,125.210000,125.210000,0
20111108 140800,125.200000,125.210000,125.190000,125.200000,0
20111108 140900,125.210000,125.220000,125.200000,125.220000,0
20111108 141000,125.210000,125.240000,125.210000,125.230000,0
20111108 141100,125.220000,125.260000,125.220000,125.230000,0
20111108 141200,125.240000,125.260000,125.230000,125.250000,0
20111108 141300,125.240000,125.270000,125.240000,125.260000,0
20111108 141400,125.270000,125.270000,125.250000,125.260000,0
20111108 141500,125.250000,125.290000,125.230000,125.250000,0
20111108 141600,125.240000,125.260000,125.230000,125.230000,0
20111108 141700,125.220000,125.240000,125.220000,125.240000,0
20111108 141800,125.230000,125.230000,125.210000,125.210000,0
20111108 141900,125.200000,125.210000,125.190000,125.190000,0
20111108 142000,125.180000,125.210000,125.180000,125.180000,0
20111108 142100,125.190000,125.210000,125.190000,125.200000,0
20111108 142200,125.190000,125.200000,125.140000,125.140000,0
20111108 142300,125.150000,125.180000,125.140000,125.160000,0
20111108 142400,125.170000,125.200000,125.160000,125.190000,0
20111108 142500,125.200000,125.200000,125.170000,125.180000,0
20111108 142600,125.170000,125.190000,125.160000,125.170000,0
20111108 142700,125.180000,125.180000,125.160000,125.180000,0
20111108 142800,125.170000,125.170000,125.150000,125.150000,0
20111108 142900,125.160000,125.210000,125.160000,125.210000,0
20111108 143000,125.200000,125.240000,125.190000,125.190000,0
20111108 143100,125.200000,125.210000,125.170000,125.200000,0
20111108 143200,125.190000,125.250000,125.190000,125.220000,0
20111108 143300,125.210000,125.230000,125.200000,125.210000,0
20111108 143400,125.220000,125.230000,125.220000,125.220000,0
20111108 143500,125.230000,125.230000,125.220000,125.220000,0
20111108 143600,125.230000,125.230000,125.210000,125.210000,0
20111108 143700,125.200000,125.230000,125.200000,125.220000,0
20111108 143800,125.230000,125.250000,125.220000,125.250000,0
20111108 143900,125.240000,125.250000,125.240000,125.240000,0
20111108 144000,125.250000,125.250000,125.220000,125.220000,0
20111108 144100,125.210000,125.260000,125.210000,125.240000,0
20111108 144200,125.230000,125.230000,125.220000,125.220000,0
20111108 144300,125.230000,125.250000,125.230000,125.240000,0
20111108 144400,125.250000,125.260000,125.210000,125.220000,0
20111108 144500,125.230000,125.230000,125.200000,125.200000,0
20111108 144600,125.210000,125.230000,125.200000,125.220000,0
20111108 144700,125.210000,125.230000,125.210000,125.230000,0
20111108 144800,125.240000,125.240000,125.220000,125.230000,0
20111108 144900,125.240000,125.240000,125.220000,125.220000,0
20111108 145000,125.230000,125.230000,125.200000,125.200000,0
20111108 145100,125.190000,125.200000,125.190000,125.200000,0
20111108 145200,125.210000,125.240000,125.210000,125.220000,0
20111108 145300,125.210000,125.220000,125.210000,125.210000,0
20111108 145400,125.200000,125.230000,125.190000,125.230000,0
20111108 145500,125.240000,125.240000,125.170000,125.180000,0
20111108 145600,125.170000,125.200000,125.170000,125.190000,0
20111108 145700,125.200000,125.200000,125.190000,125.190000,0
20111108 145800,125.180000,125.190000,125.180000,125.180000,0
20111108 145900,125.170000,125.210000,125.170000,125.210000,0
20111108 150000,125.200000,125.220000,125.200000,125.210000,0
20111108 150100,125.220000,125.220000,125.180000,125.180000,0
20111108 150200,125.190000,125.190000,125.190000,125.190000,0
20111108 150300,125.180000,125.180000,125.180000,125.180000,0
20111108 150400,125.190000,125.190000,125.180000,125.190000,0
20111108 150500,125.200000,125.200000,125.180000,125.190000,0
20111108 150600,125.200000,125.200000,125.130000,125.150000,0
20111108 150700,125.160000,125.160000,125.130000,125.140000,0
20111108 150800,125.130000,125.160000,125.130000,125.160000,0
20111108 150900,125.150000,125.160000,125.130000,125.130000,0
20111108 151000,125.140000,125.150000,125.130000,125.140000,0
20111108 151100,125.130000,125.160000,125.130000,125.150000,0
20111108 151200,125.160000,125.170000,125.140000,125.140000,0
20111108 151300,125.130000,125.140000,125.120000,125.130000,0
20111108 151400,125.140000,125.140000,125.120000,125.140000,0
20111108 151500,125.130000,125.150000,125.120000,125.140000,0
20111108 151600,125.150000,125.160000,125.130000,125.130000,0
20111108 151700,125.140000,125.140000,125.120000,125.130000,0
20111108 151800,125.120000,125.130000,125.120000,125.120000,0
20111108 152000,125.130000,125.140000,125.110000,125.120000,0
20111108 152100,125.110000,125.130000,125.110000,125.120000,0
20111108 152200,125.110000,125.120000,125.100000,125.110000,0
20111108 152300,125.100000,125.110000,125.090000,125.090000,0
20111108 152400,125.080000,125.090000,125.080000,125.090000,0
20111108 152500,125.080000,125.090000,125.080000,125.090000,0
20111108 152600,125.080000,125.080000,125.070000,125.070000,0
20111108 152700,125.060000,125.070000,125.060000,125.060000,0
20111108 152800,125.070000,125.070000,125.060000,125.070000,0
20111108 152900,125.060000,125.080000,125.060000,125.080000,0
20111108 153000,125.070000,125.090000,125.070000,125.080000,0
20111108 153100,125.090000,125.090000,125.050000,125.050000,0
20111108 153200,125.060000,125.080000,125.060000,125.070000,0
20111108 153300,125.060000,125.060000,125.040000,125.060000,0
20111108 153400,125.050000,125.060000,125.050000,125.060000,0
20111108 153500,125.050000,125.060000,125.050000,125.050000,0
20111108 153600,125.060000,125.060000,125.050000,125.050000,0
20111108 153700,125.040000,125.060000,125.030000,125.060000,0
20111108 153800,125.050000,125.060000,125.050000,125.050000,0
20111108 153900,125.060000,125.070000,125.050000,125.060000,0
20111108 154000,125.070000,125.080000,125.050000,125.060000,0
20111108 154100,125.050000,125.060000,125.040000,125.050000,0
20111108 154200,125.040000,125.050000,125.010000,125.020000,0
20111108 154300,125.010000,125.020000,124.970000,124.980000,0
20111108 154400,124.990000,125.020000,124.990000,125.020000,0
20111108 154500,125.010000,125.020000,125.000000,125.010000,0
20111108 154600,125.020000,125.040000,125.010000,125.040000,0
20111108 154700,125.030000,125.050000,125.020000,125.040000,0
20111108 154800,125.050000,125.070000,125.050000,125.060000,0
20111108 154900,125.050000,125.060000,125.040000,125.060000,0
20111108 155000,125.070000,125.070000,125.060000,125.060000,0
20111108 155100,125.070000,125.080000,125.050000,125.060000,0
20111108 155200,125.070000,125.080000,125.070000,125.070000,0
20111108 155300,125.060000,125.060000,125.040000,125.060000,0
20111108 155400,125.070000,125.090000,125.060000,125.070000,0
20111108 155500,125.080000,125.080000,125.070000,125.070000,0
20111108 155600,125.080000,125.090000,125.070000,125.090000,0
20111108 155700,125.100000,125.110000,125.070000,125.080000,0
20111108 155800,125.090000,125.090000,125.080000,125.090000,0
20111108 155900,125.080000,125.090000,125.080000,125.090000,0
20111108 160100,125.080000,125.080000,125.080000,125.080000,0
20111108 160200,125.090000,125.090000,125.080000,125.090000,0
20111108 160300,125.100000,125.100000,125.080000,125.090000,0
20111108 160400,125.080000,125.090000,125.080000,125.080000,0
20111108 160500,125.090000,125.100000,125.080000,125.080000,0
20111108 160600,125.090000,125.090000,125.080000,125.090000,0
20111108 160700,125.080000,125.090000,125.080000,125.090000,0
20111108 160900,125.100000,125.120000,125.100000,125.120000,0
20111108 161000,125.110000,125.110000,125.100000,125.110000,0
20111108 161100,125.100000,125.120000,125.100000,125.100000,0
20111108 161200,125.090000,125.090000,125.070000,125.080000,0
20111108 161300,125.070000,125.080000,125.070000,125.080000,0
20111108 161400,125.070000,125.080000,125.020000,125.020000,0
20111108 161500,125.030000,125.030000,125.010000,125.020000,0
20111108 161600,125.010000,125.020000,125.000000,125.010000,0
20111108 161800,125.020000,125.020000,124.990000,124.990000,0
20111108 161900,125.000000,125.030000,124.990000,125.030000,0
20111108 162000,125.020000,125.030000,125.020000,125.030000,0
20111108 162100,125.020000,125.020000,125.010000,125.010000,0
20111108 162200,125.020000,125.020000,125.010000,125.020000,0
20111108 162300,125.010000,125.020000,125.010000,125.010000,0
20111108 162400,125.020000,125.020000,125.010000,125.020000,0
20111108 162500,125.010000,125.010000,124.980000,124.990000,0
20111108 162600,125.000000,125.000000,124.990000,125.000000,0
20111108 162700,124.990000,124.990000,124.990000,124.990000,0
20111108 162800,125.000000,125.000000,125.000000,125.000000,0
20111108 162900,125.010000,125.010000,124.990000,124.990000,0
20111108 163000,125.000000,125.000000,124.990000,124.990000,0
20111108 163100,125.000000,125.000000,124.990000,125.000000,0
20111108 163200,125.020000,125.040000,125.020000,125.030000,0
20111108 163300,125.040000,125.040000,125.020000,125.020000,0
20111108 163400,125.030000,125.030000,125.030000,125.030000,0
20111108 163500,125.040000,125.040000,125.040000,125.040000,0
20111108 163600,125.030000,125.040000,125.020000,125.020000,0
20111108 163700,125.010000,125.030000,125.010000,125.030000,0
20111108 163800,125.020000,125.030000,124.980000,125.010000,0
20111108 163900,125.030000,125.040000,125.020000,125.030000,0
20111108 164000,125.040000,125.040000,125.040000,125.040000,0
20111108 164100,125.030000,125.040000,125.030000,125.040000,0
20111108 164200,125.030000,125.040000,125.020000,125.030000,0
20111108 164300,125.050000,125.050000,125.040000,125.050000,0
20111108 164400,125.060000,125.060000,125.050000,125.050000,0
20111108 164500,125.060000,125.060000,125.050000,125.050000,0
20111108 164600,125.060000,125.060000,125.050000,125.050000,0
20111108 164800,125.040000,125.050000,125.040000,125.040000,0
20111108 165000,125.050000,125.050000,125.040000,125.050000,0
20111108 165100,125.060000,125.060000,125.050000,125.050000,0
20111108 165200,125.060000,125.060000,125.040000,125.040000,0
20111108 165300,125.050000,125.050000,125.030000,125.040000,0
20111108 165400,125.050000,125.050000,125.050000,125.050000,0
20111108 165500,125.060000,125.070000,125.040000,125.050000,0
20111108 165700,125.030000,125.050000,125.020000,125.030000,0
20111108 165800,125.040000,125.040000,125.000000,125.020000,0
20111108 165900,125.030000,125.030000,125.020000,125.030000,0
20111108 170000,125.020000,125.090000,125.020000,125.060000,0
20111108 170100,125.070000,125.080000,125.060000,125.070000,0
20111108 170200,125.080000,125.130000,125.080000,125.090000,0
20111108 170300,125.140000,125.140000,125.100000,125.110000,0
20111108 170400,125.090000,125.110000,125.060000,125.110000,0
20111108 170500,125.090000,125.120000,125.090000,125.100000,0
20111108 170600,125.090000,125.100000,125.070000,125.090000,0
20111108 170700,125.080000,125.100000,125.080000,125.100000,0
20111108 170800,125.120000,125.120000,125.100000,125.110000,0
20111108 170900,125.090000,125.090000,125.080000,125.090000,0
20111108 171000,125.080000,125.090000,125.070000,125.090000,0
20111108 171100,125.080000,125.110000,125.080000,125.110000,0
20111108 171200,125.100000,125.110000,125.100000,125.100000,0
20111108 171400,125.090000,125.110000,125.080000,125.090000,0
20111108 171500,125.100000,125.100000,125.070000,125.080000,0
20111108 171600,125.070000,125.090000,125.070000,125.090000,0
20111108 171700,125.080000,125.090000,125.080000,125.080000,0
20111108 171800,125.070000,125.070000,125.060000,125.070000,0
20111108 172000,125.060000,125.070000,125.060000,125.060000,0
20111108 172100,125.070000,125.070000,125.070000,125.070000,0
20111108 172200,125.080000,125.080000,125.070000,125.070000,0
20111108 172300,125.080000,125.080000,125.070000,125.080000,0
20111108 172400,125.070000,125.080000,125.070000,125.080000,0
20111108 172500,125.070000,125.080000,125.070000,125.080000,0
20111108 172600,125.070000,125.070000,125.050000,125.060000,0
20111108 172700,125.050000,125.070000,125.040000,125.040000,0
20111108 172800,125.050000,125.050000,125.040000,125.050000,0
20111108 172900,125.060000,125.070000,125.060000,125.070000,0
20111108 173000,125.060000,125.060000,125.050000,125.050000,0
20111108 173100,125.060000,125.060000,125.060000,125.060000,0
20111108 173200,125.070000,125.080000,125.040000,125.060000,0
20111108 173300,125.050000,125.080000,125.030000,125.040000,0
20111108 173400,125.050000,125.050000,125.050000,125.050000,0
20111108 173500,125.060000,125.060000,125.060000,125.060000,0
20111108 173700,125.070000,125.070000,125.060000,125.060000,0
20111108 173900,125.070000,125.070000,125.070000,125.070000,0
20111108 174000,125.060000,125.070000,125.060000,125.060000,0
20111108 174100,125.070000,125.070000,125.070000,125.070000,0
20111108 174200,125.060000,125.070000,125.060000,125.070000,0
20111108 174300,125.060000,125.070000,125.060000,125.070000,0
20111108 174500,125.080000,125.080000,125.070000,125.070000,0
20111108 174600,125.080000,125.100000,125.080000,125.090000,0
20111108 174700,125.080000,125.090000,125.080000,125.080000,0
20111108 174800,125.070000,125.090000,125.070000,125.090000,0
20111108 174900,125.100000,125.100000,125.090000,125.090000,0
20111108 175000,125.100000,125.100000,125.080000,125.080000,0
20111108 175100,125.070000,125.090000,125.070000,125.090000,0
20111108 175200,125.080000,125.090000,125.070000,125.090000,0
20111108 175300,125.080000,125.090000,125.080000,125.090000,0
20111108 175400,125.080000,125.090000,125.070000,125.090000,0
20111108 175500,125.080000,125.080000,125.060000,125.080000,0
20111108 175600,125.090000,125.090000,125.040000,125.070000,0
20111108 175700,125.060000,125.060000,125.050000,125.060000,0
20111108 175800,125.050000,125.060000,125.050000,125.060000,0
20111108 175900,125.070000,125.070000,125.070000,125.070000,0
20111108 180000,125.060000,125.090000,125.060000,125.080000,0
20111108 180100,125.070000,125.080000,125.070000,125.080000,0
20111108 180200,125.070000,125.080000,125.070000,125.080000,0
20111108 180300,125.070000,125.080000,125.060000,125.070000,0
20111108 180500,125.080000,125.080000,125.040000,125.050000,0
20111108 180600,125.070000,125.070000,125.060000,125.060000,0
20111108 180700,125.070000,125.070000,125.060000,125.060000,0
20111108 180800,125.050000,125.060000,125.040000,125.050000,0
20111108 180900,125.060000,125.090000,125.060000,125.080000,0
20111108 181000,125.070000,125.090000,125.050000,125.070000,0
20111108 181100,125.080000,125.090000,125.070000,125.090000,0
20111108 181200,125.070000,125.090000,125.070000,125.080000,0
20111108 181300,125.070000,125.090000,125.070000,125.090000,0
20111108 181400,125.080000,125.120000,125.080000,125.110000,0
20111108 181500,125.100000,125.110000,125.080000,125.100000,0
20111108 181600,125.090000,125.090000,125.090000,125.090000,0
20111108 181700,125.100000,125.110000,125.090000,125.090000,0
20111108 181800,125.080000,125.080000,125.080000,125.080000,0
20111108 181900,125.090000,125.090000,125.070000,125.070000,0
20111108 182000,125.060000,125.090000,125.060000,125.090000,0
20111108 182100,125.080000,125.080000,125.080000,125.080000,0
20111108 182200,125.070000,125.080000,125.070000,125.080000,0
20111108 182300,125.070000,125.080000,125.070000,125.070000,0
20111108 182400,125.080000,125.080000,125.070000,125.070000,0
20111108 182500,125.080000,125.080000,125.070000,125.070000,0
20111108 182600,125.080000,125.080000,125.080000,125.080000,0
20111108 182700,125.070000,125.070000,125.070000,125.070000,0
20111108 182800,125.080000,125.080000,125.070000,125.070000,0
20111108 182900,125.080000,125.080000,125.070000,125.080000,0
20111108 183000,125.070000,125.090000,125.070000,125.090000,0
20111108 183100,125.100000,125.100000,125.090000,125.100000,0
20111108 183400,125.110000,125.110000,125.100000,125.100000,0
20111108 183600,125.090000,125.110000,125.080000,125.110000,0
20111108 183700,125.120000,125.120000,125.120000,125.120000,0
20111108 183800,125.130000,125.130000,125.130000,125.130000,0
20111108 183900,125.140000,125.140000,125.130000,125.130000,0
20111108 184000,125.120000,125.140000,125.120000,125.140000,0
20111108 184200,125.130000,125.150000,125.130000,125.140000,0
20111108 184400,125.130000,125.150000,125.130000,125.140000,0
20111108 184500,125.130000,125.140000,125.120000,125.130000,0
20111108 184600,125.120000,125.120000,125.100000,125.100000,0
20111108 184700,125.090000,125.100000,125.080000,125.080000,0
20111108 184800,125.090000,125.090000,125.080000,125.090000,0
20111108 184900,125.100000,125.100000,125.070000,125.070000,0
20111108 185000,125.080000,125.080000,125.040000,125.060000,0
20111108 185100,125.070000,125.080000,125.070000,125.080000,0
20111108 185200,125.070000,125.080000,125.060000,125.070000,0
20111108 185400,125.060000,125.080000,125.060000,125.070000,0
20111108 185500,125.060000,125.060000,125.060000,125.060000,0
20111108 185600,125.070000,125.070000,125.060000,125.060000,0
20111108 185700,125.050000,125.060000,125.050000,125.060000,0
20111108 185800,125.050000,125.050000,125.040000,125.050000,0
20111108 185900,125.040000,125.070000,125.030000,125.070000,0
20111108 190000,125.080000,125.140000,125.070000,125.130000,0
20111108 190100,125.120000,125.130000,125.100000,125.100000,0
20111108 190300,125.090000,125.100000,125.090000,125.100000,0
20111108 190400,125.110000,125.140000,125.110000,125.140000,0
20111108 190500,125.130000,125.130000,125.100000,125.110000,0
20111108 190600,125.120000,125.120000,125.110000,125.110000,0
20111108 190700,125.100000,125.120000,125.100000,125.120000,0
20111108 190800,125.110000,125.120000,125.110000,125.120000,0
20111108 190900,125.130000,125.130000,125.110000,125.130000,0
20111108 191000,125.140000,125.140000,125.110000,125.110000,0
20111108 191100,125.120000,125.130000,125.080000,125.090000,0
20111108 191200,125.100000,125.110000,125.080000,125.090000,0
20111108 191300,125.080000,125.110000,125.080000,125.110000,0
20111108 191400,125.100000,125.110000,125.070000,125.090000,0
20111108 191500,125.100000,125.110000,125.090000,125.090000,0
20111108 191600,125.080000,125.090000,125.040000,125.040000,0
20111108 191700,125.050000,125.050000,125.040000,125.050000,0
20111108 191800,125.040000,125.100000,125.040000,125.090000,0
20111108 191900,125.100000,125.100000,125.050000,125.060000,0
20111108 192000,125.050000,125.060000,125.040000,125.050000,0
20111108 192100,125.060000,125.060000,125.050000,125.060000,0
20111108 192200,125.070000,125.080000,125.060000,125.080000,0
20111108 192300,125.070000,125.080000,125.060000,125.080000,0
20111108 192400,125.070000,125.080000,125.060000,125.070000,0
20111108 192500,125.060000,125.090000,125.050000,125.070000,0
20111108 192600,125.060000,125.070000,125.040000,125.050000,0
20111108 192700,125.040000,125.050000,125.030000,125.050000,0
20111108 192800,125.060000,125.080000,125.040000,125.080000,0
20111108 192900,125.070000,125.070000,125.060000,125.070000,0
20111108 193000,125.060000,125.080000,125.060000,125.070000,0
20111108 193100,125.060000,125.070000,125.060000,125.070000,0
20111108 193200,125.080000,125.080000,125.070000,125.070000,0
20111108 193300,125.080000,125.100000,125.070000,125.090000,0
20111108 193400,125.100000,125.110000,125.090000,125.090000,0
20111108 193500,125.100000,125.100000,125.070000,125.070000,0
20111108 193600,125.080000,125.080000,125.060000,125.070000,0
20111108 193700,125.090000,125.110000,125.070000,125.080000,0
20111108 193800,125.090000,125.100000,125.080000,125.100000,0
20111108 193900,125.110000,125.120000,125.100000,125.110000,0
20111108 194000,125.100000,125.100000,125.080000,125.090000,0
20111108 194100,125.100000,125.100000,125.080000,125.100000,0
20111108 194200,125.090000,125.100000,125.090000,125.090000,0
20111108 194300,125.100000,125.110000,125.100000,125.110000,0
20111108 194400,125.100000,125.110000,125.090000,125.100000,0
20111108 194500,125.090000,125.100000,125.080000,125.080000,0
20111108 194600,125.090000,125.090000,125.090000,125.090000,0
20111108 194700,125.080000,125.080000,125.080000,125.080000,0
20111108 194800,125.070000,125.080000,125.070000,125.080000,0
20111108 194900,125.070000,125.080000,125.050000,125.060000,0
20111108 195000,125.070000,125.080000,125.060000,125.070000,0
20111108 195100,125.080000,125.080000,125.080000,125.080000,0
20111108 195200,125.070000,125.080000,125.070000,125.080000,0
20111108 195300,125.070000,125.080000,125.070000,125.080000,0
20111108 195400,125.070000,125.070000,125.070000,125.070000,0
20111108 195500,125.060000,125.080000,125.060000,125.080000,0
20111108 195600,125.070000,125.100000,125.070000,125.090000,0
20111108 195700,125.100000,125.100000,125.060000,125.060000,0
20111108 195800,125.050000,125.050000,125.030000,125.050000,0
20111108 195900,125.040000,125.050000,125.020000,125.030000,0
20111108 200000,125.040000,125.060000,125.040000,125.060000,0
20111108 200100,125.050000,125.070000,125.050000,125.070000,0
20111108 200200,125.060000,125.060000,125.060000,125.060000,0
20111108 200400,125.050000,125.120000,125.050000,125.110000,0
20111108 200500,125.120000,125.120000,125.110000,125.110000,0
20111108 200600,125.100000,125.120000,125.100000,125.120000,0
20111108 200700,125.110000,125.120000,125.090000,125.110000,0
20111108 200800,125.120000,125.120000,125.080000,125.090000,0
20111108 200900,125.080000,125.100000,125.070000,125.090000,0
20111108 201000,125.080000,125.100000,125.070000,125.090000,0
20111108 201100,125.080000,125.100000,125.080000,125.100000,0
20111108 201200,125.090000,125.100000,125.080000,125.100000,0
20111108 201300,125.090000,125.090000,125.080000,125.080000,0
20111108 201400,125.070000,125.080000,125.040000,125.060000,0
20111108 201500,125.070000,125.090000,125.050000,125.090000,0
20111108 201600,125.080000,125.100000,125.080000,125.080000,0
20111108 201700,125.070000,125.080000,125.060000,125.070000,0
20111108 201800,125.060000,125.080000,125.060000,125.070000,0
20111108 201900,125.080000,125.080000,125.070000,125.070000,0
20111108 202000,125.080000,125.080000,125.060000,125.070000,0
20111108 202100,125.060000,125.060000,125.050000,125.060000,0
20111108 202300,125.050000,125.070000,125.050000,125.070000,0
20111108 202400,125.060000,125.060000,125.050000,125.050000,0
20111108 202500,125.060000,125.070000,125.060000,125.060000,0
20111108 202600,125.070000,125.070000,125.040000,125.050000,0
20111108 202700,125.060000,125.100000,125.050000,125.060000,0
20111108 202800,125.070000,125.070000,125.040000,125.050000,0
20111108 202900,125.060000,125.060000,125.050000,125.050000,0
20111108 203000,125.060000,125.060000,125.000000,125.010000,0
20111108 203100,125.000000,125.000000,124.970000,124.990000,0
20111108 203200,125.000000,125.010000,124.990000,125.010000,0
20111108 203300,125.020000,125.030000,124.990000,124.990000,0
20111108 203400,124.980000,124.990000,124.950000,124.980000,0
20111108 203500,124.990000,124.990000,124.960000,124.980000,0
20111108 203600,124.970000,124.980000,124.960000,124.970000,0
20111108 203700,124.980000,125.000000,124.970000,124.970000,0
20111108 203800,124.980000,124.980000,124.950000,124.960000,0
20111108 203900,124.970000,124.970000,124.920000,124.930000,0
20111108 204000,124.940000,124.950000,124.930000,124.940000,0
20111108 204100,124.950000,124.950000,124.930000,124.940000,0
20111108 204200,124.930000,124.950000,124.930000,124.930000,0
20111108 204300,124.940000,124.970000,124.940000,124.960000,0
20111108 204400,124.950000,124.970000,124.950000,124.970000,0
20111108 204500,124.980000,124.990000,124.970000,124.990000,0
20111108 204600,125.000000,125.010000,124.970000,124.980000,0
20111108 204700,124.970000,124.970000,124.940000,124.940000,0
20111108 204800,124.930000,124.930000,124.920000,124.930000,0
20111108 204900,124.940000,124.940000,124.910000,124.920000,0
20111108 205000,124.930000,124.940000,124.920000,124.940000,0
20111108 205100,124.930000,124.930000,124.920000,124.930000,0
20111108 205200,124.920000,124.940000,124.920000,124.930000,0
20111108 205300,124.940000,124.960000,124.930000,124.940000,0
20111108 205400,124.930000,124.950000,124.930000,124.930000,0
20111108 205500,124.940000,124.950000,124.920000,124.940000,0
20111108 205600,124.950000,124.950000,124.940000,124.950000,0
20111108 205700,124.960000,124.960000,124.960000,124.960000,0
20111108 205800,124.970000,124.970000,124.940000,124.960000,0
20111108 205900,124.970000,124.970000,124.950000,124.950000,0
20111108 210000,124.960000,124.970000,124.960000,124.970000,0
20111108 210100,124.980000,124.980000,124.970000,124.970000,0
20111108 210300,124.960000,124.980000,124.960000,124.960000,0
20111108 210400,124.950000,124.960000,124.920000,124.930000,0
20111108 210500,124.940000,124.940000,124.920000,124.930000,0
20111108 210600,124.940000,124.940000,124.930000,124.930000,0
20111108 210800,124.940000,124.940000,124.930000,124.930000,0
20111108 210900,124.940000,124.940000,124.930000,124.930000,0
20111108 211000,124.940000,124.950000,124.940000,124.940000,0
20111108 211100,124.950000,124.950000,124.930000,124.930000,0
20111108 211200,124.940000,124.950000,124.940000,124.950000,0
20111108 211300,124.940000,124.950000,124.940000,124.950000,0
20111108 211400,124.960000,124.960000,124.950000,124.960000,0
20111108 211500,124.950000,124.950000,124.930000,124.940000,0
20111108 211600,124.950000,124.950000,124.930000,124.940000,0
20111108 211700,124.930000,124.950000,124.930000,124.950000,0
20111108 211800,124.960000,124.970000,124.950000,124.960000,0
20111108 211900,124.970000,124.980000,124.960000,124.970000,0
20111108 212000,124.980000,124.980000,124.960000,124.980000,0
20111108 212100,124.970000,124.980000,124.960000,124.970000,0
20111108 212200,124.960000,124.970000,124.950000,124.970000,0
20111108 212300,124.960000,124.980000,124.950000,124.970000,0
20111108 212400,124.960000,124.970000,124.950000,124.950000,0
20111108 212500,124.940000,124.950000,124.940000,124.950000,0
20111108 212600,124.940000,124.950000,124.930000,124.940000,0
20111108 212700,124.930000,124.950000,124.930000,124.940000,0
20111108 212800,124.950000,124.950000,124.940000,124.940000,0
20111108 212900,124.950000,124.960000,124.950000,124.950000,0
20111108 213000,124.960000,124.960000,124.950000,124.950000,0
20111108 213100,124.960000,124.960000,124.950000,124.960000,0
20111108 213200,124.950000,124.950000,124.940000,124.940000,0
20111108 213300,124.950000,124.960000,124.950000,124.960000,0
20111108 213400,124.950000,124.970000,124.950000,124.970000,0
20111108 213500,124.980000,124.980000,124.970000,124.980000,0
20111108 213600,124.970000,124.970000,124.940000,124.960000,0
20111108 213700,124.950000,124.950000,124.950000,124.950000,0
20111108 213800,124.940000,124.940000,124.940000,124.940000,0
20111108 213900,124.950000,124.950000,124.940000,124.940000,0
20111108 214000,124.950000,124.950000,124.940000,124.950000,0
20111108 214100,124.940000,124.950000,124.940000,124.950000,0
20111108 214300,124.960000,124.960000,124.950000,124.950000,0
20111108 214500,124.960000,124.960000,124.940000,124.940000,0
20111108 214600,124.930000,124.940000,124.930000,124.940000,0
20111108 214800,124.930000,124.960000,124.930000,124.950000,0
20111108 214900,124.940000,124.960000,124.930000,124.930000,0
20111108 215000,124.920000,124.930000,124.920000,124.920000,0
20111108 215100,124.930000,124.930000,124.920000,124.930000,0
20111108 215200,124.920000,124.930000,124.920000,124.930000,0
20111108 215400,124.920000,124.930000,124.920000,124.930000,0
20111108 215700,124.920000,124.930000,124.920000,124.920000,0
20111108 215800,124.910000,124.910000,124.910000,124.910000,0
20111108 215900,124.900000,124.900000,124.900000,124.900000,0
20111108 220000,124.890000,124.890000,124.880000,124.890000,0
20111108 220100,124.900000,124.900000,124.860000,124.860000,0
20111108 220200,124.850000,124.860000,124.840000,124.850000,0
20111108 220300,124.840000,124.850000,124.840000,124.840000,0
20111108 220400,124.830000,124.840000,124.820000,124.820000,0
20111108 220500,124.810000,124.820000,124.810000,124.820000,0
20111108 220600,124.830000,124.830000,124.820000,124.820000,0
20111108 220700,124.830000,124.830000,124.820000,124.830000,0
20111108 220800,124.840000,124.840000,124.830000,124.840000,0
20111108 220900,124.850000,124.850000,124.840000,124.850000,0
20111108 221000,124.860000,124.860000,124.850000,124.850000,0
20111108 221100,124.840000,124.850000,124.840000,124.850000,0
20111108 221200,124.840000,124.860000,124.840000,124.860000,0
20111108 221300,124.870000,124.870000,124.860000,124.870000,0
20111108 221400,124.860000,124.870000,124.850000,124.860000,0
20111108 221500,124.850000,124.870000,124.850000,124.860000,0
20111108 221600,124.870000,124.880000,124.860000,124.870000,0
20111108 221700,124.860000,124.870000,124.850000,124.870000,0
20111108 221800,124.860000,124.870000,124.850000,124.850000,0
20111108 221900,124.860000,124.860000,124.830000,124.850000,0
20111108 222000,124.840000,124.850000,124.840000,124.850000,0
20111108 222100,124.860000,124.870000,124.860000,124.870000,0
20111108 222200,124.860000,124.870000,124.860000,124.870000,0
20111108 222500,124.880000,124.890000,124.880000,124.880000,0
20111108 222600,124.870000,124.880000,124.870000,124.880000,0
20111108 223000,124.870000,124.880000,124.860000,124.870000,0
20111108 223100,124.880000,124.880000,124.870000,124.870000,0
20111108 223200,124.860000,124.860000,124.860000,124.860000,0
20111108 223300,124.850000,124.860000,124.850000,124.860000,0
20111108 223400,124.850000,124.850000,124.850000,124.850000,0
20111108 223500,124.860000,124.860000,124.840000,124.850000,0
20111108 223600,124.840000,124.850000,124.840000,124.840000,0
20111108 223700,124.850000,124.850000,124.840000,124.850000,0
20111108 223900,124.840000,124.860000,124.840000,124.860000,0
20111108 224000,124.850000,124.860000,124.850000,124.850000,0
20111108 224100,124.860000,124.860000,124.850000,124.850000,0
20111108 224200,124.860000,124.870000,124.850000,124.850000,0
20111108 224300,124.860000,124.860000,124.840000,124.840000,0
20111108 224400,124.850000,124.860000,124.840000,124.860000,0
20111108 224500,124.850000,124.880000,124.850000,124.880000,0
20111108 224600,124.870000,124.880000,124.870000,124.870000,0
20111108 224700,124.860000,124.870000,124.860000,124.870000,0
20111108 224800,124.880000,124.880000,124.880000,124.880000,0
20111108 224900,124.890000,124.900000,124.890000,124.890000,0
20111108 225000,124.900000,124.910000,124.880000,124.890000,0
20111108 225100,124.900000,124.900000,124.870000,124.880000,0
20111108 225200,124.890000,124.890000,124.880000,124.880000,0
20111108 225300,124.870000,124.880000,124.870000,124.880000,0
20111108 225400,124.870000,124.870000,124.860000,124.870000,0
20111108 225500,124.880000,124.890000,124.870000,124.880000,0
20111108 225600,124.870000,124.870000,124.860000,124.860000,0
20111108 225700,124.870000,124.880000,124.870000,124.870000,0
20111108 225800,124.860000,124.870000,124.860000,124.870000,0
20111108 225900,124.880000,124.890000,124.870000,124.880000,0
20111108 230000,124.870000,124.900000,124.870000,124.900000,0
20111108 230100,124.890000,124.890000,124.880000,124.890000,0
20111108 230200,124.880000,124.880000,124.870000,124.870000,0
20111108 230300,124.880000,124.890000,124.870000,124.890000,0
20111108 230400,124.880000,124.890000,124.880000,124.880000,0
20111108 230500,124.870000,124.870000,124.870000,124.870000,0
20111108 230600,124.880000,124.880000,124.870000,124.880000,0
20111108 230700,124.870000,124.880000,124.870000,124.880000,0
20111108 230900,124.870000,124.880000,124.870000,124.870000,0
20111108 231100,124.860000,124.870000,124.860000,124.870000,0
20111108 231200,124.880000,124.880000,124.870000,124.870000,0
20111108 231300,124.880000,124.910000,124.880000,124.910000,0
20111108 231400,124.920000,124.920000,124.900000,124.900000,0
20111108 231600,124.910000,124.910000,124.910000,124.910000,0
20111108 231700,124.900000,124.910000,124.900000,124.910000,0
20111108 231800,124.920000,124.920000,124.910000,124.920000,0
20111108 232000,124.910000,124.920000,124.910000,124.910000,0
20111108 232100,124.920000,124.920000,124.910000,124.910000,0
20111108 232200,124.920000,124.920000,124.920000,124.920000,0
20111108 232300,124.910000,124.910000,124.910000,124.910000,0
20111108 232400,124.900000,124.900000,124.900000,124.900000,0
20111108 232500,124.910000,124.920000,124.910000,124.910000,0
20111108 232600,124.920000,124.920000,124.920000,124.920000,0
20111108 232700,124.930000,124.950000,124.930000,124.940000,0
20111108 232800,124.950000,124.950000,124.930000,124.930000,0
20111108 232900,124.940000,124.940000,124.930000,124.940000,0
20111108 233000,124.930000,124.940000,124.900000,124.900000,0
20111108 233100,124.910000,124.910000,124.900000,124.900000,0
20111108 233200,124.890000,124.900000,124.880000,124.880000,0
20111108 233300,124.870000,124.880000,124.860000,124.860000,0
20111108 233400,124.850000,124.880000,124.850000,124.870000,0
20111108 233500,124.860000,124.870000,124.860000,124.860000,0
20111108 233600,124.870000,124.870000,124.860000,124.860000,0
20111108 233800,124.870000,124.870000,124.830000,124.840000,0
20111108 233900,124.850000,124.850000,124.820000,124.820000,0
20111108 234000,124.830000,124.830000,124.810000,124.810000,0
20111108 234100,124.820000,124.830000,124.810000,124.810000,0
20111108 234200,124.820000,124.820000,124.820000,124.820000,0
20111108 234300,124.830000,124.840000,124.830000,124.830000,0
20111108 234400,124.820000,124.830000,124.820000,124.820000,0
20111108 234500,124.810000,124.820000,124.810000,124.820000,0
20111108 234600,124.810000,124.810000,124.800000,124.810000,0
20111108 234700,124.820000,124.820000,124.770000,124.780000,0
20111108 234800,124.790000,124.810000,124.790000,124.790000,0
20111108 234900,124.800000,124.800000,124.760000,124.770000,0
20111108 235000,124.780000,124.780000,124.760000,124.770000,0
20111108 235100,124.780000,124.790000,124.770000,124.790000,0
20111108 235200,124.780000,124.790000,124.780000,124.790000,0
20111108 235300,124.780000,124.780000,124.770000,124.770000,0
20111108 235500,124.780000,124.780000,124.770000,124.780000,0
20111108 235600,124.770000,124.780000,124.770000,124.770000,0
20111108 235700,124.780000,124.790000,124.780000,124.780000,0
20111108 235800,124.770000,124.770000,124.770000,124.770000,0
20111108 235900,124.760000,124.770000,124.760000,124.760000,0
