20170614 000000,140.270000,140.281000,140.266000,140.272000,0
20170614 000100,140.275000,140.281000,140.269000,140.273000,0
20170614 000200,140.269000,140.273000,140.266000,140.272000,0
20170614 000300,140.269000,140.269000,140.257000,140.263000,0
20170614 000400,140.265000,140.273000,140.265000,140.273000,0
20170614 000500,140.276000,140.276000,140.273000,140.276000,0
20170614 000600,140.274000,140.280000,140.274000,140.280000,0
20170614 000700,140.276000,140.289000,140.276000,140.289000,0
20170614 000800,140.285000,140.288000,140.279000,140.279000,0
20170614 000900,140.276000,140.276000,140.276000,140.276000,0
20170614 001000,140.278000,140.293000,140.278000,140.286000,0
20170614 001100,140.288000,140.292000,140.288000,140.292000,0
20170614 001200,140.289000,140.304000,140.289000,140.299000,0
20170614 001300,140.301000,140.301000,140.287000,140.289000,0
20170614 001400,140.287000,140.290000,140.282000,140.288000,0
20170614 001500,140.288000,140.291000,140.278000,140.287000,0
20170614 001600,140.287000,140.287000,140.285000,140.287000,0
20170614 001700,140.287000,140.287000,140.280000,140.284000,0
20170614 001800,140.284000,140.284000,140.273000,140.278000,0
20170614 001900,140.278000,140.278000,140.265000,140.275000,0
20170614 002000,140.278000,140.280000,140.278000,140.280000,0
20170614 002100,140.282000,140.287000,140.282000,140.285000,0
20170614 002200,140.281000,140.281000,140.261000,140.261000,0
20170614 002300,140.263000,140.264000,140.254000,140.256000,0
20170614 002400,140.253000,140.258000,140.252000,140.252000,0
20170614 002500,140.252000,140.257000,140.251000,140.251000,0
20170614 002600,140.251000,140.260000,140.251000,140.260000,0
20170614 002700,140.256000,140.257000,140.249000,140.252000,0
20170614 002800,140.255000,140.258000,140.245000,140.245000,0
20170614 002900,140.248000,140.248000,140.241000,140.245000,0
20170614 003000,140.243000,140.249000,140.243000,140.246000,0
20170614 003100,140.249000,140.263000,140.249000,140.262000,0
20170614 003200,140.259000,140.261000,140.257000,140.261000,0
20170614 003400,140.258000,140.259000,140.253000,140.259000,0
20170614 003500,140.256000,140.256000,140.249000,140.249000,0
20170614 003600,140.245000,140.247000,140.245000,140.247000,0
20170614 003700,140.249000,140.249000,140.246000,140.248000,0
20170614 003800,140.245000,140.253000,140.245000,140.253000,0
20170614 003900,140.253000,140.253000,140.251000,140.251000,0
20170614 004000,140.253000,140.266000,140.253000,140.266000,0
20170614 004100,140.264000,140.269000,140.264000,140.267000,0
20170614 004200,140.269000,140.269000,140.269000,140.269000,0
20170614 004400,140.267000,140.273000,140.262000,140.273000,0
20170614 004500,140.269000,140.272000,140.262000,140.266000,0
20170614 004600,140.271000,140.282000,140.271000,140.278000,0
20170614 004700,140.274000,140.286000,140.270000,140.286000,0
20170614 004800,140.283000,140.287000,140.283000,140.287000,0
20170614 004900,140.289000,140.289000,140.286000,140.287000,0
20170614 005000,140.290000,140.298000,140.288000,140.288000,0
20170614 005100,140.288000,140.288000,140.284000,140.284000,0
20170614 005200,140.287000,140.293000,140.287000,140.293000,0
20170614 005300,140.290000,140.290000,140.288000,140.288000,0
20170614 005400,140.290000,140.347000,140.290000,140.332000,0
20170614 005500,140.332000,140.344000,140.327000,140.333000,0
20170614 005600,140.331000,140.331000,140.319000,140.321000,0
20170614 005700,140.323000,140.325000,140.320000,140.320000,0
20170614 005800,140.316000,140.336000,140.316000,140.328000,0
20170614 005900,140.329000,140.337000,140.322000,140.323000,0
20170614 010000,140.325000,140.337000,140.325000,140.334000,0
20170614 010100,140.330000,140.336000,140.318000,140.332000,0
20170614 010200,140.328000,140.340000,140.323000,140.340000,0
20170614 010300,140.343000,140.346000,140.342000,140.343000,0
20170614 010400,140.336000,140.338000,140.311000,140.321000,0
20170614 010500,140.321000,140.328000,140.319000,140.319000,0
20170614 010600,140.316000,140.316000,140.313000,140.313000,0
20170614 010700,140.317000,140.332000,140.317000,140.332000,0
20170614 010800,140.332000,140.332000,140.324000,140.327000,0
20170614 010900,140.328000,140.328000,140.286000,140.292000,0
20170614 011000,140.291000,140.298000,140.291000,140.297000,0
20170614 011100,140.293000,140.298000,140.288000,140.298000,0
20170614 011200,140.298000,140.306000,140.286000,140.305000,0
20170614 011300,140.300000,140.305000,140.286000,140.286000,0
20170614 011400,140.283000,140.283000,140.276000,140.283000,0
20170614 011500,140.284000,140.290000,140.283000,140.286000,0
20170614 011600,140.289000,140.298000,140.287000,140.290000,0
20170614 011700,140.286000,140.286000,140.227000,140.259000,0
20170614 011800,140.261000,140.286000,140.257000,140.281000,0
20170614 011900,140.284000,140.288000,140.275000,140.286000,0
20170614 012000,140.286000,140.289000,140.278000,140.285000,0
20170614 012100,140.285000,140.285000,140.282000,140.285000,0
20170614 012200,140.282000,140.322000,140.282000,140.289000,0
20170614 012300,140.292000,140.303000,140.287000,140.302000,0
20170614 012400,140.299000,140.318000,140.299000,140.313000,0
20170614 012500,140.316000,140.330000,140.316000,140.324000,0
20170614 012600,140.326000,140.330000,140.321000,140.323000,0
20170614 012700,140.320000,140.320000,140.316000,140.316000,0
20170614 012800,140.313000,140.313000,140.313000,140.313000,0
20170614 012900,140.311000,140.311000,140.302000,140.310000,0
20170614 013000,140.310000,140.313000,140.296000,140.296000,0
20170614 013100,140.294000,140.294000,140.278000,140.279000,0
20170614 013200,140.281000,140.285000,140.279000,140.279000,0
20170614 013300,140.276000,140.279000,140.276000,140.279000,0
20170614 013400,140.278000,140.287000,140.274000,140.283000,0
20170614 013500,140.285000,140.297000,140.254000,140.254000,0
20170614 013600,140.256000,140.257000,140.250000,140.250000,0
20170614 013700,140.252000,140.269000,140.250000,140.269000,0
20170614 013800,140.269000,140.285000,140.263000,140.285000,0
20170614 013900,140.287000,140.288000,140.275000,140.278000,0
20170614 014000,140.282000,140.296000,140.282000,140.293000,0
20170614 014100,140.295000,140.295000,140.287000,140.287000,0
20170614 014200,140.284000,140.289000,140.283000,140.283000,0
20170614 014300,140.283000,140.291000,140.278000,140.291000,0
20170614 014400,140.291000,140.292000,140.283000,140.292000,0
20170614 014500,140.292000,140.292000,140.287000,140.289000,0
20170614 014600,140.289000,140.289000,140.284000,140.284000,0
20170614 014700,140.286000,140.294000,140.283000,140.287000,0
20170614 014800,140.284000,140.294000,140.284000,140.293000,0
20170614 014900,140.289000,140.289000,140.261000,140.261000,0
20170614 015000,140.261000,140.262000,140.253000,140.253000,0
20170614 015100,140.255000,140.265000,140.255000,140.259000,0
20170614 015200,140.254000,140.277000,140.250000,140.275000,0
20170614 015300,140.277000,140.281000,140.273000,140.281000,0
20170614 015400,140.283000,140.286000,140.275000,140.275000,0
20170614 015500,140.272000,140.274000,140.263000,140.272000,0
20170614 015600,140.270000,140.279000,140.264000,140.275000,0
20170614 015700,140.272000,140.281000,140.266000,140.281000,0
20170614 015800,140.283000,140.283000,140.277000,140.279000,0
20170614 015900,140.276000,140.276000,140.245000,140.249000,0
20170614 020000,140.252000,140.266000,140.232000,140.258000,0
20170614 020100,140.258000,140.285000,140.258000,140.285000,0
20170614 020200,140.285000,140.303000,140.285000,140.298000,0
20170614 020300,140.298000,140.300000,140.281000,140.290000,0
20170614 020400,140.286000,140.289000,140.268000,140.271000,0
20170614 020500,140.274000,140.303000,140.271000,140.281000,0
20170614 020600,140.283000,140.299000,140.267000,140.281000,0
20170614 020700,140.281000,140.294000,140.281000,140.287000,0
20170614 020800,140.287000,140.288000,140.281000,140.287000,0
20170614 020900,140.290000,140.313000,140.290000,140.312000,0
20170614 021000,140.313000,140.318000,140.300000,140.300000,0
20170614 021100,140.288000,140.290000,140.270000,140.283000,0
20170614 021200,140.283000,140.309000,140.277000,140.308000,0
20170614 021300,140.308000,140.396000,140.308000,140.379000,0
20170614 021400,140.375000,140.518000,140.375000,140.480000,0
20170614 021500,140.477000,140.477000,140.430000,140.447000,0
20170614 021600,140.445000,140.477000,140.433000,140.477000,0
20170614 021700,140.477000,140.546000,140.477000,140.546000,0
20170614 021800,140.535000,140.730000,140.534000,140.624000,0
20170614 021900,140.628000,140.706000,140.628000,140.696000,0
20170614 022000,140.693000,140.698000,140.628000,140.628000,0
20170614 022100,140.629000,140.660000,140.625000,140.660000,0
20170614 022200,140.664000,140.672000,140.618000,140.640000,0
20170614 022300,140.637000,140.672000,140.628000,140.669000,0
20170614 022400,140.669000,140.673000,140.648000,140.658000,0
20170614 022500,140.655000,140.681000,140.653000,140.665000,0
20170614 022600,140.664000,140.766000,140.657000,140.755000,0
20170614 022700,140.754000,140.758000,140.726000,140.726000,0
20170614 022800,140.726000,140.743000,140.660000,140.675000,0
20170614 022900,140.672000,140.672000,140.652000,140.666000,0
20170614 023000,140.666000,140.677000,140.623000,140.671000,0
20170614 023100,140.673000,140.676000,140.651000,140.674000,0
20170614 023200,140.672000,140.680000,140.656000,140.680000,0
20170614 023300,140.685000,140.685000,140.644000,140.644000,0
20170614 023400,140.641000,140.646000,140.602000,140.622000,0
20170614 023500,140.623000,140.640000,140.615000,140.640000,0
20170614 023600,140.637000,140.659000,140.637000,140.659000,0
20170614 023700,140.657000,140.698000,140.657000,140.690000,0
20170614 023800,140.692000,140.714000,140.692000,140.707000,0
20170614 023900,140.705000,140.705000,140.670000,140.682000,0
20170614 024000,140.684000,140.711000,140.684000,140.695000,0
20170614 024100,140.697000,140.742000,140.697000,140.737000,0
20170614 024200,140.734000,140.752000,140.717000,140.746000,0
20170614 024300,140.748000,140.767000,140.745000,140.756000,0
20170614 024400,140.755000,140.789000,140.753000,140.778000,0
20170614 024500,140.778000,140.802000,140.756000,140.792000,0
20170614 024600,140.792000,140.794000,140.748000,140.759000,0
20170614 024700,140.762000,140.762000,140.717000,140.717000,0
20170614 024800,140.715000,140.723000,140.699000,140.718000,0
20170614 024900,140.715000,140.724000,140.709000,140.714000,0
20170614 025000,140.717000,140.729000,140.696000,140.719000,0
20170614 025100,140.721000,140.721000,140.679000,140.698000,0
20170614 025200,140.699000,140.735000,140.694000,140.720000,0
20170614 025300,140.724000,140.764000,140.724000,140.764000,0
20170614 025400,140.763000,140.767000,140.726000,140.732000,0
20170614 025500,140.732000,140.752000,140.718000,140.752000,0
20170614 025600,140.749000,140.776000,140.749000,140.764000,0
20170614 025700,140.760000,140.765000,140.740000,140.753000,0
20170614 025800,140.749000,140.753000,140.727000,140.727000,0
20170614 025900,140.729000,140.737000,140.715000,140.737000,0
20170614 030000,140.731000,140.731000,140.695000,140.703000,0
20170614 030100,140.705000,140.833000,140.705000,140.790000,0
20170614 030200,140.792000,140.830000,140.775000,140.786000,0
20170614 030300,140.793000,140.793000,140.721000,140.741000,0
20170614 030400,140.740000,140.744000,140.721000,140.744000,0
20170614 030500,140.749000,140.751000,140.726000,140.736000,0
20170614 030600,140.740000,140.741000,140.723000,140.723000,0
20170614 030700,140.719000,140.736000,140.714000,140.721000,0
20170614 030800,140.718000,140.719000,140.695000,140.699000,0
20170614 030900,140.703000,140.720000,140.701000,140.712000,0
20170614 031000,140.709000,140.736000,140.709000,140.722000,0
20170614 031100,140.719000,140.736000,140.711000,140.724000,0
20170614 031200,140.724000,140.736000,140.712000,140.734000,0
20170614 031300,140.737000,140.749000,140.722000,140.722000,0
20170614 031400,140.723000,140.733000,140.722000,140.731000,0
20170614 031500,140.733000,140.742000,140.713000,140.740000,0
20170614 031600,140.738000,140.738000,140.718000,140.719000,0
20170614 031700,140.724000,140.761000,140.724000,140.742000,0
20170614 031800,140.738000,140.747000,140.729000,140.734000,0
20170614 031900,140.732000,140.732000,140.701000,140.709000,0
20170614 032000,140.708000,140.717000,140.689000,140.694000,0
20170614 032100,140.695000,140.745000,140.695000,140.729000,0
20170614 032200,140.728000,140.738000,140.717000,140.727000,0
20170614 032300,140.726000,140.745000,140.726000,140.745000,0
20170614 032400,140.745000,140.766000,140.728000,140.766000,0
20170614 032500,140.769000,140.804000,140.758000,140.801000,0
20170614 032600,140.804000,140.821000,140.786000,140.794000,0
20170614 032700,140.792000,140.801000,140.762000,140.799000,0
20170614 032800,140.789000,140.822000,140.789000,140.796000,0
20170614 032900,140.793000,140.804000,140.726000,140.735000,0
20170614 033000,140.738000,140.765000,140.735000,140.759000,0
20170614 033100,140.761000,140.803000,140.761000,140.785000,0
20170614 033200,140.779000,140.808000,140.773000,140.802000,0
20170614 033300,140.804000,140.883000,140.804000,140.883000,0
20170614 033400,140.885000,140.897000,140.869000,140.896000,0
20170614 033500,140.893000,140.893000,140.858000,140.858000,0
20170614 033600,140.862000,140.862000,140.798000,140.804000,0
20170614 033700,140.803000,140.823000,140.790000,140.792000,0
20170614 033800,140.794000,140.821000,140.787000,140.821000,0
20170614 033900,140.824000,140.841000,140.807000,140.816000,0
20170614 034000,140.820000,140.895000,140.813000,140.889000,0
20170614 034100,140.887000,140.889000,140.835000,140.841000,0
20170614 034200,140.843000,140.868000,140.842000,140.868000,0
20170614 034300,140.870000,140.876000,140.847000,140.856000,0
20170614 034400,140.860000,140.869000,140.835000,140.838000,0
20170614 034500,140.834000,140.838000,140.811000,140.819000,0
20170614 034600,140.821000,140.862000,140.821000,140.854000,0
20170614 034700,140.853000,140.858000,140.817000,140.846000,0
20170614 034800,140.846000,140.846000,140.827000,140.832000,0
20170614 034900,140.830000,140.847000,140.824000,140.845000,0
20170614 035000,140.842000,140.845000,140.832000,140.833000,0
20170614 035100,140.833000,140.842000,140.823000,140.834000,0
20170614 035200,140.840000,140.867000,140.836000,140.863000,0
20170614 035300,140.861000,140.870000,140.835000,140.839000,0
20170614 035400,140.841000,140.856000,140.830000,140.856000,0
20170614 035500,140.857000,140.872000,140.857000,140.870000,0
20170614 035600,140.867000,140.877000,140.856000,140.873000,0
20170614 035700,140.876000,140.890000,140.862000,140.871000,0
20170614 035800,140.870000,140.873000,140.853000,140.858000,0
20170614 035900,140.859000,140.862000,140.822000,140.822000,0
20170614 040000,140.826000,140.826000,140.786000,140.795000,0
20170614 040100,140.795000,140.807000,140.773000,140.797000,0
20170614 040200,140.795000,140.807000,140.762000,140.762000,0
20170614 040300,140.763000,140.777000,140.759000,140.762000,0
20170614 040400,140.759000,140.776000,140.754000,140.768000,0
20170614 040500,140.770000,140.779000,140.760000,140.779000,0
20170614 040600,140.779000,140.785000,140.764000,140.764000,0
20170614 040700,140.764000,140.764000,140.730000,140.751000,0
20170614 040800,140.749000,140.772000,140.738000,140.738000,0
20170614 040900,140.738000,140.758000,140.697000,140.717000,0
20170614 041000,140.717000,140.731000,140.705000,140.729000,0
20170614 041100,140.733000,140.743000,140.724000,140.730000,0
20170614 041200,140.730000,140.761000,140.726000,140.759000,0
20170614 041300,140.761000,140.789000,140.754000,140.768000,0
20170614 041400,140.770000,140.775000,140.738000,140.754000,0
20170614 041500,140.752000,140.759000,140.736000,140.750000,0
20170614 041600,140.751000,140.822000,140.750000,140.818000,0
20170614 041700,140.820000,140.822000,140.791000,140.791000,0
20170614 041800,140.789000,140.800000,140.649000,140.669000,0
20170614 041900,140.667000,140.686000,140.647000,140.671000,0
20170614 042000,140.669000,140.673000,140.578000,140.603000,0
20170614 042100,140.605000,140.611000,140.576000,140.600000,0
20170614 042200,140.597000,140.635000,140.577000,140.624000,0
20170614 042300,140.624000,140.631000,140.583000,140.626000,0
20170614 042400,140.630000,140.634000,140.598000,140.612000,0
20170614 042500,140.622000,140.625000,140.585000,140.585000,0
20170614 042600,140.582000,140.620000,140.572000,140.618000,0
20170614 042700,140.620000,140.626000,140.587000,140.587000,0
20170614 042800,140.586000,140.607000,140.578000,140.597000,0
20170614 042900,140.598000,140.613000,140.517000,140.534000,0
20170614 043000,140.534000,140.639000,140.490000,140.573000,0
20170614 043100,140.575000,140.673000,140.570000,140.665000,0
20170614 043200,140.661000,140.759000,140.658000,140.723000,0
20170614 043300,140.722000,140.723000,140.676000,140.676000,0
20170614 043400,140.673000,140.673000,140.611000,140.634000,0
20170614 043500,140.629000,140.629000,140.569000,140.569000,0
20170614 043600,140.568000,140.568000,140.530000,140.534000,0
20170614 043700,140.532000,140.534000,140.435000,140.446000,0
20170614 043800,140.445000,140.542000,140.441000,140.542000,0
20170614 043900,140.540000,140.546000,140.499000,140.502000,0
20170614 044000,140.500000,140.550000,140.498000,140.547000,0
20170614 044100,140.543000,140.558000,140.500000,140.500000,0
20170614 044200,140.507000,140.573000,140.506000,140.570000,0
20170614 044300,140.580000,140.594000,140.548000,140.552000,0
20170614 044400,140.555000,140.648000,140.555000,140.633000,0
20170614 044500,140.635000,140.654000,140.624000,140.634000,0
20170614 044600,140.634000,140.638000,140.603000,140.606000,0
20170614 044700,140.606000,140.633000,140.601000,140.614000,0
20170614 044800,140.617000,140.629000,140.525000,140.550000,0
20170614 044900,140.541000,140.613000,140.538000,140.604000,0
20170614 045000,140.601000,140.611000,140.581000,140.581000,0
20170614 045100,140.581000,140.592000,140.574000,140.576000,0
20170614 045200,140.581000,140.581000,140.500000,140.538000,0
20170614 045300,140.539000,140.552000,140.471000,140.473000,0
20170614 045400,140.476000,140.476000,140.283000,140.330000,0
20170614 045500,140.332000,140.384000,140.319000,140.336000,0
20170614 045600,140.336000,140.372000,140.336000,140.342000,0
20170614 045700,140.338000,140.398000,140.334000,140.387000,0
20170614 045800,140.388000,140.423000,140.382000,140.399000,0
20170614 045900,140.396000,140.396000,140.371000,140.382000,0
20170614 050000,140.381000,140.386000,140.368000,140.381000,0
20170614 050100,140.379000,140.389000,140.360000,140.365000,0
20170614 050200,140.366000,140.376000,140.356000,140.356000,0
20170614 050300,140.358000,140.379000,140.331000,140.333000,0
20170614 050400,140.333000,140.356000,140.316000,140.327000,0
20170614 050500,140.327000,140.348000,140.300000,140.324000,0
20170614 050600,140.326000,140.333000,140.288000,140.315000,0
20170614 050700,140.313000,140.332000,140.301000,140.332000,0
20170614 050800,140.330000,140.354000,140.323000,140.343000,0
20170614 050900,140.343000,140.384000,140.343000,140.374000,0
20170614 051000,140.377000,140.382000,140.360000,140.364000,0
20170614 051100,140.366000,140.376000,140.358000,140.367000,0
20170614 051200,140.365000,140.432000,140.357000,140.418000,0
20170614 051300,140.414000,140.434000,140.411000,140.425000,0
20170614 051400,140.432000,140.438000,140.377000,140.433000,0
20170614 051500,140.420000,140.423000,140.292000,140.310000,0
20170614 051600,140.309000,140.351000,140.305000,140.326000,0
20170614 051700,140.318000,140.318000,140.200000,140.210000,0
20170614 051800,140.214000,140.244000,140.209000,140.233000,0
20170614 051900,140.236000,140.291000,140.232000,140.269000,0
20170614 052000,140.266000,140.269000,140.237000,140.250000,0
20170614 052100,140.254000,140.274000,140.228000,140.259000,0
20170614 052200,140.250000,140.313000,140.246000,140.309000,0
20170614 052300,140.305000,140.323000,140.284000,140.320000,0
20170614 052400,140.318000,140.370000,140.305000,140.363000,0
20170614 052500,140.365000,140.370000,140.345000,140.347000,0
20170614 052600,140.347000,140.389000,140.347000,140.378000,0
20170614 052700,140.375000,140.375000,140.357000,140.357000,0
20170614 052800,140.360000,140.365000,140.329000,140.329000,0
20170614 052900,140.326000,140.335000,140.313000,140.319000,0
20170614 053000,140.316000,140.327000,140.296000,140.307000,0
20170614 053100,140.311000,140.325000,140.307000,140.324000,0
20170614 053200,140.321000,140.346000,140.321000,140.344000,0
20170614 053300,140.344000,140.354000,140.329000,140.336000,0
20170614 053400,140.336000,140.353000,140.333000,140.343000,0
20170614 053500,140.346000,140.353000,140.329000,140.331000,0
20170614 053600,140.331000,140.353000,140.326000,140.351000,0
20170614 053700,140.351000,140.351000,140.330000,140.334000,0
20170614 053800,140.336000,140.353000,140.322000,140.353000,0
20170614 053900,140.353000,140.353000,140.325000,140.325000,0
20170614 054000,140.322000,140.363000,140.308000,140.360000,0
20170614 054100,140.369000,140.369000,140.335000,140.346000,0
20170614 054200,140.344000,140.368000,140.342000,140.365000,0
20170614 054300,140.362000,140.390000,140.361000,140.363000,0
20170614 054400,140.363000,140.369000,140.333000,140.359000,0
20170614 054500,140.356000,140.382000,140.341000,140.379000,0
20170614 054600,140.385000,140.389000,140.365000,140.369000,0
20170614 054700,140.369000,140.392000,140.363000,140.392000,0
20170614 054800,140.390000,140.415000,140.382000,140.411000,0
20170614 054900,140.409000,140.428000,140.393000,140.421000,0
20170614 055000,140.418000,140.424000,140.410000,140.422000,0
20170614 055100,140.422000,140.422000,140.398000,140.420000,0
20170614 055200,140.423000,140.475000,140.423000,140.448000,0
20170614 055300,140.451000,140.458000,140.439000,140.450000,0
20170614 055400,140.447000,140.476000,140.447000,140.453000,0
20170614 055500,140.454000,140.482000,140.451000,140.481000,0
20170614 055600,140.482000,140.484000,140.462000,140.462000,0
20170614 055700,140.462000,140.476000,140.459000,140.466000,0
20170614 055800,140.466000,140.470000,140.426000,140.450000,0
20170614 055900,140.449000,140.451000,140.437000,140.437000,0
20170614 060000,140.437000,140.437000,140.375000,140.382000,0
20170614 060100,140.379000,140.382000,140.371000,140.371000,0
20170614 060200,140.367000,140.378000,140.367000,140.374000,0
20170614 060300,140.372000,140.380000,140.351000,140.355000,0
20170614 060400,140.355000,140.371000,140.347000,140.364000,0
20170614 060500,140.360000,140.412000,140.357000,140.410000,0
20170614 060600,140.412000,140.469000,140.408000,140.461000,0
20170614 060700,140.460000,140.503000,140.454000,140.501000,0
20170614 060800,140.499000,140.503000,140.469000,140.475000,0
20170614 060900,140.464000,140.538000,140.464000,140.530000,0
20170614 061000,140.525000,140.539000,140.522000,140.523000,0
20170614 061100,140.520000,140.540000,140.515000,140.515000,0
20170614 061200,140.511000,140.511000,140.484000,140.489000,0
20170614 061300,140.486000,140.488000,140.463000,140.472000,0
20170614 061400,140.475000,140.490000,140.423000,140.439000,0
20170614 061500,140.437000,140.442000,140.412000,140.419000,0
20170614 061600,140.422000,140.426000,140.375000,140.378000,0
20170614 061700,140.377000,140.377000,140.335000,140.338000,0
20170614 061800,140.340000,140.357000,140.332000,140.346000,0
20170614 061900,140.342000,140.357000,140.340000,140.354000,0
20170614 062000,140.355000,140.385000,140.354000,140.383000,0
20170614 062100,140.385000,140.401000,140.383000,140.389000,0
20170614 062200,140.385000,140.407000,140.385000,140.403000,0
20170614 062300,140.401000,140.414000,140.394000,140.399000,0
20170614 062400,140.394000,140.415000,140.392000,140.406000,0
20170614 062500,140.406000,140.406000,140.392000,140.395000,0
20170614 062600,140.396000,140.416000,140.396000,140.414000,0
20170614 062700,140.419000,140.426000,140.416000,140.416000,0
20170614 062800,140.414000,140.430000,140.405000,140.412000,0
20170614 062900,140.406000,140.411000,140.366000,140.367000,0
20170614 063000,140.365000,140.367000,140.346000,140.360000,0
20170614 063100,140.358000,140.370000,140.352000,140.355000,0
20170614 063200,140.359000,140.359000,140.332000,140.338000,0
20170614 063300,140.342000,140.352000,140.341000,140.352000,0
20170614 063400,140.358000,140.361000,140.350000,140.355000,0
20170614 063500,140.359000,140.384000,140.357000,140.384000,0
20170614 063600,140.383000,140.394000,140.370000,140.371000,0
20170614 063700,140.372000,140.409000,140.367000,140.406000,0
20170614 063800,140.406000,140.406000,140.383000,140.383000,0
20170614 063900,140.383000,140.383000,140.354000,140.364000,0
20170614 064000,140.361000,140.362000,140.313000,140.324000,0
20170614 064100,140.324000,140.335000,140.324000,140.334000,0
20170614 064200,140.337000,140.356000,140.337000,140.347000,0
20170614 064300,140.347000,140.352000,140.316000,140.327000,0
20170614 064400,140.324000,140.324000,140.309000,140.309000,0
20170614 064500,140.305000,140.305000,140.275000,140.275000,0
20170614 064600,140.273000,140.273000,140.236000,140.237000,0
20170614 064700,140.235000,140.269000,140.235000,140.261000,0
20170614 064800,140.265000,140.296000,140.255000,140.262000,0
20170614 064900,140.260000,140.304000,140.260000,140.299000,0
20170614 065000,140.301000,140.301000,140.286000,140.296000,0
20170614 065100,140.294000,140.332000,140.288000,140.288000,0
20170614 065200,140.287000,140.295000,140.283000,140.285000,0
20170614 065300,140.287000,140.311000,140.287000,140.301000,0
20170614 065400,140.305000,140.305000,140.286000,140.286000,0
20170614 065500,140.290000,140.290000,140.269000,140.287000,0
20170614 065600,140.284000,140.298000,140.268000,140.294000,0
20170614 065700,140.294000,140.309000,140.258000,140.261000,0
20170614 065800,140.265000,140.309000,140.265000,140.302000,0
20170614 065900,140.302000,140.342000,140.302000,140.323000,0
20170614 070000,140.326000,140.341000,140.322000,140.338000,0
20170614 070100,140.344000,140.373000,140.341000,140.362000,0
20170614 070200,140.359000,140.364000,140.344000,140.359000,0
20170614 070300,140.356000,140.363000,140.336000,140.363000,0
20170614 070400,140.366000,140.400000,140.366000,140.400000,0
20170614 070500,140.398000,140.403000,140.344000,140.356000,0
20170614 070600,140.354000,140.400000,140.352000,140.399000,0
20170614 070700,140.397000,140.397000,140.358000,140.371000,0
20170614 070800,140.371000,140.418000,140.369000,140.413000,0
20170614 070900,140.411000,140.412000,140.377000,140.391000,0
20170614 071000,140.391000,140.408000,140.373000,140.401000,0
20170614 071100,140.403000,140.442000,140.395000,140.419000,0
20170614 071200,140.407000,140.412000,140.383000,140.393000,0
20170614 071300,140.390000,140.406000,140.380000,140.406000,0
20170614 071400,140.409000,140.438000,140.404000,140.412000,0
20170614 071500,140.395000,140.405000,140.376000,140.401000,0
20170614 071600,140.400000,140.421000,140.395000,140.416000,0
20170614 071700,140.418000,140.435000,140.408000,140.420000,0
20170614 071800,140.416000,140.461000,140.413000,140.461000,0
20170614 071900,140.461000,140.488000,140.459000,140.484000,0
20170614 072000,140.484000,140.506000,140.475000,140.476000,0
20170614 072100,140.475000,140.480000,140.459000,140.459000,0
20170614 072200,140.458000,140.473000,140.454000,140.470000,0
20170614 072300,140.472000,140.511000,140.472000,140.510000,0
20170614 072400,140.507000,140.507000,140.494000,140.501000,0
20170614 072500,140.502000,140.534000,140.494000,140.527000,0
20170614 072600,140.526000,140.564000,140.526000,140.550000,0
20170614 072700,140.550000,140.572000,140.550000,140.560000,0
20170614 072800,140.562000,140.574000,140.548000,140.550000,0
20170614 072900,140.553000,140.559000,140.545000,140.550000,0
20170614 073000,140.553000,140.560000,140.540000,140.553000,0
20170614 073100,140.553000,140.557000,140.543000,140.543000,0
20170614 073200,140.543000,140.546000,140.535000,140.540000,0
20170614 073300,140.541000,140.550000,140.538000,140.544000,0
20170614 073400,140.544000,140.544000,140.477000,140.489000,0
20170614 073500,140.487000,140.494000,140.464000,140.464000,0
20170614 073600,140.466000,140.468000,140.441000,140.449000,0
20170614 073700,140.447000,140.453000,140.431000,140.444000,0
20170614 073800,140.444000,140.466000,140.440000,140.465000,0
20170614 073900,140.461000,140.484000,140.454000,140.484000,0
20170614 074000,140.482000,140.496000,140.474000,140.496000,0
20170614 074100,140.494000,140.499000,140.464000,140.467000,0
20170614 074200,140.468000,140.503000,140.468000,140.491000,0
20170614 074300,140.490000,140.490000,140.447000,140.457000,0
20170614 074400,140.455000,140.456000,140.445000,140.445000,0
20170614 074500,140.443000,140.464000,140.428000,140.445000,0
20170614 074600,140.443000,140.461000,140.419000,140.434000,0
20170614 074700,140.432000,140.434000,140.420000,140.431000,0
20170614 074800,140.434000,140.460000,140.434000,140.452000,0
20170614 074900,140.454000,140.475000,140.422000,140.432000,0
20170614 075000,140.436000,140.458000,140.394000,140.394000,0
20170614 075100,140.396000,140.398000,140.370000,140.374000,0
20170614 075200,140.376000,140.392000,140.374000,140.389000,0
20170614 075300,140.388000,140.388000,140.331000,140.333000,0
20170614 075400,140.335000,140.358000,140.335000,140.353000,0
20170614 075500,140.354000,140.390000,140.353000,140.386000,0
20170614 075600,140.386000,140.394000,140.366000,140.369000,0
20170614 075700,140.369000,140.374000,140.358000,140.370000,0
20170614 075800,140.370000,140.382000,140.359000,140.365000,0
20170614 075900,140.367000,140.387000,140.358000,140.387000,0
20170614 080000,140.388000,140.415000,140.387000,140.414000,0
20170614 080100,140.416000,140.447000,140.409000,140.436000,0
20170614 080200,140.436000,140.443000,140.409000,140.416000,0
20170614 080300,140.418000,140.446000,140.411000,140.438000,0
20170614 080400,140.440000,140.483000,140.440000,140.478000,0
20170614 080500,140.471000,140.496000,140.455000,140.492000,0
20170614 080600,140.492000,140.492000,140.477000,140.482000,0
20170614 080700,140.482000,140.482000,140.474000,140.474000,0
20170614 080800,140.477000,140.483000,140.467000,140.467000,0
20170614 080900,140.467000,140.468000,140.454000,140.454000,0
20170614 081000,140.454000,140.466000,140.451000,140.464000,0
20170614 081100,140.461000,140.484000,140.461000,140.484000,0
20170614 081200,140.487000,140.491000,140.468000,140.468000,0
20170614 081300,140.471000,140.476000,140.466000,140.471000,0
20170614 081400,140.474000,140.498000,140.468000,140.491000,0
20170614 081500,140.493000,140.493000,140.473000,140.479000,0
20170614 081600,140.479000,140.497000,140.476000,140.487000,0
20170614 081700,140.487000,140.491000,140.477000,140.477000,0
20170614 081800,140.473000,140.473000,140.433000,140.433000,0
20170614 081900,140.433000,140.466000,140.433000,140.459000,0
20170614 082000,140.459000,140.466000,140.435000,140.450000,0
20170614 082100,140.453000,140.469000,140.445000,140.469000,0
20170614 082200,140.466000,140.467000,140.452000,140.452000,0
20170614 082300,140.455000,140.467000,140.455000,140.467000,0
20170614 082400,140.467000,140.485000,140.467000,140.472000,0
20170614 082500,140.469000,140.490000,140.466000,140.482000,0
20170614 082600,140.482000,140.486000,140.473000,140.475000,0
20170614 082700,140.471000,140.475000,140.466000,140.471000,0
20170614 082800,140.471000,140.519000,140.471000,140.505000,0
20170614 082900,140.507000,140.507000,140.438000,140.448000,0
20170614 083000,140.447000,140.447000,140.000000,140.186000,0
20170614 083100,140.186000,140.188000,140.063000,140.075000,0
20170614 083200,140.071000,140.143000,140.069000,140.073000,0
20170614 083300,140.063000,140.137000,140.036000,140.053000,0
20170614 083400,140.051000,140.086000,139.996000,140.020000,0
20170614 083500,140.025000,140.119000,140.025000,140.073000,0
20170614 083600,140.073000,140.076000,140.017000,140.025000,0
20170614 083700,140.023000,140.034000,139.962000,140.007000,0
20170614 083800,140.013000,140.075000,140.013000,140.071000,0
20170614 083900,140.071000,140.117000,139.965000,140.004000,0
20170614 084000,140.007000,140.044000,139.979000,139.984000,0
20170614 084100,139.983000,140.010000,139.941000,140.001000,0
20170614 084200,139.998000,140.019000,139.958000,139.990000,0
20170614 084300,139.996000,140.028000,139.960000,140.012000,0
20170614 084400,140.012000,140.027000,139.978000,140.010000,0
20170614 084500,140.006000,140.017000,139.963000,139.963000,0
20170614 084600,139.966000,139.985000,139.934000,139.971000,0
20170614 084700,139.974000,140.057000,139.969000,140.038000,0
20170614 084800,140.034000,140.034000,139.919000,139.943000,0
20170614 084900,139.945000,139.980000,139.912000,139.970000,0
20170614 085000,139.966000,139.966000,139.906000,139.929000,0
20170614 085100,139.932000,139.941000,139.858000,139.871000,0
20170614 085200,139.874000,139.910000,139.872000,139.884000,0
20170614 085300,139.884000,139.907000,139.854000,139.896000,0
20170614 085400,139.893000,139.896000,139.843000,139.869000,0
20170614 085500,139.868000,139.894000,139.833000,139.894000,0
20170614 085600,139.891000,139.918000,139.857000,139.910000,0
20170614 085700,139.909000,139.949000,139.897000,139.935000,0
20170614 085800,139.940000,139.946000,139.883000,139.883000,0
20170614 085900,139.880000,139.894000,139.840000,139.887000,0
20170614 090000,139.890000,139.921000,139.870000,139.874000,0
20170614 090100,139.877000,140.024000,139.874000,139.896000,0
20170614 090200,139.893000,139.938000,139.868000,139.938000,0
20170614 090300,139.941000,140.000000,139.927000,139.982000,0
20170614 090400,139.980000,139.995000,139.933000,139.957000,0
20170614 090500,139.954000,139.967000,139.907000,139.944000,0
20170614 090600,139.944000,140.004000,139.926000,139.926000,0
20170614 090700,139.929000,139.932000,139.846000,139.878000,0
20170614 090800,139.875000,139.884000,139.842000,139.874000,0
20170614 090900,139.876000,139.926000,139.876000,139.912000,0
20170614 091000,139.906000,139.921000,139.894000,139.902000,0
20170614 091100,139.902000,139.947000,139.890000,139.926000,0
20170614 091200,139.929000,139.944000,139.906000,139.929000,0
20170614 091300,139.932000,139.992000,139.932000,139.982000,0
20170614 091400,139.978000,139.999000,139.915000,139.926000,0
20170614 091500,139.929000,139.930000,139.890000,139.900000,0
20170614 091600,139.897000,139.933000,139.883000,139.926000,0
20170614 091700,139.925000,139.953000,139.919000,139.929000,0
20170614 091800,139.932000,139.951000,139.922000,139.941000,0
20170614 091900,139.944000,139.962000,139.903000,139.903000,0
20170614 092000,139.903000,139.918000,139.867000,139.891000,0
20170614 092100,139.892000,139.933000,139.874000,139.930000,0
20170614 092200,139.931000,139.966000,139.928000,139.964000,0
20170614 092300,139.967000,139.997000,139.963000,139.985000,0
20170614 092400,139.981000,139.981000,139.920000,139.921000,0
20170614 092500,139.919000,139.948000,139.905000,139.948000,0
20170614 092600,139.947000,139.965000,139.914000,139.946000,0
20170614 092700,139.948000,139.980000,139.910000,139.921000,0
20170614 092800,139.926000,139.962000,139.926000,139.950000,0
20170614 092900,139.948000,139.949000,139.856000,139.856000,0
20170614 093000,139.860000,139.883000,139.838000,139.875000,0
20170614 093100,139.879000,139.904000,139.866000,139.866000,0
20170614 093200,139.866000,139.946000,139.863000,139.943000,0
20170614 093300,139.943000,139.966000,139.929000,139.942000,0
20170614 093400,139.939000,139.973000,139.935000,139.958000,0
20170614 093500,139.955000,139.967000,139.940000,139.949000,0
20170614 093600,139.947000,139.976000,139.914000,139.918000,0
20170614 093700,139.919000,139.919000,139.836000,139.837000,0
20170614 093800,139.839000,139.845000,139.759000,139.767000,0
20170614 093900,139.765000,139.797000,139.759000,139.780000,0
20170614 094000,139.780000,139.784000,139.726000,139.726000,0
20170614 094100,139.722000,139.748000,139.688000,139.738000,0
20170614 094200,139.741000,139.753000,139.698000,139.710000,0
20170614 094300,139.707000,139.711000,139.593000,139.599000,0
20170614 094400,139.595000,139.701000,139.594000,139.651000,0
20170614 094500,139.656000,139.663000,139.605000,139.614000,0
20170614 094600,139.612000,139.703000,139.612000,139.683000,0
20170614 094700,139.681000,139.681000,139.656000,139.667000,0
20170614 094800,139.667000,139.722000,139.667000,139.696000,0
20170614 094900,139.694000,139.723000,139.680000,139.702000,0
20170614 095000,139.699000,139.714000,139.679000,139.709000,0
20170614 095100,139.710000,139.718000,139.664000,139.684000,0
20170614 095200,139.684000,139.724000,139.684000,139.695000,0
20170614 095300,139.697000,139.743000,139.692000,139.736000,0
20170614 095400,139.733000,139.789000,139.730000,139.749000,0
20170614 095500,139.749000,139.799000,139.749000,139.785000,0
20170614 095600,139.785000,139.785000,139.734000,139.737000,0
20170614 095700,139.737000,139.745000,139.705000,139.705000,0
20170614 095800,139.705000,139.707000,139.668000,139.668000,0
20170614 095900,139.666000,139.696000,139.664000,139.674000,0
20170614 100000,139.677000,139.677000,139.621000,139.654000,0
20170614 100100,139.656000,139.662000,139.613000,139.654000,0
20170614 100200,139.658000,139.664000,139.627000,139.646000,0
20170614 100300,139.649000,139.649000,139.579000,139.620000,0
20170614 100400,139.618000,139.653000,139.618000,139.639000,0
20170614 100500,139.639000,139.639000,139.603000,139.615000,0
20170614 100600,139.617000,139.634000,139.610000,139.623000,0
20170614 100700,139.623000,139.674000,139.623000,139.672000,0
20170614 100800,139.670000,139.671000,139.613000,139.655000,0
20170614 100900,139.660000,139.666000,139.604000,139.642000,0
20170614 101000,139.647000,139.663000,139.503000,139.558000,0
20170614 101100,139.567000,139.596000,139.535000,139.554000,0
20170614 101200,139.554000,139.592000,139.526000,139.543000,0
20170614 101300,139.541000,139.558000,139.517000,139.517000,0
20170614 101400,139.519000,139.541000,139.486000,139.486000,0
20170614 101500,139.490000,139.490000,139.401000,139.425000,0
20170614 101600,139.425000,139.452000,139.405000,139.424000,0
20170614 101700,139.422000,139.462000,139.412000,139.444000,0
20170614 101800,139.447000,139.450000,139.415000,139.428000,0
20170614 101900,139.431000,139.431000,139.356000,139.387000,0
20170614 102000,139.387000,139.395000,139.332000,139.369000,0
20170614 102100,139.369000,139.389000,139.345000,139.389000,0
20170614 102200,139.386000,139.415000,139.349000,139.412000,0
20170614 102300,139.414000,139.423000,139.393000,139.396000,0
20170614 102400,139.396000,139.396000,139.358000,139.359000,0
20170614 102500,139.359000,139.395000,139.354000,139.358000,0
20170614 102600,139.358000,139.370000,139.341000,139.346000,0
20170614 102700,139.346000,139.364000,139.317000,139.338000,0
20170614 102800,139.341000,139.354000,139.329000,139.345000,0
20170614 102900,139.345000,139.393000,139.331000,139.331000,0
20170614 103000,139.334000,139.359000,139.299000,139.323000,0
20170614 103100,139.322000,139.345000,139.284000,139.298000,0
20170614 103200,139.301000,139.333000,139.257000,139.265000,0
20170614 103300,139.263000,139.329000,139.258000,139.322000,0
20170614 103400,139.325000,139.367000,139.318000,139.367000,0
20170614 103500,139.364000,139.372000,139.292000,139.292000,0
20170614 103600,139.294000,139.349000,139.294000,139.326000,0
20170614 103700,139.323000,139.348000,139.314000,139.338000,0
20170614 103800,139.338000,139.356000,139.327000,139.350000,0
20170614 103900,139.348000,139.360000,139.327000,139.343000,0
20170614 104000,139.345000,139.364000,139.315000,139.320000,0
20170614 104100,139.318000,139.342000,139.283000,139.286000,0
20170614 104200,139.289000,139.292000,139.247000,139.291000,0
20170614 104300,139.293000,139.293000,139.263000,139.280000,0
20170614 104400,139.274000,139.313000,139.274000,139.299000,0
20170614 104500,139.303000,139.310000,139.213000,139.246000,0
20170614 104600,139.248000,139.248000,139.180000,139.197000,0
20170614 104700,139.197000,139.200000,139.107000,139.149000,0
20170614 104800,139.152000,139.172000,139.108000,139.153000,0
20170614 104900,139.156000,139.211000,139.156000,139.201000,0
20170614 105000,139.200000,139.208000,139.143000,139.195000,0
20170614 105100,139.193000,139.215000,139.189000,139.209000,0
20170614 105200,139.209000,139.233000,139.204000,139.205000,0
20170614 105300,139.202000,139.209000,139.153000,139.194000,0
20170614 105400,139.197000,139.260000,139.197000,139.253000,0
20170614 105500,139.251000,139.267000,139.204000,139.229000,0
20170614 105600,139.218000,139.269000,139.200000,139.252000,0
20170614 105700,139.249000,139.320000,139.190000,139.302000,0
20170614 105800,139.299000,139.330000,139.274000,139.328000,0
20170614 105900,139.332000,139.363000,139.312000,139.326000,0
20170614 110000,139.317000,139.361000,139.299000,139.335000,0
20170614 110100,139.335000,139.393000,139.326000,139.393000,0
20170614 110200,139.395000,139.398000,139.310000,139.358000,0
20170614 110300,139.358000,139.389000,139.345000,139.381000,0
20170614 110400,139.377000,139.401000,139.362000,139.387000,0
20170614 110500,139.391000,139.428000,139.387000,139.416000,0
20170614 110600,139.416000,139.436000,139.403000,139.425000,0
20170614 110700,139.428000,139.451000,139.411000,139.422000,0
20170614 110800,139.419000,139.458000,139.416000,139.450000,0
20170614 110900,139.450000,139.492000,139.444000,139.470000,0
20170614 111000,139.470000,139.477000,139.461000,139.473000,0
20170614 111100,139.473000,139.477000,139.464000,139.467000,0
20170614 111200,139.461000,139.488000,139.461000,139.485000,0
20170614 111300,139.483000,139.483000,139.455000,139.470000,0
20170614 111400,139.469000,139.469000,139.411000,139.411000,0
20170614 111500,139.414000,139.440000,139.404000,139.429000,0
20170614 111600,139.429000,139.435000,139.395000,139.398000,0
20170614 111700,139.402000,139.456000,139.398000,139.437000,0
20170614 111800,139.440000,139.580000,139.431000,139.560000,0
20170614 111900,139.562000,139.570000,139.544000,139.560000,0
20170614 112000,139.556000,139.573000,139.536000,139.558000,0
20170614 112100,139.556000,139.556000,139.530000,139.532000,0
20170614 112200,139.532000,139.532000,139.511000,139.511000,0
20170614 112300,139.509000,139.514000,139.487000,139.500000,0
20170614 112400,139.507000,139.508000,139.441000,139.445000,0
20170614 112500,139.443000,139.478000,139.436000,139.474000,0
20170614 112600,139.479000,139.534000,139.468000,139.524000,0
20170614 112700,139.523000,139.525000,139.506000,139.516000,0
20170614 112800,139.513000,139.513000,139.491000,139.491000,0
20170614 112900,139.493000,139.499000,139.476000,139.488000,0
20170614 113000,139.487000,139.490000,139.458000,139.464000,0
20170614 113100,139.466000,139.491000,139.444000,139.490000,0
20170614 113200,139.490000,139.490000,139.458000,139.476000,0
20170614 113300,139.479000,139.490000,139.465000,139.484000,0
20170614 113400,139.487000,139.531000,139.487000,139.531000,0
20170614 113500,139.533000,139.547000,139.518000,139.527000,0
20170614 113600,139.524000,139.544000,139.518000,139.539000,0
20170614 113700,139.535000,139.583000,139.531000,139.571000,0
20170614 113800,139.569000,139.628000,139.569000,139.628000,0
20170614 113900,139.626000,139.700000,139.618000,139.660000,0
20170614 114000,139.662000,139.693000,139.623000,139.668000,0
20170614 114100,139.665000,139.722000,139.658000,139.712000,0
20170614 114200,139.714000,139.741000,139.702000,139.702000,0
20170614 114300,139.695000,139.702000,139.663000,139.674000,0
20170614 114400,139.679000,139.691000,139.653000,139.689000,0
20170614 114500,139.687000,139.719000,139.678000,139.714000,0
20170614 114600,139.714000,139.714000,139.685000,139.699000,0
20170614 114700,139.695000,139.756000,139.695000,139.737000,0
20170614 114800,139.734000,139.757000,139.726000,139.755000,0
20170614 114900,139.752000,139.754000,139.710000,139.740000,0
20170614 115000,139.742000,139.768000,139.732000,139.753000,0
20170614 115100,139.753000,139.757000,139.738000,139.745000,0
20170614 115200,139.741000,139.749000,139.724000,139.735000,0
20170614 115300,139.740000,139.789000,139.740000,139.784000,0
20170614 115400,139.789000,139.809000,139.768000,139.807000,0
20170614 115500,139.803000,139.812000,139.793000,139.804000,0
20170614 115600,139.809000,139.811000,139.791000,139.795000,0
20170614 115700,139.795000,139.810000,139.773000,139.776000,0
20170614 115800,139.771000,139.776000,139.727000,139.756000,0
20170614 115900,139.759000,139.790000,139.750000,139.785000,0
20170614 120000,139.785000,139.865000,139.781000,139.860000,0
20170614 120100,139.862000,139.896000,139.843000,139.869000,0
20170614 120200,139.862000,139.867000,139.843000,139.849000,0
20170614 120300,139.851000,139.867000,139.834000,139.867000,0
20170614 120400,139.867000,139.868000,139.853000,139.853000,0
20170614 120500,139.850000,139.856000,139.828000,139.833000,0
20170614 120600,139.831000,139.831000,139.806000,139.809000,0
20170614 120700,139.807000,139.824000,139.802000,139.816000,0
20170614 120800,139.813000,139.821000,139.802000,139.802000,0
20170614 120900,139.802000,139.816000,139.796000,139.807000,0
20170614 121000,139.807000,139.811000,139.795000,139.804000,0
20170614 121100,139.807000,139.807000,139.776000,139.776000,0
20170614 121200,139.779000,139.779000,139.744000,139.744000,0
20170614 121300,139.745000,139.745000,139.723000,139.735000,0
20170614 121400,139.732000,139.759000,139.729000,139.759000,0
20170614 121500,139.762000,139.776000,139.760000,139.769000,0
20170614 121600,139.768000,139.782000,139.765000,139.780000,0
20170614 121700,139.781000,139.781000,139.774000,139.781000,0
20170614 121800,139.784000,139.797000,139.779000,139.779000,0
20170614 121900,139.777000,139.777000,139.747000,139.747000,0
20170614 122000,139.749000,139.751000,139.727000,139.730000,0
20170614 122100,139.728000,139.745000,139.721000,139.740000,0
20170614 122200,139.742000,139.743000,139.735000,139.738000,0
20170614 122300,139.738000,139.750000,139.707000,139.709000,0
20170614 122400,139.707000,139.713000,139.699000,139.713000,0
20170614 122500,139.715000,139.737000,139.696000,139.701000,0
20170614 122600,139.698000,139.705000,139.680000,139.680000,0
20170614 122700,139.678000,139.694000,139.676000,139.681000,0
20170614 122800,139.678000,139.680000,139.654000,139.657000,0
20170614 122900,139.655000,139.673000,139.647000,139.669000,0
20170614 123000,139.666000,139.668000,139.659000,139.665000,0
20170614 123100,139.668000,139.679000,139.660000,139.675000,0
20170614 123200,139.675000,139.718000,139.674000,139.687000,0
20170614 123300,139.687000,139.719000,139.685000,139.685000,0
20170614 123400,139.688000,139.693000,139.645000,139.645000,0
20170614 123500,139.645000,139.678000,139.636000,139.678000,0
20170614 123600,139.680000,139.684000,139.666000,139.681000,0
20170614 123700,139.678000,139.684000,139.666000,139.666000,0
20170614 123800,139.663000,139.664000,139.652000,139.655000,0
20170614 123900,139.655000,139.655000,139.635000,139.641000,0
20170614 124000,139.645000,139.662000,139.643000,139.653000,0
20170614 124100,139.656000,139.658000,139.646000,139.649000,0
20170614 124200,139.647000,139.653000,139.638000,139.648000,0
20170614 124300,139.650000,139.669000,139.649000,139.669000,0
20170614 124400,139.671000,139.712000,139.671000,139.702000,0
20170614 124500,139.700000,139.703000,139.639000,139.639000,0
20170614 124600,139.637000,139.675000,139.637000,139.664000,0
20170614 124700,139.660000,139.671000,139.656000,139.668000,0
20170614 124800,139.665000,139.665000,139.650000,139.654000,0
20170614 124900,139.652000,139.660000,139.645000,139.647000,0
20170614 125000,139.644000,139.644000,139.625000,139.625000,0
20170614 125100,139.629000,139.635000,139.619000,139.625000,0
20170614 125200,139.622000,139.622000,139.577000,139.603000,0
20170614 125300,139.600000,139.603000,139.578000,139.578000,0
20170614 125400,139.581000,139.585000,139.567000,139.567000,0
20170614 125500,139.564000,139.601000,139.564000,139.593000,0
20170614 125600,139.594000,139.616000,139.579000,139.599000,0
20170614 125700,139.603000,139.607000,139.577000,139.577000,0
20170614 125800,139.574000,139.582000,139.550000,139.560000,0
20170614 125900,139.563000,139.572000,139.539000,139.572000,0
20170614 130000,139.575000,139.575000,139.541000,139.548000,0
20170614 130100,139.545000,139.629000,139.545000,139.628000,0
20170614 130200,139.625000,139.625000,139.587000,139.608000,0
20170614 130300,139.605000,139.649000,139.605000,139.649000,0
20170614 130400,139.647000,139.649000,139.635000,139.645000,0
20170614 130500,139.643000,139.643000,139.613000,139.615000,0
20170614 130600,139.617000,139.625000,139.607000,139.624000,0
20170614 130700,139.625000,139.627000,139.612000,139.621000,0
20170614 130800,139.618000,139.621000,139.596000,139.607000,0
20170614 130900,139.603000,139.618000,139.603000,139.609000,0
20170614 131000,139.611000,139.625000,139.605000,139.623000,0
20170614 131100,139.625000,139.630000,139.614000,139.618000,0
20170614 131200,139.618000,139.651000,139.616000,139.630000,0
20170614 131300,139.635000,139.684000,139.635000,139.682000,0
20170614 131400,139.684000,139.709000,139.684000,139.699000,0
20170614 131500,139.697000,139.743000,139.693000,139.737000,0
20170614 131600,139.737000,139.739000,139.730000,139.737000,0
20170614 131700,139.735000,139.750000,139.731000,139.741000,0
20170614 131800,139.737000,139.750000,139.722000,139.727000,0
20170614 131900,139.731000,139.752000,139.720000,139.733000,0
20170614 132000,139.733000,139.752000,139.733000,139.748000,0
20170614 132100,139.745000,139.750000,139.736000,139.742000,0
20170614 132200,139.742000,139.746000,139.727000,139.733000,0
20170614 132300,139.730000,139.741000,139.721000,139.737000,0
20170614 132400,139.737000,139.737000,139.711000,139.714000,0
20170614 132500,139.717000,139.721000,139.699000,139.713000,0
20170614 132600,139.713000,139.715000,139.705000,139.709000,0
20170614 132700,139.712000,139.712000,139.671000,139.671000,0
20170614 132800,139.672000,139.690000,139.669000,139.686000,0
20170614 132900,139.688000,139.703000,139.686000,139.700000,0
20170614 133000,139.700000,139.702000,139.683000,139.688000,0
20170614 133100,139.686000,139.687000,139.672000,139.681000,0
20170614 133200,139.678000,139.687000,139.671000,139.671000,0
20170614 133300,139.674000,139.678000,139.651000,139.651000,0
20170614 133400,139.655000,139.660000,139.641000,139.648000,0
20170614 133500,139.644000,139.648000,139.628000,139.645000,0
20170614 133600,139.642000,139.657000,139.636000,139.653000,0
20170614 133700,139.656000,139.663000,139.645000,139.645000,0
20170614 133800,139.644000,139.648000,139.635000,139.635000,0
20170614 133900,139.637000,139.652000,139.637000,139.651000,0
20170614 134000,139.649000,139.675000,139.647000,139.673000,0
20170614 134100,139.671000,139.681000,139.650000,139.650000,0
20170614 134200,139.650000,139.657000,139.635000,139.636000,0
20170614 134300,139.638000,139.664000,139.627000,139.643000,0
20170614 134400,139.639000,139.651000,139.633000,139.642000,0
20170614 134500,139.646000,139.661000,139.645000,139.648000,0
20170614 134600,139.645000,139.699000,139.639000,139.686000,0
20170614 134700,139.684000,139.685000,139.660000,139.665000,0
20170614 134800,139.667000,139.675000,139.654000,139.660000,0
20170614 134900,139.663000,139.663000,139.643000,139.654000,0
20170614 135000,139.654000,139.654000,139.618000,139.618000,0
20170614 135100,139.618000,139.641000,139.610000,139.629000,0
20170614 135200,139.633000,139.667000,139.633000,139.661000,0
20170614 135300,139.659000,139.670000,139.643000,139.663000,0
20170614 135400,139.661000,139.676000,139.650000,139.658000,0
20170614 135500,139.661000,139.661000,139.634000,139.635000,0
20170614 135600,139.634000,139.647000,139.614000,139.625000,0
20170614 135700,139.624000,139.642000,139.612000,139.628000,0
20170614 135800,139.627000,139.669000,139.620000,139.666000,0
20170614 135900,139.667000,139.727000,139.629000,139.672000,0
20170614 140000,139.665000,139.721000,139.375000,139.668000,0
20170614 140100,139.678000,139.837000,139.616000,139.754000,0
20170614 140200,139.756000,139.756000,139.611000,139.663000,0
20170614 140300,139.659000,139.733000,139.659000,139.713000,0
20170614 140400,139.720000,139.756000,139.698000,139.725000,0
20170614 140500,139.731000,139.773000,139.721000,139.736000,0
20170614 140600,139.733000,139.793000,139.721000,139.733000,0
20170614 140700,139.736000,139.768000,139.716000,139.719000,0
20170614 140800,139.719000,139.729000,139.638000,139.647000,0
20170614 140900,139.638000,139.683000,139.632000,139.667000,0
20170614 141000,139.665000,139.732000,139.657000,139.727000,0
20170614 141100,139.727000,139.731000,139.666000,139.685000,0
20170614 141200,139.684000,139.724000,139.668000,139.724000,0
20170614 141300,139.726000,139.745000,139.688000,139.704000,0
20170614 141400,139.710000,139.761000,139.689000,139.756000,0
20170614 141500,139.761000,139.784000,139.700000,139.722000,0
20170614 141600,139.725000,139.764000,139.685000,139.745000,0
20170614 141700,139.746000,139.803000,139.746000,139.786000,0
20170614 141800,139.784000,139.808000,139.717000,139.780000,0
20170614 141900,139.778000,139.794000,139.739000,139.742000,0
20170614 142000,139.740000,139.764000,139.703000,139.714000,0
20170614 142100,139.719000,139.721000,139.663000,139.675000,0
20170614 142200,139.673000,139.708000,139.619000,139.627000,0
20170614 142300,139.628000,139.685000,139.626000,139.682000,0
20170614 142400,139.684000,139.715000,139.676000,139.693000,0
20170614 142500,139.691000,139.743000,139.681000,139.708000,0
20170614 142600,139.711000,139.738000,139.678000,139.731000,0
20170614 142700,139.728000,139.741000,139.695000,139.719000,0
20170614 142800,139.719000,139.731000,139.697000,139.706000,0
20170614 142900,139.704000,139.750000,139.698000,139.735000,0
20170614 143000,139.733000,139.762000,139.701000,139.701000,0
20170614 143100,139.709000,139.734000,139.625000,139.697000,0
20170614 143200,139.694000,139.718000,139.660000,139.671000,0
20170614 143300,139.668000,139.742000,139.656000,139.737000,0
20170614 143400,139.741000,139.885000,139.717000,139.747000,0
20170614 143500,139.743000,139.882000,139.700000,139.844000,0
20170614 143600,139.843000,139.857000,139.771000,139.803000,0
20170614 143700,139.802000,139.823000,139.761000,139.761000,0
20170614 143800,139.761000,139.805000,139.758000,139.781000,0
20170614 143900,139.784000,139.839000,139.784000,139.826000,0
20170614 144000,139.828000,139.845000,139.799000,139.799000,0
20170614 144100,139.795000,139.820000,139.768000,139.768000,0
20170614 144200,139.770000,139.805000,139.761000,139.770000,0
20170614 144300,139.765000,139.777000,139.723000,139.748000,0
20170614 144400,139.752000,139.752000,139.609000,139.629000,0
20170614 144500,139.633000,139.651000,139.565000,139.567000,0
20170614 144600,139.562000,139.574000,139.482000,139.536000,0
20170614 144700,139.538000,139.583000,139.516000,139.526000,0
20170614 144800,139.529000,139.576000,139.517000,139.555000,0
20170614 144900,139.559000,139.643000,139.546000,139.605000,0
20170614 145000,139.604000,139.623000,139.548000,139.553000,0
20170614 145100,139.556000,139.623000,139.556000,139.595000,0
20170614 145200,139.597000,139.641000,139.587000,139.619000,0
20170614 145300,139.624000,139.661000,139.624000,139.657000,0
20170614 145400,139.654000,139.673000,139.632000,139.653000,0
20170614 145500,139.653000,139.687000,139.624000,139.687000,0
20170614 145600,139.685000,139.717000,139.670000,139.683000,0
20170614 145700,139.683000,139.683000,139.568000,139.616000,0
20170614 145800,139.616000,139.691000,139.616000,139.682000,0
20170614 145900,139.685000,139.701000,139.613000,139.617000,0
20170614 150000,139.619000,139.658000,139.596000,139.638000,0
20170614 150100,139.643000,139.643000,139.590000,139.626000,0
20170614 150200,139.621000,139.654000,139.609000,139.619000,0
20170614 150300,139.623000,139.654000,139.617000,139.650000,0
20170614 150400,139.654000,139.670000,139.627000,139.660000,0
20170614 150500,139.659000,139.721000,139.649000,139.694000,0
20170614 150600,139.715000,139.767000,139.705000,139.761000,0
20170614 150700,139.758000,139.820000,139.752000,139.805000,0
20170614 150800,139.803000,139.835000,139.768000,139.825000,0
20170614 150900,139.823000,139.833000,139.737000,139.755000,0
20170614 151000,139.758000,139.759000,139.701000,139.722000,0
20170614 151100,139.722000,139.729000,139.684000,139.707000,0
20170614 151200,139.707000,139.712000,139.656000,139.679000,0
20170614 151300,139.684000,139.704000,139.670000,139.676000,0
20170614 151400,139.679000,139.702000,139.670000,139.700000,0
20170614 151500,139.692000,139.744000,139.686000,139.714000,0
20170614 151600,139.714000,139.771000,139.711000,139.744000,0
20170614 151700,139.748000,139.748000,139.660000,139.685000,0
20170614 151800,139.670000,139.701000,139.663000,139.694000,0
20170614 151900,139.695000,139.799000,139.695000,139.766000,0
20170614 152000,139.769000,139.792000,139.755000,139.761000,0
20170614 152100,139.757000,139.819000,139.754000,139.814000,0
20170614 152200,139.811000,139.837000,139.752000,139.768000,0
20170614 152300,139.770000,139.845000,139.766000,139.842000,0
20170614 152400,139.849000,139.860000,139.803000,139.849000,0
20170614 152500,139.859000,139.866000,139.812000,139.838000,0
20170614 152600,139.839000,139.856000,139.794000,139.808000,0
20170614 152700,139.809000,139.820000,139.786000,139.815000,0
20170614 152800,139.817000,139.859000,139.808000,139.859000,0
20170614 152900,139.857000,139.878000,139.832000,139.844000,0
20170614 153000,139.844000,139.870000,139.829000,139.857000,0
20170614 153100,139.859000,139.881000,139.812000,139.824000,0
20170614 153200,139.825000,139.841000,139.808000,139.821000,0
20170614 153300,139.818000,139.819000,139.782000,139.793000,0
20170614 153400,139.791000,139.839000,139.789000,139.826000,0
20170614 153500,139.828000,139.850000,139.807000,139.807000,0
20170614 153600,139.805000,139.823000,139.780000,139.797000,0
20170614 153700,139.797000,139.816000,139.764000,139.806000,0
20170614 153800,139.808000,139.837000,139.805000,139.818000,0
20170614 153900,139.818000,139.829000,139.816000,139.825000,0
20170614 154000,139.828000,139.831000,139.773000,139.773000,0
20170614 154100,139.777000,139.808000,139.749000,139.802000,0
20170614 154200,139.806000,139.806000,139.754000,139.763000,0
20170614 154300,139.766000,139.821000,139.766000,139.821000,0
20170614 154400,139.825000,139.849000,139.825000,139.834000,0
20170614 154500,139.836000,139.836000,139.777000,139.790000,0
20170614 154600,139.790000,139.805000,139.778000,139.800000,0
20170614 154700,139.802000,139.814000,139.794000,139.803000,0
20170614 154800,139.801000,139.815000,139.784000,139.784000,0
20170614 154900,139.786000,139.858000,139.786000,139.850000,0
20170614 155000,139.846000,139.853000,139.812000,139.812000,0
20170614 155100,139.814000,139.828000,139.804000,139.807000,0
20170614 155200,139.810000,139.828000,139.809000,139.826000,0
20170614 155300,139.828000,139.845000,139.816000,139.828000,0
20170614 155400,139.829000,139.873000,139.822000,139.841000,0
20170614 155500,139.840000,139.864000,139.838000,139.841000,0
20170614 155600,139.838000,139.851000,139.818000,139.848000,0
20170614 155700,139.848000,139.879000,139.847000,139.860000,0
20170614 155800,139.860000,139.862000,139.830000,139.833000,0
20170614 155900,139.836000,139.848000,139.764000,139.764000,0
20170614 160000,139.766000,139.784000,139.748000,139.778000,0
20170614 160100,139.775000,139.782000,139.762000,139.770000,0
20170614 160200,139.774000,139.777000,139.750000,139.764000,0
20170614 160300,139.761000,139.796000,139.748000,139.796000,0
20170614 160400,139.796000,139.798000,139.777000,139.787000,0
20170614 160500,139.787000,139.787000,139.763000,139.774000,0
20170614 160600,139.772000,139.780000,139.754000,139.761000,0
20170614 160700,139.761000,139.765000,139.747000,139.749000,0
20170614 160800,139.751000,139.751000,139.733000,139.738000,0
20170614 160900,139.740000,139.772000,139.732000,139.770000,0
20170614 161000,139.772000,139.819000,139.772000,139.808000,0
20170614 161100,139.806000,139.806000,139.787000,139.792000,0
20170614 161200,139.794000,139.820000,139.794000,139.802000,0
20170614 161300,139.802000,139.802000,139.788000,139.788000,0
20170614 161400,139.781000,139.787000,139.772000,139.772000,0
20170614 161500,139.775000,139.779000,139.767000,139.767000,0
20170614 161600,139.769000,139.769000,139.747000,139.749000,0
20170614 161700,139.751000,139.754000,139.743000,139.754000,0
20170614 161800,139.752000,139.781000,139.752000,139.778000,0
20170614 161900,139.775000,139.775000,139.760000,139.760000,0
20170614 162000,139.760000,139.769000,139.756000,139.757000,0
20170614 162100,139.754000,139.754000,139.740000,139.740000,0
20170614 162200,139.740000,139.768000,139.731000,139.768000,0
20170614 162300,139.771000,139.777000,139.736000,139.742000,0
20170614 162400,139.745000,139.753000,139.741000,139.750000,0
20170614 162500,139.750000,139.777000,139.750000,139.776000,0
20170614 162600,139.772000,139.781000,139.770000,139.781000,0
20170614 162700,139.781000,139.781000,139.755000,139.759000,0
20170614 162800,139.758000,139.767000,139.758000,139.766000,0
20170614 162900,139.766000,139.769000,139.759000,139.765000,0
20170614 163000,139.765000,139.768000,139.759000,139.765000,0
20170614 163100,139.762000,139.767000,139.749000,139.752000,0
20170614 163200,139.748000,139.761000,139.748000,139.759000,0
20170614 163300,139.758000,139.759000,139.750000,139.754000,0
20170614 163400,139.752000,139.764000,139.739000,139.742000,0
20170614 163500,139.748000,139.749000,139.739000,139.749000,0
20170614 163600,139.752000,139.760000,139.690000,139.691000,0
20170614 163700,139.694000,139.711000,139.689000,139.707000,0
20170614 163800,139.710000,139.725000,139.705000,139.725000,0
20170614 163900,139.731000,139.756000,139.721000,139.753000,0
20170614 164000,139.750000,139.767000,139.746000,139.766000,0
20170614 164100,139.764000,139.770000,139.744000,139.752000,0
20170614 164200,139.753000,139.763000,139.752000,139.759000,0
20170614 164300,139.757000,139.772000,139.751000,139.772000,0
20170614 164400,139.769000,139.775000,139.762000,139.775000,0
20170614 164500,139.778000,139.787000,139.773000,139.785000,0
20170614 164600,139.785000,139.805000,139.782000,139.801000,0
20170614 164700,139.800000,139.815000,139.800000,139.801000,0
20170614 164800,139.803000,139.803000,139.776000,139.800000,0
20170614 164900,139.798000,139.800000,139.762000,139.762000,0
20170614 165000,139.756000,139.760000,139.746000,139.759000,0
20170614 165100,139.757000,139.763000,139.739000,139.741000,0
20170614 165200,139.742000,139.768000,139.739000,139.758000,0
20170614 165300,139.756000,139.760000,139.750000,139.760000,0
20170614 165400,139.758000,139.758000,139.741000,139.743000,0
20170614 165500,139.746000,139.751000,139.729000,139.730000,0
20170614 165600,139.734000,139.735000,139.729000,139.732000,0
20170614 165700,139.733000,139.750000,139.733000,139.737000,0
20170614 165800,139.738000,139.750000,139.718000,139.724000,0
20170614 165900,139.723000,139.734000,139.652000,139.666000,0
20170614 170000,139.652000,139.686000,139.652000,139.686000,0
20170614 170100,139.692000,139.697000,139.653000,139.680000,0
20170614 170200,139.690000,139.717000,139.652000,139.717000,0
20170614 170300,139.696000,139.711000,139.696000,139.702000,0
20170614 170400,139.703000,139.703000,139.682000,139.682000,0
20170614 170500,139.682000,139.684000,139.670000,139.684000,0
20170614 170600,139.684000,139.700000,139.684000,139.700000,0
20170614 170700,139.702000,139.738000,139.692000,139.692000,0
20170614 170800,139.692000,139.698000,139.690000,139.698000,0
20170614 170900,139.695000,139.765000,139.692000,139.748000,0
20170614 171000,139.748000,139.804000,139.748000,139.787000,0
20170614 171100,139.784000,139.784000,139.784000,139.784000,0
20170614 171200,139.783000,139.783000,139.721000,139.724000,0
20170614 171300,139.724000,139.736000,139.724000,139.731000,0
20170614 171400,139.731000,139.737000,139.731000,139.737000,0
20170614 171500,139.738000,139.739000,139.640000,139.675000,0
20170614 171600,139.677000,139.703000,139.635000,139.635000,0
20170614 171700,139.636000,139.637000,139.618000,139.632000,0
20170614 171800,139.631000,139.634000,139.619000,139.634000,0
20170614 171900,139.642000,139.652000,139.642000,139.651000,0
20170614 172000,139.651000,139.652000,139.651000,139.651000,0
20170614 172100,139.652000,139.659000,139.650000,139.658000,0
20170614 172200,139.687000,139.693000,139.673000,139.689000,0
20170614 172300,139.691000,139.713000,139.688000,139.713000,0
20170614 172400,139.714000,139.714000,139.686000,139.686000,0
20170614 172500,139.687000,139.689000,139.686000,139.686000,0
20170614 172600,139.688000,139.688000,139.685000,139.685000,0
20170614 172700,139.689000,139.700000,139.689000,139.696000,0
20170614 172800,139.704000,139.724000,139.695000,139.716000,0
20170614 172900,139.718000,139.726000,139.716000,139.724000,0
20170614 173000,139.747000,139.756000,139.747000,139.753000,0
20170614 173100,139.742000,139.756000,139.711000,139.714000,0
20170614 173200,139.718000,139.762000,139.688000,139.704000,0
20170614 173300,139.706000,139.721000,139.693000,139.710000,0
20170614 173400,139.708000,139.735000,139.701000,139.701000,0
20170614 173500,139.716000,139.716000,139.716000,139.716000,0
20170614 173600,139.716000,139.732000,139.716000,139.721000,0
20170614 173700,139.724000,139.751000,139.719000,139.751000,0
20170614 173800,139.744000,139.762000,139.739000,139.743000,0
20170614 173900,139.742000,139.742000,139.737000,139.737000,0
20170614 174000,139.738000,139.738000,139.738000,139.738000,0
20170614 174100,139.747000,139.747000,139.747000,139.747000,0
20170614 174200,139.742000,139.742000,139.742000,139.742000,0
20170614 174500,139.739000,139.739000,139.721000,139.726000,0
20170614 174600,139.731000,139.731000,139.713000,139.714000,0
20170614 174700,139.718000,139.721000,139.704000,139.718000,0
20170614 174800,139.720000,139.721000,139.688000,139.697000,0
20170614 174900,139.694000,139.716000,139.694000,139.710000,0
20170614 175000,139.710000,139.735000,139.710000,139.715000,0
20170614 175200,139.718000,139.723000,139.676000,139.708000,0
20170614 175300,139.708000,139.715000,139.683000,139.683000,0
20170614 175400,139.685000,139.716000,139.685000,139.710000,0
20170614 175500,139.720000,139.743000,139.720000,139.737000,0
20170614 175600,139.743000,139.776000,139.724000,139.776000,0
20170614 175700,139.767000,139.779000,139.729000,139.775000,0
20170614 175800,139.775000,139.796000,139.775000,139.781000,0
20170614 175900,139.792000,139.804000,139.786000,139.794000,0
20170614 180000,139.792000,139.792000,139.701000,139.772000,0
20170614 180100,139.768000,139.797000,139.768000,139.790000,0
20170614 180200,139.788000,139.798000,139.779000,139.779000,0
20170614 180300,139.785000,139.800000,139.785000,139.789000,0
20170614 180400,139.787000,139.788000,139.768000,139.768000,0
20170614 180500,139.765000,139.766000,139.747000,139.752000,0
20170614 180600,139.758000,139.796000,139.758000,139.796000,0
20170614 180700,139.794000,139.794000,139.789000,139.789000,0
20170614 180800,139.792000,139.798000,139.792000,139.797000,0
20170614 180900,139.795000,139.795000,139.765000,139.773000,0
20170614 181000,139.769000,139.772000,139.749000,139.769000,0
20170614 181100,139.773000,139.777000,139.757000,139.776000,0
20170614 181200,139.786000,139.791000,139.786000,139.788000,0
20170614 181300,139.788000,139.807000,139.788000,139.804000,0
20170614 181400,139.800000,139.816000,139.796000,139.816000,0
20170614 181500,139.815000,139.837000,139.803000,139.837000,0
20170614 181600,139.836000,139.840000,139.825000,139.825000,0
20170614 181700,139.822000,139.822000,139.810000,139.810000,0
20170614 181800,139.814000,139.817000,139.814000,139.817000,0
20170614 181900,139.815000,139.815000,139.812000,139.814000,0
20170614 182000,139.812000,139.812000,139.801000,139.805000,0
20170614 182100,139.802000,139.802000,139.797000,139.799000,0
20170614 182200,139.798000,139.798000,139.775000,139.775000,0
20170614 182300,139.772000,139.772000,139.759000,139.768000,0
20170614 182400,139.766000,139.780000,139.734000,139.734000,0
20170614 182500,139.738000,139.766000,139.738000,139.755000,0
20170614 182600,139.758000,139.780000,139.758000,139.776000,0
20170614 182700,139.778000,139.789000,139.772000,139.785000,0
20170614 182800,139.785000,139.785000,139.759000,139.762000,0
20170614 182900,139.765000,139.771000,139.673000,139.713000,0
20170614 183000,139.713000,139.749000,139.713000,139.743000,0
20170614 183100,139.743000,139.752000,139.737000,139.737000,0
20170614 183200,139.737000,139.749000,139.737000,139.746000,0
20170614 183300,139.746000,139.755000,139.746000,139.748000,0
20170614 183400,139.748000,139.759000,139.748000,139.759000,0
20170614 183500,139.759000,139.766000,139.753000,139.766000,0
20170614 183600,139.766000,139.766000,139.757000,139.761000,0
20170614 183700,139.762000,139.762000,139.707000,139.724000,0
20170614 183800,139.727000,139.737000,139.690000,139.709000,0
20170614 183900,139.707000,139.731000,139.707000,139.717000,0
20170614 184000,139.716000,139.716000,139.671000,139.699000,0
20170614 184100,139.696000,139.696000,139.686000,139.686000,0
20170614 184200,139.688000,139.708000,139.660000,139.660000,0
20170614 184300,139.661000,139.661000,139.622000,139.622000,0
20170614 184400,139.620000,139.629000,139.581000,139.602000,0
20170614 184500,139.605000,139.634000,139.573000,139.574000,0
20170614 184600,139.576000,139.593000,139.576000,139.580000,0
20170614 184700,139.577000,139.586000,139.533000,139.533000,0
20170614 184800,139.531000,139.531000,139.479000,139.507000,0
20170614 184900,139.507000,139.527000,139.507000,139.527000,0
20170614 185000,139.531000,139.541000,139.509000,139.509000,0
20170614 185100,139.505000,139.518000,139.503000,139.511000,0
20170614 185200,139.512000,139.517000,139.441000,139.459000,0
20170614 185300,139.462000,139.501000,139.462000,139.470000,0
20170614 185400,139.466000,139.466000,139.419000,139.444000,0
20170614 185500,139.434000,139.448000,139.399000,139.421000,0
20170614 185600,139.424000,139.456000,139.424000,139.450000,0
20170614 185700,139.446000,139.472000,139.425000,139.472000,0
20170614 185800,139.469000,139.473000,139.462000,139.473000,0
20170614 185900,139.476000,139.481000,139.464000,139.470000,0
20170614 190000,139.473000,139.538000,139.445000,139.528000,0
20170614 190100,139.531000,139.556000,139.512000,139.543000,0
20170614 190200,139.547000,139.552000,139.505000,139.518000,0
20170614 190300,139.522000,139.529000,139.512000,139.521000,0
20170614 190400,139.524000,139.533000,139.524000,139.528000,0
20170614 190500,139.524000,139.530000,139.490000,139.490000,0
20170614 190600,139.487000,139.499000,139.487000,139.499000,0
20170614 190700,139.496000,139.505000,139.492000,139.500000,0
20170614 190800,139.498000,139.498000,139.459000,139.461000,0
20170614 190900,139.463000,139.466000,139.421000,139.449000,0
20170614 191000,139.454000,139.454000,139.423000,139.443000,0
20170614 191100,139.437000,139.438000,139.396000,139.432000,0
20170614 191200,139.430000,139.433000,139.424000,139.427000,0
20170614 191300,139.429000,139.449000,139.428000,139.443000,0
20170614 191400,139.447000,139.460000,139.437000,139.437000,0
20170614 191500,139.441000,139.452000,139.435000,139.439000,0
20170614 191600,139.443000,139.456000,139.443000,139.454000,0
20170614 191700,139.452000,139.482000,139.449000,139.482000,0
20170614 191800,139.482000,139.511000,139.482000,139.502000,0
20170614 191900,139.505000,139.524000,139.505000,139.505000,0
20170614 192000,139.509000,139.518000,139.509000,139.518000,0
20170614 192100,139.521000,139.554000,139.521000,139.554000,0
20170614 192200,139.558000,139.585000,139.558000,139.585000,0
20170614 192300,139.582000,139.594000,139.551000,139.562000,0
20170614 192400,139.559000,139.570000,139.559000,139.570000,0
20170614 192500,139.567000,139.567000,139.540000,139.540000,0
20170614 192600,139.543000,139.560000,139.543000,139.560000,0
20170614 192700,139.557000,139.564000,139.547000,139.547000,0
20170614 192800,139.547000,139.547000,139.530000,139.541000,0
20170614 192900,139.544000,139.552000,139.542000,139.546000,0
20170614 193000,139.544000,139.544000,139.504000,139.511000,0
20170614 193100,139.514000,139.514000,139.503000,139.503000,0
20170614 193200,139.503000,139.503000,139.486000,139.486000,0
20170614 193300,139.483000,139.500000,139.463000,139.490000,0
20170614 193400,139.486000,139.486000,139.474000,139.480000,0
20170614 193500,139.486000,139.496000,139.481000,139.481000,0
20170614 193600,139.485000,139.493000,139.482000,139.492000,0
20170614 193700,139.494000,139.513000,139.494000,139.503000,0
20170614 193800,139.506000,139.509000,139.506000,139.509000,0
20170614 193900,139.513000,139.528000,139.513000,139.525000,0
20170614 194000,139.523000,139.534000,139.523000,139.534000,0
20170614 194100,139.531000,139.531000,139.513000,139.523000,0
20170614 194200,139.526000,139.558000,139.526000,139.542000,0
20170614 194300,139.539000,139.539000,139.524000,139.525000,0
20170614 194400,139.526000,139.528000,139.489000,139.493000,0
20170614 194500,139.491000,139.493000,139.403000,139.481000,0
20170614 194600,139.481000,139.509000,139.481000,139.503000,0
20170614 194700,139.505000,139.550000,139.498000,139.550000,0
20170614 194800,139.555000,139.590000,139.548000,139.585000,0
20170614 194900,139.582000,139.602000,139.582000,139.601000,0
20170614 195000,139.601000,139.610000,139.595000,139.601000,0
20170614 195100,139.601000,139.607000,139.570000,139.598000,0
20170614 195200,139.598000,139.619000,139.597000,139.616000,0
20170614 195300,139.615000,139.615000,139.600000,139.603000,0
20170614 195400,139.606000,139.612000,139.598000,139.612000,0
20170614 195500,139.612000,139.616000,139.594000,139.594000,0
20170614 195600,139.592000,139.600000,139.577000,139.586000,0
20170614 195700,139.582000,139.599000,139.576000,139.593000,0
20170614 195800,139.596000,139.596000,139.569000,139.569000,0
20170614 195900,139.565000,139.581000,139.562000,139.581000,0
20170614 200000,139.578000,139.587000,139.540000,139.577000,0
20170614 200100,139.574000,139.581000,139.550000,139.573000,0
20170614 200200,139.576000,139.617000,139.576000,139.599000,0
20170614 200300,139.603000,139.614000,139.594000,139.608000,0
20170614 200400,139.611000,139.611000,139.586000,139.602000,0
20170614 200500,139.604000,139.630000,139.595000,139.617000,0
20170614 200600,139.613000,139.620000,139.585000,139.591000,0
20170614 200700,139.594000,139.625000,139.594000,139.619000,0
20170614 200800,139.622000,139.650000,139.622000,139.629000,0
20170614 200900,139.626000,139.682000,139.623000,139.665000,0
20170614 201000,139.661000,139.696000,139.656000,139.692000,0
20170614 201100,139.689000,139.733000,139.686000,139.706000,0
20170614 201200,139.706000,139.719000,139.687000,139.697000,0
20170614 201300,139.694000,139.704000,139.682000,139.685000,0
20170614 201400,139.689000,139.724000,139.686000,139.695000,0
20170614 201500,139.700000,139.700000,139.643000,139.643000,0
20170614 201600,139.646000,139.648000,139.631000,139.638000,0
20170614 201700,139.641000,139.678000,139.628000,139.666000,0
20170614 201800,139.666000,139.682000,139.660000,139.665000,0
20170614 201900,139.668000,139.677000,139.664000,139.673000,0
20170614 202000,139.676000,139.676000,139.665000,139.666000,0
20170614 202100,139.662000,139.717000,139.662000,139.717000,0
20170614 202200,139.712000,139.757000,139.707000,139.738000,0
20170614 202300,139.735000,139.765000,139.729000,139.743000,0
20170614 202400,139.740000,139.759000,139.723000,139.754000,0
20170614 202500,139.753000,139.761000,139.744000,139.758000,0
20170614 202600,139.758000,139.771000,139.749000,139.763000,0
20170614 202700,139.763000,139.768000,139.763000,139.763000,0
20170614 202800,139.763000,139.764000,139.748000,139.759000,0
20170614 202900,139.759000,139.765000,139.747000,139.762000,0
20170614 203000,139.764000,139.819000,139.761000,139.790000,0
20170614 203100,139.788000,139.796000,139.763000,139.765000,0
20170614 203200,139.767000,139.790000,139.761000,139.790000,0
20170614 203300,139.785000,139.799000,139.785000,139.794000,0
20170614 203400,139.794000,139.806000,139.779000,139.786000,0
20170614 203500,139.784000,139.786000,139.758000,139.762000,0
20170614 203600,139.760000,139.788000,139.757000,139.785000,0
20170614 203700,139.788000,139.804000,139.769000,139.783000,0
20170614 203800,139.783000,139.843000,139.777000,139.843000,0
20170614 203900,139.846000,139.869000,139.830000,139.840000,0
20170614 204000,139.841000,139.845000,139.804000,139.815000,0
20170614 204100,139.813000,139.820000,139.782000,139.782000,0
20170614 204200,139.782000,139.813000,139.778000,139.811000,0
20170614 204300,139.811000,139.846000,139.811000,139.824000,0
20170614 204400,139.824000,139.834000,139.822000,139.831000,0
20170614 204500,139.834000,139.834000,139.798000,139.812000,0
20170614 204600,139.815000,139.923000,139.815000,139.892000,0
20170614 204700,139.892000,139.898000,139.877000,139.892000,0
20170614 204800,139.895000,139.905000,139.864000,139.867000,0
20170614 204900,139.867000,139.877000,139.845000,139.872000,0
20170614 205000,139.872000,139.887000,139.862000,139.881000,0
20170614 205100,139.881000,139.906000,139.872000,139.906000,0
20170614 205200,139.911000,139.982000,139.908000,139.955000,0
20170614 205300,139.959000,139.959000,139.867000,139.876000,0
20170614 205400,139.874000,139.901000,139.832000,139.867000,0
20170614 205500,139.861000,139.893000,139.846000,139.867000,0
20170614 205600,139.869000,139.869000,139.857000,139.861000,0
20170614 205700,139.858000,139.874000,139.846000,139.870000,0
20170614 205800,139.867000,139.879000,139.863000,139.863000,0
20170614 205900,139.863000,139.889000,139.848000,139.889000,0
20170614 210000,139.891000,139.892000,139.844000,139.854000,0
20170614 210100,139.852000,139.866000,139.851000,139.855000,0
20170614 210200,139.858000,139.868000,139.840000,139.848000,0
20170614 210300,139.856000,139.860000,139.846000,139.851000,0
20170614 210400,139.849000,139.851000,139.811000,139.835000,0
20170614 210500,139.838000,139.851000,139.819000,139.822000,0
20170614 210600,139.827000,139.827000,139.803000,139.812000,0
20170614 210700,139.812000,139.819000,139.806000,139.809000,0
20170614 210800,139.812000,139.832000,139.806000,139.814000,0
20170614 210900,139.812000,139.824000,139.810000,139.813000,0
20170614 211000,139.816000,139.818000,139.786000,139.786000,0
20170614 211100,139.782000,139.793000,139.755000,139.766000,0
20170614 211200,139.765000,139.767000,139.743000,139.761000,0
20170614 211300,139.762000,139.771000,139.752000,139.766000,0
20170614 211400,139.769000,139.811000,139.769000,139.804000,0
20170614 211500,139.800000,139.809000,139.795000,139.809000,0
20170614 211600,139.806000,139.823000,139.783000,139.815000,0
20170614 211700,139.817000,139.832000,139.811000,139.816000,0
20170614 211800,139.813000,139.813000,139.791000,139.794000,0
20170614 211900,139.790000,139.790000,139.754000,139.755000,0
20170614 212000,139.752000,139.764000,139.747000,139.755000,0
20170614 212100,139.758000,139.768000,139.749000,139.757000,0
20170614 212200,139.763000,139.772000,139.740000,139.766000,0
20170614 212300,139.768000,139.771000,139.737000,139.737000,0
20170614 212400,139.735000,139.736000,139.708000,139.736000,0
20170614 212500,139.741000,139.748000,139.729000,139.738000,0
20170614 212600,139.740000,139.749000,139.731000,139.734000,0
20170614 212700,139.737000,139.750000,139.737000,139.750000,0
20170614 212800,139.747000,139.763000,139.747000,139.756000,0
20170614 212900,139.759000,139.768000,139.734000,139.736000,0
20170614 213000,139.733000,139.797000,139.733000,139.776000,0
20170614 213100,139.778000,139.800000,139.761000,139.767000,0
20170614 213200,139.770000,139.773000,139.697000,139.698000,0
20170614 213300,139.693000,139.726000,139.653000,139.673000,0
20170614 213400,139.670000,139.670000,139.633000,139.669000,0
20170614 213500,139.672000,139.703000,139.672000,139.693000,0
20170614 213600,139.693000,139.711000,139.673000,139.711000,0
20170614 213700,139.708000,139.719000,139.702000,139.718000,0
20170614 213800,139.715000,139.720000,139.694000,139.716000,0
20170614 213900,139.719000,139.733000,139.703000,139.711000,0
20170614 214000,139.714000,139.714000,139.646000,139.659000,0
20170614 214100,139.660000,139.680000,139.659000,139.674000,0
20170614 214200,139.670000,139.670000,139.652000,139.664000,0
20170614 214300,139.665000,139.672000,139.644000,139.665000,0
20170614 214400,139.660000,139.678000,139.640000,139.678000,0
20170614 214500,139.680000,139.700000,139.652000,139.654000,0
20170614 214600,139.650000,139.690000,139.644000,139.683000,0
20170614 214700,139.684000,139.713000,139.675000,139.687000,0
20170614 214800,139.691000,139.698000,139.671000,139.677000,0
20170614 214900,139.685000,139.711000,139.682000,139.707000,0
20170614 215000,139.707000,139.733000,139.700000,139.727000,0
20170614 215100,139.726000,139.736000,139.722000,139.730000,0
20170614 215200,139.727000,139.727000,139.707000,139.719000,0
20170614 215300,139.715000,139.719000,139.707000,139.719000,0
20170614 215400,139.729000,139.733000,139.722000,139.725000,0
20170614 215500,139.722000,139.732000,139.716000,139.723000,0
20170614 215600,139.726000,139.747000,139.712000,139.712000,0
20170614 215700,139.715000,139.751000,139.715000,139.750000,0
20170614 215800,139.744000,139.753000,139.741000,139.749000,0
20170614 215900,139.746000,139.759000,139.722000,139.722000,0
20170614 220000,139.723000,139.749000,139.710000,139.749000,0
20170614 220100,139.747000,139.747000,139.729000,139.742000,0
20170614 220200,139.739000,139.739000,139.712000,139.718000,0
20170614 220300,139.724000,139.726000,139.680000,139.688000,0
20170614 220400,139.685000,139.689000,139.679000,139.688000,0
20170614 220500,139.685000,139.685000,139.666000,139.674000,0
20170614 220600,139.671000,139.682000,139.671000,139.682000,0
20170614 220700,139.674000,139.674000,139.653000,139.660000,0
20170614 220800,139.655000,139.658000,139.636000,139.645000,0
20170614 220900,139.645000,139.666000,139.645000,139.664000,0
20170614 221000,139.661000,139.669000,139.652000,139.654000,0
20170614 221100,139.655000,139.655000,139.641000,139.641000,0
20170614 221200,139.640000,139.645000,139.628000,139.638000,0
20170614 221300,139.641000,139.688000,139.641000,139.688000,0
20170614 221400,139.684000,139.695000,139.676000,139.695000,0
20170614 221500,139.695000,139.696000,139.673000,139.673000,0
20170614 221600,139.670000,139.673000,139.657000,139.670000,0
20170614 221700,139.668000,139.669000,139.650000,139.657000,0
20170614 221800,139.656000,139.658000,139.646000,139.649000,0
20170614 221900,139.647000,139.649000,139.643000,139.643000,0
20170614 222000,139.642000,139.666000,139.636000,139.662000,0
20170614 222100,139.663000,139.682000,139.663000,139.682000,0
20170614 222200,139.689000,139.700000,139.678000,139.678000,0
20170614 222300,139.675000,139.683000,139.663000,139.677000,0
20170614 222400,139.674000,139.680000,139.664000,139.664000,0
20170614 222500,139.668000,139.689000,139.668000,139.678000,0
20170614 222600,139.681000,139.685000,139.667000,139.682000,0
20170614 222700,139.687000,139.697000,139.683000,139.694000,0
20170614 222800,139.698000,139.709000,139.689000,139.709000,0
20170614 222900,139.710000,139.727000,139.703000,139.708000,0
20170614 223000,139.706000,139.706000,139.661000,139.661000,0
20170614 223100,139.661000,139.668000,139.642000,139.642000,0
20170614 223200,139.645000,139.665000,139.645000,139.665000,0
20170614 223300,139.662000,139.672000,139.662000,139.669000,0
20170614 223400,139.672000,139.682000,139.669000,139.680000,0
20170614 223500,139.683000,139.686000,139.676000,139.677000,0
20170614 223600,139.674000,139.674000,139.643000,139.643000,0
20170614 223700,139.640000,139.651000,139.640000,139.642000,0
20170614 223800,139.645000,139.648000,139.624000,139.628000,0
20170614 223900,139.628000,139.630000,139.598000,139.607000,0
20170614 224000,139.610000,139.639000,139.610000,139.614000,0
20170614 224100,139.612000,139.625000,139.612000,139.620000,0
20170614 224200,139.616000,139.630000,139.614000,139.630000,0
20170614 224300,139.634000,139.641000,139.629000,139.632000,0
20170614 224400,139.635000,139.643000,139.630000,139.643000,0
20170614 224500,139.647000,139.655000,139.626000,139.628000,0
20170614 224600,139.631000,139.646000,139.624000,139.646000,0
20170614 224700,139.649000,139.657000,139.641000,139.655000,0
20170614 224800,139.652000,139.652000,139.640000,139.650000,0
20170614 224900,139.653000,139.663000,139.653000,139.660000,0
20170614 225000,139.658000,139.661000,139.658000,139.658000,0
20170614 225100,139.655000,139.666000,139.655000,139.666000,0
20170614 225200,139.669000,139.672000,139.658000,139.658000,0
20170614 225300,139.661000,139.667000,139.657000,139.657000,0
20170614 225400,139.657000,139.661000,139.656000,139.656000,0
20170614 225500,139.653000,139.653000,139.628000,139.632000,0
20170614 225600,139.632000,139.635000,139.623000,139.623000,0
20170614 225700,139.620000,139.625000,139.612000,139.612000,0
20170614 225800,139.609000,139.609000,139.599000,139.605000,0
20170614 225900,139.607000,139.616000,139.604000,139.612000,0
20170614 230000,139.616000,139.626000,139.616000,139.626000,0
20170614 230100,139.626000,139.657000,139.626000,139.636000,0
20170614 230200,139.632000,139.632000,139.608000,139.608000,0
20170614 230300,139.612000,139.625000,139.602000,139.621000,0
20170614 230400,139.625000,139.649000,139.625000,139.647000,0
20170614 230500,139.650000,139.653000,139.650000,139.653000,0
20170614 230600,139.650000,139.651000,139.637000,139.637000,0
20170614 230700,139.640000,139.649000,139.609000,139.612000,0
20170614 230800,139.612000,139.621000,139.610000,139.621000,0
20170614 230900,139.625000,139.628000,139.619000,139.622000,0
20170614 231000,139.620000,139.646000,139.614000,139.632000,0
20170614 231100,139.629000,139.633000,139.623000,139.633000,0
20170614 231200,139.641000,139.641000,139.630000,139.630000,0
20170614 231300,139.627000,139.627000,139.594000,139.597000,0
20170614 231400,139.593000,139.603000,139.581000,139.598000,0
20170614 231500,139.601000,139.613000,139.598000,139.609000,0
20170614 231600,139.603000,139.610000,139.598000,139.600000,0
20170614 231700,139.603000,139.606000,139.603000,139.605000,0
20170614 231800,139.602000,139.618000,139.600000,139.600000,0
20170614 231900,139.601000,139.615000,139.601000,139.613000,0
20170614 232000,139.610000,139.613000,139.580000,139.580000,0
20170614 232100,139.577000,139.601000,139.572000,139.601000,0
20170614 232200,139.604000,139.630000,139.604000,139.630000,0
20170614 232300,139.627000,139.641000,139.620000,139.640000,0
20170614 232400,139.640000,139.652000,139.632000,139.639000,0
20170614 232500,139.641000,139.667000,139.637000,139.667000,0
20170614 232600,139.669000,139.681000,139.669000,139.680000,0
20170614 232700,139.677000,139.677000,139.643000,139.647000,0
20170614 232800,139.647000,139.647000,139.630000,139.630000,0
20170614 232900,139.633000,139.637000,139.613000,139.613000,0
20170614 233000,139.619000,139.653000,139.619000,139.636000,0
20170614 233100,139.633000,139.654000,139.631000,139.652000,0
20170614 233200,139.655000,139.685000,139.652000,139.674000,0
20170614 233300,139.677000,139.692000,139.677000,139.689000,0
20170614 233400,139.687000,139.696000,139.656000,139.656000,0
20170614 233500,139.659000,139.669000,139.642000,139.669000,0
20170614 233600,139.672000,139.672000,139.648000,139.660000,0
20170614 233700,139.657000,139.657000,139.617000,139.627000,0
20170614 233800,139.631000,139.660000,139.631000,139.660000,0
20170614 233900,139.664000,139.669000,139.645000,139.663000,0
20170614 234000,139.663000,139.687000,139.659000,139.676000,0
20170614 234100,139.674000,139.676000,139.641000,139.641000,0
20170614 234200,139.638000,139.638000,139.625000,139.625000,0
20170614 234300,139.627000,139.628000,139.593000,139.611000,0
20170614 234400,139.613000,139.622000,139.599000,139.613000,0
20170614 234500,139.614000,139.629000,139.602000,139.623000,0
20170614 234600,139.620000,139.626000,139.618000,139.626000,0
20170614 234700,139.629000,139.650000,139.629000,139.643000,0
20170614 234800,139.647000,139.652000,139.643000,139.651000,0
20170614 234900,139.648000,139.672000,139.648000,139.669000,0
20170614 235000,139.666000,139.674000,139.665000,139.668000,0
20170614 235100,139.671000,139.672000,139.665000,139.672000,0
20170614 235200,139.669000,139.669000,139.632000,139.657000,0
20170614 235300,139.664000,139.672000,139.662000,139.669000,0
20170614 235400,139.665000,139.668000,139.660000,139.668000,0
20170614 235500,139.671000,139.671000,139.671000,139.671000,0
20170614 235600,139.671000,139.673000,139.671000,139.671000,0
20170614 235700,139.671000,139.671000,139.653000,139.658000,0
20170614 235800,139.658000,139.668000,139.658000,139.668000,0
20170614 235900,139.670000,139.689000,139.670000,139.686000,0
