20100525 000000,128.980000,129.020000,128.950000,128.990000,0
20100525 000100,128.980000,129.000000,128.970000,128.970000,0
20100525 000200,128.980000,129.000000,128.950000,128.960000,0
20100525 000300,128.970000,129.060000,128.960000,129.060000,0
20100525 000400,129.060000,129.130000,129.040000,129.040000,0
20100525 000500,129.030000,129.040000,129.030000,129.040000,0
20100525 000600,129.050000,129.070000,128.990000,129.040000,0
20100525 000700,129.030000,129.120000,129.020000,129.110000,0
20100525 000800,129.090000,129.100000,129.060000,129.080000,0
20100525 000900,129.090000,129.120000,129.080000,129.120000,0
20100525 001000,129.120000,129.120000,129.110000,129.110000,0
20100525 001100,129.110000,129.110000,129.090000,129.100000,0
20100525 001200,129.110000,129.110000,129.090000,129.090000,0
20100525 001300,129.100000,129.110000,129.080000,129.100000,0
20100525 001400,129.090000,129.150000,129.090000,129.140000,0
20100525 001500,129.150000,129.210000,129.140000,129.200000,0
20100525 001600,129.190000,129.200000,129.160000,129.170000,0
20100525 001700,129.170000,129.170000,129.140000,129.150000,0
20100525 001800,129.140000,129.170000,129.140000,129.170000,0
20100525 001900,129.170000,129.240000,129.170000,129.240000,0
20100525 002000,129.250000,129.300000,129.250000,129.290000,0
20100525 002100,129.280000,129.320000,129.280000,129.300000,0
20100525 002200,129.310000,129.320000,129.290000,129.300000,0
20100525 002300,129.290000,129.300000,129.280000,129.280000,0
20100525 002400,129.300000,129.300000,129.210000,129.230000,0
20100525 002500,129.240000,129.290000,129.240000,129.280000,0
20100525 002600,129.280000,129.280000,129.250000,129.260000,0
20100525 002700,129.270000,129.280000,129.260000,129.280000,0
20100525 002800,129.280000,129.290000,129.280000,129.280000,0
20100525 002900,129.290000,129.300000,129.260000,129.270000,0
20100525 003000,129.260000,129.270000,129.230000,129.240000,0
20100525 003100,129.230000,129.250000,129.170000,129.180000,0
20100525 003200,129.170000,129.190000,129.120000,129.180000,0
20100525 003300,129.190000,129.190000,129.180000,129.190000,0
20100525 003400,129.180000,129.200000,129.150000,129.150000,0
20100525 003500,129.140000,129.290000,129.140000,129.260000,0
20100525 003600,129.270000,129.300000,129.270000,129.280000,0
20100525 003700,129.270000,129.300000,129.270000,129.300000,0
20100525 003800,129.290000,129.330000,129.290000,129.330000,0
20100525 003900,129.330000,129.330000,129.300000,129.310000,0
20100525 004000,129.300000,129.300000,129.270000,129.280000,0
20100525 004100,129.270000,129.290000,129.270000,129.290000,0
20100525 004200,129.280000,129.320000,129.260000,129.310000,0
20100525 004300,129.320000,129.350000,129.320000,129.340000,0
20100525 004400,129.330000,129.340000,129.290000,129.290000,0
20100525 004500,129.300000,129.300000,129.280000,129.280000,0
20100525 004600,129.270000,129.270000,129.190000,129.190000,0
20100525 004700,129.200000,129.210000,129.190000,129.210000,0
20100525 004800,129.220000,129.220000,129.200000,129.200000,0
20100525 004900,129.190000,129.200000,129.180000,129.190000,0
20100525 005000,129.200000,129.200000,129.190000,129.190000,0
20100525 005100,129.190000,129.210000,129.170000,129.210000,0
20100525 005200,129.210000,129.220000,129.200000,129.210000,0
20100525 005300,129.210000,129.210000,129.170000,129.170000,0
20100525 005400,129.160000,129.170000,129.130000,129.140000,0
20100525 005500,129.130000,129.200000,129.130000,129.190000,0
20100525 005600,129.180000,129.240000,129.180000,129.220000,0
20100525 005700,129.220000,129.220000,129.180000,129.180000,0
20100525 005800,129.180000,129.190000,129.170000,129.180000,0
20100525 005900,129.180000,129.180000,129.160000,129.170000,0
20100525 010000,129.170000,129.170000,129.150000,129.150000,0
20100525 010100,129.150000,129.150000,129.140000,129.140000,0
20100525 010200,129.140000,129.150000,129.140000,129.150000,0
20100525 010300,129.160000,129.160000,129.150000,129.150000,0
20100525 010400,129.160000,129.180000,129.160000,129.180000,0
20100525 010500,129.180000,129.200000,129.180000,129.190000,0
20100525 010600,129.200000,129.200000,129.190000,129.200000,0
20100525 010700,129.190000,129.190000,129.170000,129.170000,0
20100525 010800,129.170000,129.180000,129.170000,129.170000,0
20100525 010900,129.170000,129.180000,129.160000,129.180000,0
20100525 011000,129.170000,129.180000,129.170000,129.180000,0
20100525 011100,129.170000,129.180000,129.170000,129.180000,0
20100525 011200,129.190000,129.190000,129.130000,129.140000,0
20100525 011300,129.130000,129.180000,129.130000,129.140000,0
20100525 011400,129.150000,129.190000,129.140000,129.140000,0
20100525 011500,129.140000,129.160000,129.140000,129.150000,0
20100525 011600,129.140000,129.170000,129.140000,129.170000,0
20100525 011700,129.170000,129.170000,129.150000,129.170000,0
20100525 011800,129.150000,129.160000,129.150000,129.150000,0
20100525 011900,129.130000,129.130000,129.050000,129.050000,0
20100525 012000,129.060000,129.090000,129.040000,129.070000,0
20100525 012100,129.080000,129.090000,129.040000,129.060000,0
20100525 012200,129.070000,129.100000,129.070000,129.080000,0
20100525 012300,129.080000,129.100000,129.070000,129.090000,0
20100525 012400,129.090000,129.090000,129.040000,129.050000,0
20100525 012500,129.050000,129.090000,129.040000,129.040000,0
20100525 012600,129.050000,129.060000,128.950000,128.970000,0
20100525 012700,128.970000,128.980000,128.930000,128.960000,0
20100525 012800,128.970000,129.010000,128.960000,129.000000,0
20100525 012900,129.000000,129.010000,128.900000,128.920000,0
20100525 013000,128.910000,128.940000,128.880000,128.890000,0
20100525 013100,128.900000,128.920000,128.800000,128.810000,0
20100525 013200,128.800000,128.830000,128.780000,128.790000,0
20100525 013300,128.810000,128.930000,128.790000,128.910000,0
20100525 013400,128.920000,128.970000,128.870000,128.930000,0
20100525 013500,128.940000,128.950000,128.910000,128.920000,0
20100525 013600,128.910000,128.980000,128.880000,128.980000,0
20100525 013700,128.980000,128.990000,128.930000,128.950000,0
20100525 013800,128.960000,128.970000,128.950000,128.970000,0
20100525 013900,128.960000,128.960000,128.910000,128.910000,0
20100525 014000,128.900000,128.900000,128.850000,128.850000,0
20100525 014100,128.860000,128.890000,128.810000,128.820000,0
20100525 014200,128.830000,128.850000,128.680000,128.710000,0
20100525 014300,128.720000,128.780000,128.660000,128.770000,0
20100525 014400,128.780000,128.900000,128.770000,128.860000,0
20100525 014500,128.860000,128.860000,128.680000,128.780000,0
20100525 014600,128.770000,128.820000,128.750000,128.800000,0
20100525 014700,128.800000,128.800000,128.590000,128.610000,0
20100525 014800,128.610000,128.710000,128.600000,128.710000,0
20100525 014900,128.700000,128.720000,128.660000,128.680000,0
20100525 015000,128.680000,128.720000,128.670000,128.720000,0
20100525 015100,128.730000,128.730000,128.620000,128.620000,0
20100525 015200,128.620000,128.620000,128.520000,128.590000,0
20100525 015300,128.590000,128.630000,128.590000,128.610000,0
20100525 015400,128.620000,128.670000,128.590000,128.590000,0
20100525 015500,128.600000,128.630000,128.550000,128.550000,0
20100525 015600,128.540000,128.630000,128.540000,128.630000,0
20100525 015700,128.640000,128.770000,128.640000,128.680000,0
20100525 015800,128.660000,128.710000,128.570000,128.590000,0
20100525 015900,128.580000,128.690000,128.570000,128.660000,0
20100525 020000,128.670000,128.680000,128.610000,128.620000,0
20100525 020100,128.620000,128.620000,128.570000,128.590000,0
20100525 020200,128.580000,128.680000,128.570000,128.680000,0
20100525 020300,128.680000,128.770000,128.670000,128.770000,0
20100525 020400,128.770000,128.810000,128.740000,128.740000,0
20100525 020500,128.740000,128.810000,128.740000,128.810000,0
20100525 020600,128.810000,128.940000,128.810000,128.860000,0
20100525 020700,128.870000,128.880000,128.710000,128.750000,0
20100525 020800,128.760000,128.790000,128.700000,128.710000,0
20100525 020900,128.730000,128.760000,128.690000,128.690000,0
20100525 021000,128.690000,128.690000,128.570000,128.590000,0
20100525 021100,128.590000,128.600000,128.410000,128.490000,0
20100525 021200,128.500000,128.610000,128.500000,128.550000,0
20100525 021300,128.540000,128.580000,128.510000,128.510000,0
20100525 021400,128.500000,128.510000,128.360000,128.370000,0
20100525 021500,128.370000,128.430000,128.330000,128.360000,0
20100525 021600,128.350000,128.440000,128.320000,128.350000,0
20100525 021700,128.360000,128.380000,128.340000,128.370000,0
20100525 021800,128.370000,128.530000,128.360000,128.510000,0
20100525 021900,128.510000,128.590000,128.490000,128.490000,0
20100525 022000,128.490000,128.490000,128.400000,128.400000,0
20100525 022100,128.400000,128.400000,128.300000,128.360000,0
20100525 022200,128.350000,128.430000,128.350000,128.420000,0
20100525 022300,128.410000,128.420000,128.330000,128.330000,0
20100525 022400,128.320000,128.470000,128.320000,128.410000,0
20100525 022500,128.400000,128.450000,128.390000,128.400000,0
20100525 022600,128.400000,128.430000,128.340000,128.420000,0
20100525 022700,128.430000,128.460000,128.360000,128.380000,0
20100525 022800,128.390000,128.560000,128.390000,128.530000,0
20100525 022900,128.520000,128.660000,128.520000,128.660000,0
20100525 023000,128.670000,128.670000,128.600000,128.620000,0
20100525 023100,128.600000,128.670000,128.580000,128.580000,0
20100525 023200,128.590000,128.620000,128.420000,128.480000,0
20100525 023300,128.480000,128.520000,128.450000,128.470000,0
20100525 023400,128.480000,128.500000,128.380000,128.410000,0
20100525 023500,128.420000,128.590000,128.410000,128.570000,0
20100525 023600,128.560000,128.660000,128.560000,128.600000,0
20100525 023700,128.610000,128.650000,128.590000,128.640000,0
20100525 023800,128.650000,128.670000,128.620000,128.640000,0
20100525 023900,128.640000,128.660000,128.610000,128.660000,0
20100525 024000,128.650000,128.710000,128.630000,128.630000,0
20100525 024100,128.630000,128.710000,128.620000,128.700000,0
20100525 024200,128.710000,128.760000,128.700000,128.730000,0
20100525 024300,128.720000,128.850000,128.700000,128.810000,0
20100525 024400,128.800000,128.810000,128.630000,128.670000,0
20100525 024500,128.650000,128.670000,128.480000,128.480000,0
20100525 024600,128.460000,128.610000,128.390000,128.480000,0
20100525 024700,128.470000,128.570000,128.460000,128.530000,0
20100525 024800,128.520000,128.610000,128.490000,128.530000,0
20100525 024900,128.540000,128.570000,128.510000,128.520000,0
20100525 025000,128.510000,128.540000,128.510000,128.540000,0
20100525 025100,128.530000,128.540000,128.500000,128.520000,0
20100525 025200,128.530000,128.590000,128.470000,128.480000,0
20100525 025300,128.480000,128.480000,128.380000,128.390000,0
20100525 025400,128.380000,128.410000,128.330000,128.340000,0
20100525 025500,128.330000,128.500000,128.330000,128.470000,0
20100525 025600,128.460000,128.460000,128.320000,128.360000,0
20100525 025700,128.350000,128.360000,128.290000,128.320000,0
20100525 025800,128.330000,128.490000,128.330000,128.490000,0
20100525 025900,128.510000,128.620000,128.500000,128.510000,0
20100525 030000,128.500000,128.550000,128.490000,128.500000,0
20100525 030100,128.500000,128.510000,128.350000,128.450000,0
20100525 030200,128.440000,128.580000,128.440000,128.520000,0
20100525 030300,128.510000,128.610000,128.510000,128.560000,0
20100525 030400,128.560000,128.650000,128.540000,128.610000,0
20100525 030500,128.610000,128.700000,128.590000,128.650000,0
20100525 030600,128.630000,128.640000,128.590000,128.620000,0
20100525 030700,128.620000,128.700000,128.610000,128.610000,0
20100525 030800,128.610000,128.680000,128.600000,128.660000,0
20100525 030900,128.650000,128.740000,128.640000,128.690000,0
20100525 031000,128.690000,128.720000,128.620000,128.720000,0
20100525 031100,128.710000,128.710000,128.580000,128.600000,0
20100525 031200,128.620000,128.710000,128.610000,128.700000,0
20100525 031300,128.710000,128.710000,128.540000,128.660000,0
20100525 031400,128.670000,128.670000,128.560000,128.600000,0
20100525 031500,128.590000,128.610000,128.510000,128.510000,0
20100525 031600,128.520000,128.580000,128.500000,128.500000,0
20100525 031700,128.510000,128.570000,128.500000,128.540000,0
20100525 031800,128.550000,128.640000,128.540000,128.630000,0
20100525 031900,128.640000,128.690000,128.610000,128.680000,0
20100525 032000,128.670000,128.690000,128.640000,128.690000,0
20100525 032100,128.690000,128.690000,128.480000,128.500000,0
20100525 032200,128.500000,128.500000,128.370000,128.470000,0
20100525 032300,128.470000,128.520000,128.430000,128.460000,0
20100525 032400,128.460000,128.540000,128.450000,128.460000,0
20100525 032500,128.470000,128.620000,128.470000,128.610000,0
20100525 032600,128.600000,128.660000,128.590000,128.590000,0
20100525 032700,128.600000,128.610000,128.410000,128.420000,0
20100525 032800,128.420000,128.420000,128.240000,128.240000,0
20100525 032900,128.250000,128.270000,128.190000,128.220000,0
20100525 033000,128.230000,128.230000,128.140000,128.140000,0
20100525 033100,128.150000,128.160000,128.090000,128.120000,0
20100525 033200,128.110000,128.130000,128.080000,128.120000,0
20100525 033300,128.110000,128.280000,128.110000,128.250000,0
20100525 033400,128.250000,128.260000,128.100000,128.120000,0
20100525 033500,128.130000,128.190000,128.040000,128.040000,0
20100525 033600,128.050000,128.070000,127.970000,128.020000,0
20100525 033700,128.010000,128.130000,128.000000,128.040000,0
20100525 033800,128.030000,128.060000,127.970000,128.000000,0
20100525 033900,128.000000,128.080000,127.990000,128.020000,0
20100525 034000,128.010000,128.110000,127.970000,127.980000,0
20100525 034100,127.970000,128.080000,127.890000,128.060000,0
20100525 034200,128.060000,128.150000,127.980000,128.010000,0
20100525 034300,128.010000,128.140000,127.950000,128.090000,0
20100525 034400,128.080000,128.130000,128.000000,128.020000,0
20100525 034500,128.030000,128.140000,128.030000,128.140000,0
20100525 034600,128.140000,128.290000,128.140000,128.270000,0
20100525 034700,128.270000,128.290000,128.170000,128.170000,0
20100525 034800,128.180000,128.310000,128.150000,128.310000,0
20100525 034900,128.310000,128.390000,128.260000,128.350000,0
20100525 035000,128.340000,128.450000,128.340000,128.440000,0
20100525 035100,128.430000,128.440000,128.250000,128.260000,0
20100525 035200,128.270000,128.360000,128.270000,128.300000,0
20100525 035300,128.290000,128.300000,128.210000,128.270000,0
20100525 035400,128.260000,128.270000,128.080000,128.100000,0
20100525 035500,128.120000,128.200000,128.110000,128.180000,0
20100525 035600,128.190000,128.290000,128.180000,128.250000,0
20100525 035700,128.250000,128.320000,128.250000,128.290000,0
20100525 035800,128.280000,128.290000,128.230000,128.250000,0
20100525 035900,128.240000,128.290000,128.240000,128.280000,0
20100525 040000,128.270000,128.290000,128.260000,128.260000,0
20100525 040100,128.270000,128.300000,128.210000,128.290000,0
20100525 040200,128.300000,128.300000,128.210000,128.220000,0
20100525 040300,128.210000,128.210000,128.140000,128.200000,0
20100525 040400,128.190000,128.190000,128.120000,128.140000,0
20100525 040500,128.140000,128.160000,128.090000,128.150000,0
20100525 040600,128.160000,128.250000,128.140000,128.180000,0
20100525 040700,128.180000,128.290000,128.170000,128.290000,0
20100525 040800,128.280000,128.290000,128.210000,128.240000,0
20100525 040900,128.230000,128.250000,128.150000,128.200000,0
20100525 041000,128.200000,128.290000,128.200000,128.250000,0
20100525 041100,128.260000,128.280000,128.200000,128.260000,0
20100525 041200,128.260000,128.300000,128.230000,128.260000,0
20100525 041300,128.280000,128.300000,128.250000,128.270000,0
20100525 041400,128.270000,128.270000,128.230000,128.270000,0
20100525 041500,128.280000,128.290000,128.250000,128.280000,0
20100525 041600,128.270000,128.280000,128.230000,128.250000,0
20100525 041700,128.260000,128.270000,128.230000,128.230000,0
20100525 041800,128.250000,128.250000,128.140000,128.170000,0
20100525 041900,128.170000,128.170000,128.050000,128.070000,0
20100525 042000,128.070000,128.130000,128.070000,128.090000,0
20100525 042100,128.070000,128.170000,128.040000,128.160000,0
20100525 042200,128.150000,128.230000,128.150000,128.220000,0
20100525 042300,128.220000,128.340000,128.210000,128.330000,0
20100525 042400,128.310000,128.360000,128.270000,128.360000,0
20100525 042500,128.340000,128.340000,128.290000,128.310000,0
20100525 042600,128.320000,128.360000,128.300000,128.340000,0
20100525 042700,128.330000,128.340000,128.280000,128.320000,0
20100525 042800,128.320000,128.470000,128.310000,128.450000,0
20100525 042900,128.460000,128.460000,128.380000,128.380000,0
20100525 043000,128.370000,128.420000,128.370000,128.400000,0
20100525 043100,128.410000,128.440000,128.390000,128.410000,0
20100525 043200,128.420000,128.470000,128.400000,128.460000,0
20100525 043300,128.460000,128.560000,128.450000,128.510000,0
20100525 043400,128.510000,128.520000,128.420000,128.420000,0
20100525 043500,128.420000,128.420000,128.330000,128.370000,0
20100525 043600,128.360000,128.370000,128.300000,128.330000,0
20100525 043700,128.340000,128.340000,128.310000,128.310000,0
20100525 043800,128.310000,128.310000,128.260000,128.270000,0
20100525 043900,128.260000,128.260000,128.190000,128.210000,0
20100525 044000,128.210000,128.220000,128.150000,128.170000,0
20100525 044100,128.160000,128.160000,128.120000,128.130000,0
20100525 044200,128.120000,128.200000,128.120000,128.160000,0
20100525 044300,128.160000,128.160000,128.110000,128.120000,0
20100525 044400,128.120000,128.180000,128.120000,128.150000,0
20100525 044500,128.150000,128.210000,128.130000,128.170000,0
20100525 044600,128.170000,128.180000,128.130000,128.140000,0
20100525 044700,128.150000,128.170000,128.130000,128.150000,0
20100525 044800,128.150000,128.160000,128.040000,128.080000,0
20100525 044900,128.060000,128.140000,128.050000,128.130000,0
20100525 045000,128.120000,128.130000,128.000000,128.040000,0
20100525 045100,128.040000,128.090000,128.010000,128.070000,0
20100525 045200,128.080000,128.080000,127.990000,127.990000,0
20100525 045300,128.000000,128.050000,127.840000,127.850000,0
20100525 045400,127.850000,127.990000,127.820000,127.970000,0
20100525 045500,127.970000,127.970000,127.870000,127.910000,0
20100525 045600,127.900000,127.920000,127.860000,127.900000,0
20100525 045700,127.900000,127.910000,127.840000,127.880000,0
20100525 045800,127.880000,127.930000,127.870000,127.900000,0
20100525 045900,127.900000,127.950000,127.900000,127.920000,0
20100525 050000,127.920000,127.940000,127.880000,127.920000,0
20100525 050100,127.910000,128.010000,127.910000,127.980000,0
20100525 050200,127.990000,128.030000,127.940000,127.940000,0
20100525 050300,127.950000,127.990000,127.900000,127.970000,0
20100525 050400,127.980000,128.000000,127.930000,127.980000,0
20100525 050500,127.970000,128.000000,127.940000,128.000000,0
20100525 050600,128.010000,128.040000,127.940000,127.970000,0
20100525 050700,127.980000,128.020000,127.940000,127.990000,0
20100525 050800,127.990000,128.030000,127.980000,127.980000,0
20100525 050900,127.980000,128.240000,127.980000,128.150000,0
20100525 051000,128.140000,128.180000,128.010000,128.010000,0
20100525 051100,128.020000,128.050000,128.010000,128.010000,0
20100525 051200,128.020000,128.120000,128.020000,128.070000,0
20100525 051300,128.070000,128.090000,128.030000,128.090000,0
20100525 051400,128.080000,128.110000,128.030000,128.030000,0
20100525 051500,128.030000,128.060000,128.020000,128.030000,0
20100525 051600,128.020000,128.120000,128.020000,128.110000,0
20100525 051700,128.100000,128.180000,128.080000,128.150000,0
20100525 051800,128.160000,128.200000,128.150000,128.170000,0
20100525 051900,128.170000,128.270000,128.160000,128.160000,0
20100525 052000,128.170000,128.250000,128.150000,128.230000,0
20100525 052100,128.230000,128.290000,128.200000,128.240000,0
20100525 052200,128.240000,128.260000,128.190000,128.260000,0
20100525 052300,128.270000,128.350000,128.250000,128.350000,0
20100525 052400,128.350000,128.410000,128.310000,128.330000,0
20100525 052500,128.320000,128.330000,128.170000,128.170000,0
20100525 052600,128.170000,128.200000,128.150000,128.200000,0
20100525 052700,128.210000,128.290000,128.210000,128.260000,0
20100525 052800,128.250000,128.270000,128.220000,128.220000,0
20100525 052900,128.210000,128.260000,128.200000,128.260000,0
20100525 053000,128.270000,128.290000,128.180000,128.220000,0
20100525 053100,128.210000,128.260000,128.170000,128.170000,0
20100525 053200,128.160000,128.200000,128.080000,128.140000,0
20100525 053300,128.140000,128.170000,128.100000,128.150000,0
20100525 053400,128.150000,128.150000,128.040000,128.060000,0
20100525 053500,128.050000,128.070000,128.010000,128.060000,0
20100525 053600,128.070000,128.140000,128.060000,128.070000,0
20100525 053700,128.060000,128.130000,128.060000,128.100000,0
20100525 053800,128.100000,128.160000,128.060000,128.150000,0
20100525 053900,128.160000,128.190000,128.120000,128.120000,0
20100525 054000,128.120000,128.120000,128.020000,128.020000,0
20100525 054100,128.020000,128.060000,128.000000,128.030000,0
20100525 054200,128.020000,128.040000,127.950000,127.970000,0
20100525 054300,127.970000,127.990000,127.920000,127.940000,0
20100525 054400,127.930000,127.990000,127.900000,127.940000,0
20100525 054500,127.950000,128.000000,127.920000,127.980000,0
20100525 054600,127.990000,128.020000,127.950000,128.020000,0
20100525 054700,128.030000,128.030000,127.990000,128.020000,0
20100525 054800,128.030000,128.040000,127.990000,127.990000,0
20100525 054900,127.980000,128.010000,127.970000,128.010000,0
20100525 055000,128.010000,128.020000,127.930000,127.930000,0
20100525 055100,127.930000,128.040000,127.910000,128.040000,0
20100525 055200,128.030000,128.050000,127.990000,128.050000,0
20100525 055300,128.050000,128.080000,128.010000,128.060000,0
20100525 055400,128.050000,128.130000,128.020000,128.040000,0
20100525 055500,128.040000,128.060000,128.020000,128.050000,0
20100525 055600,128.030000,128.100000,128.030000,128.100000,0
20100525 055700,128.100000,128.160000,128.050000,128.060000,0
20100525 055800,128.070000,128.150000,128.060000,128.140000,0
20100525 055900,128.140000,128.140000,128.030000,128.040000,0
20100525 060000,128.060000,128.100000,127.870000,127.910000,0
20100525 060100,127.900000,127.950000,127.800000,127.810000,0
20100525 060200,127.800000,127.840000,127.620000,127.660000,0
20100525 060300,127.650000,127.760000,127.640000,127.760000,0
20100525 060400,127.770000,127.850000,127.770000,127.800000,0
20100525 060500,127.800000,127.890000,127.750000,127.870000,0
20100525 060600,127.860000,127.890000,127.750000,127.750000,0
20100525 060700,127.760000,127.820000,127.740000,127.810000,0
20100525 060800,127.820000,127.850000,127.710000,127.710000,0
20100525 060900,127.720000,127.790000,127.710000,127.770000,0
20100525 061000,127.770000,127.800000,127.740000,127.780000,0
20100525 061100,127.770000,127.780000,127.730000,127.750000,0
20100525 061200,127.760000,127.820000,127.750000,127.810000,0
20100525 061300,127.800000,127.800000,127.770000,127.790000,0
20100525 061400,127.780000,127.840000,127.780000,127.810000,0
20100525 061500,127.810000,127.820000,127.770000,127.770000,0
20100525 061600,127.770000,127.860000,127.740000,127.860000,0
20100525 061700,127.860000,127.920000,127.850000,127.910000,0
20100525 061800,127.910000,127.930000,127.850000,127.880000,0
20100525 061900,127.890000,127.900000,127.820000,127.820000,0
20100525 062000,127.830000,127.890000,127.820000,127.880000,0
20100525 062100,127.880000,127.890000,127.780000,127.790000,0
20100525 062200,127.790000,127.790000,127.720000,127.740000,0
20100525 062300,127.730000,127.780000,127.640000,127.640000,0
20100525 062400,127.640000,127.680000,127.610000,127.670000,0
20100525 062500,127.680000,127.800000,127.670000,127.780000,0
20100525 062600,127.790000,127.860000,127.770000,127.850000,0
20100525 062700,127.850000,127.880000,127.820000,127.830000,0
20100525 062800,127.820000,127.940000,127.820000,127.940000,0
20100525 062900,127.940000,127.970000,127.920000,127.940000,0
20100525 063000,127.960000,128.030000,127.950000,128.030000,0
20100525 063100,128.020000,128.070000,127.970000,128.070000,0
20100525 063200,128.060000,128.070000,128.010000,128.020000,0
20100525 063300,128.040000,128.040000,128.020000,128.020000,0
20100525 063400,128.030000,128.110000,128.030000,128.100000,0
20100525 063500,128.090000,128.150000,128.080000,128.140000,0
20100525 063600,128.150000,128.180000,128.140000,128.150000,0
20100525 063700,128.140000,128.150000,128.030000,128.030000,0
20100525 063800,128.020000,128.060000,127.960000,127.990000,0
20100525 063900,128.000000,128.060000,127.950000,127.970000,0
20100525 064000,127.980000,128.210000,127.980000,128.210000,0
20100525 064100,128.210000,128.220000,128.130000,128.170000,0
20100525 064200,128.180000,128.200000,128.080000,128.080000,0
20100525 064300,128.090000,128.100000,128.020000,128.080000,0
20100525 064400,128.090000,128.180000,128.080000,128.100000,0
20100525 064500,128.090000,128.150000,128.060000,128.070000,0
20100525 064600,128.080000,128.090000,128.050000,128.050000,0
20100525 064700,128.060000,128.080000,128.020000,128.020000,0
20100525 064800,128.020000,128.050000,127.970000,127.990000,0
20100525 064900,127.990000,128.030000,127.940000,127.960000,0
20100525 065000,127.970000,128.000000,127.920000,127.950000,0
20100525 065100,127.960000,128.020000,127.940000,127.940000,0
20100525 065200,127.950000,127.960000,127.910000,127.910000,0
20100525 065300,127.910000,127.910000,127.790000,127.850000,0
20100525 065400,127.870000,127.910000,127.850000,127.880000,0
20100525 065500,127.890000,127.940000,127.860000,127.940000,0
20100525 065600,127.950000,128.030000,127.930000,127.940000,0
20100525 065700,127.930000,127.940000,127.880000,127.920000,0
20100525 065800,127.930000,127.980000,127.920000,127.980000,0
20100525 065900,127.980000,128.080000,127.970000,128.010000,0
20100525 070000,128.000000,128.060000,128.000000,128.010000,0
20100525 070100,128.000000,128.020000,127.990000,127.990000,0
20100525 070200,128.010000,128.110000,128.000000,128.110000,0
20100525 070300,128.100000,128.120000,128.060000,128.090000,0
20100525 070400,128.080000,128.100000,128.000000,128.010000,0
20100525 070500,128.020000,128.030000,127.920000,127.930000,0
20100525 070600,127.920000,127.920000,127.840000,127.890000,0
20100525 070700,127.880000,127.990000,127.860000,127.960000,0
20100525 070800,127.950000,127.960000,127.890000,127.920000,0
20100525 070900,127.930000,127.940000,127.890000,127.930000,0
20100525 071000,127.920000,127.970000,127.920000,127.930000,0
20100525 071100,127.950000,127.960000,127.910000,127.930000,0
20100525 071200,127.940000,127.970000,127.890000,127.900000,0
20100525 071300,127.890000,127.960000,127.890000,127.960000,0
20100525 071400,127.960000,127.990000,127.890000,127.890000,0
20100525 071500,127.900000,127.920000,127.780000,127.780000,0
20100525 071600,127.790000,127.860000,127.710000,127.800000,0
20100525 071700,127.810000,127.830000,127.770000,127.820000,0
20100525 071800,127.830000,127.890000,127.830000,127.870000,0
20100525 071900,127.880000,128.020000,127.880000,128.020000,0
20100525 072000,128.040000,128.150000,128.030000,128.090000,0
20100525 072100,128.090000,128.130000,128.060000,128.070000,0
20100525 072200,128.060000,128.080000,127.950000,127.950000,0
20100525 072300,127.940000,127.980000,127.910000,127.930000,0
20100525 072400,127.920000,127.960000,127.850000,127.860000,0
20100525 072500,127.860000,127.970000,127.840000,127.970000,0
20100525 072600,127.960000,128.030000,127.950000,128.010000,0
20100525 072700,128.000000,128.040000,127.960000,128.020000,0
20100525 072800,128.030000,128.040000,128.020000,128.030000,0
20100525 072900,128.040000,128.060000,127.990000,128.010000,0
20100525 073000,128.000000,128.020000,127.940000,128.010000,0
20100525 073100,128.000000,128.060000,127.940000,127.940000,0
20100525 073200,127.950000,127.990000,127.880000,127.910000,0
20100525 073300,127.910000,127.940000,127.810000,127.820000,0
20100525 073400,127.810000,127.920000,127.810000,127.870000,0
20100525 073500,127.860000,127.940000,127.840000,127.920000,0
20100525 073600,127.920000,128.010000,127.910000,127.970000,0
20100525 073700,127.980000,128.060000,127.980000,128.050000,0
20100525 073800,128.050000,128.080000,128.020000,128.040000,0
20100525 073900,128.050000,128.060000,127.920000,128.020000,0
20100525 074000,128.020000,128.030000,127.940000,127.940000,0
20100525 074100,127.950000,128.010000,127.940000,127.970000,0
20100525 074200,127.980000,128.010000,127.930000,128.000000,0
20100525 074300,128.000000,128.000000,127.960000,127.980000,0
20100525 074400,127.970000,128.000000,127.940000,127.960000,0
20100525 074500,127.970000,128.000000,127.960000,127.980000,0
20100525 074600,127.980000,128.030000,127.980000,128.030000,0
20100525 074700,128.040000,128.130000,128.040000,128.100000,0
20100525 074800,128.100000,128.190000,128.060000,128.160000,0
20100525 074900,128.160000,128.160000,127.960000,127.990000,0
20100525 075000,128.000000,128.120000,127.990000,128.120000,0
20100525 075100,128.120000,128.140000,128.060000,128.130000,0
20100525 075200,128.130000,128.130000,128.090000,128.120000,0
20100525 075300,128.110000,128.110000,128.080000,128.090000,0
20100525 075400,128.090000,128.130000,128.060000,128.120000,0
20100525 075500,128.130000,128.150000,128.100000,128.130000,0
20100525 075600,128.140000,128.150000,128.090000,128.100000,0
20100525 075700,128.110000,128.130000,128.090000,128.120000,0
20100525 075800,128.120000,128.200000,128.120000,128.170000,0
20100525 075900,128.170000,128.360000,128.170000,128.230000,0
20100525 080000,128.220000,128.250000,128.160000,128.240000,0
20100525 080100,128.250000,128.400000,128.220000,128.270000,0
20100525 080200,128.280000,128.310000,128.240000,128.300000,0
20100525 080300,128.290000,128.370000,128.280000,128.370000,0
20100525 080400,128.350000,128.360000,128.280000,128.290000,0
20100525 080500,128.300000,128.300000,128.240000,128.250000,0
20100525 080600,128.240000,128.260000,128.200000,128.200000,0
20100525 080700,128.190000,128.270000,128.160000,128.270000,0
20100525 080800,128.260000,128.260000,128.190000,128.200000,0
20100525 080900,128.210000,128.280000,128.200000,128.280000,0
20100525 081000,128.270000,128.340000,128.270000,128.320000,0
20100525 081100,128.330000,128.410000,128.320000,128.400000,0
20100525 081200,128.400000,128.470000,128.390000,128.470000,0
20100525 081300,128.480000,128.510000,128.410000,128.440000,0
20100525 081400,128.430000,128.530000,128.390000,128.500000,0
20100525 081500,128.490000,128.510000,128.430000,128.440000,0
20100525 081600,128.440000,128.460000,128.430000,128.440000,0
20100525 081700,128.440000,128.480000,128.390000,128.390000,0
20100525 081800,128.380000,128.440000,128.380000,128.420000,0
20100525 081900,128.410000,128.480000,128.410000,128.460000,0
20100525 082000,128.450000,128.650000,128.420000,128.650000,0
20100525 082100,128.650000,128.650000,128.510000,128.530000,0
20100525 082200,128.520000,128.530000,128.460000,128.460000,0
20100525 082300,128.470000,128.490000,128.450000,128.460000,0
20100525 082400,128.450000,128.520000,128.420000,128.510000,0
20100525 082500,128.520000,128.630000,128.490000,128.580000,0
20100525 082600,128.590000,128.670000,128.580000,128.620000,0
20100525 082700,128.620000,128.690000,128.620000,128.690000,0
20100525 082800,128.690000,128.690000,128.600000,128.620000,0
20100525 082900,128.620000,128.680000,128.620000,128.660000,0
20100525 083000,128.660000,128.660000,128.560000,128.610000,0
20100525 083100,128.620000,128.620000,128.500000,128.520000,0
20100525 083200,128.530000,128.580000,128.510000,128.580000,0
20100525 083300,128.570000,128.590000,128.520000,128.570000,0
20100525 083400,128.560000,128.620000,128.500000,128.610000,0
20100525 083500,128.620000,128.620000,128.500000,128.580000,0
20100525 083600,128.570000,128.600000,128.550000,128.570000,0
20100525 083700,128.580000,128.610000,128.560000,128.590000,0
20100525 083800,128.570000,128.570000,128.500000,128.540000,0
20100525 083900,128.530000,128.630000,128.520000,128.630000,0
20100525 084000,128.630000,128.630000,128.510000,128.520000,0
20100525 084100,128.510000,128.540000,128.460000,128.460000,0
20100525 084200,128.470000,128.500000,128.430000,128.450000,0
20100525 084300,128.440000,128.480000,128.420000,128.420000,0
20100525 084400,128.410000,128.410000,128.290000,128.290000,0
20100525 084500,128.300000,128.350000,128.260000,128.260000,0
20100525 084600,128.250000,128.260000,128.170000,128.250000,0
20100525 084700,128.260000,128.280000,128.210000,128.250000,0
20100525 084800,128.260000,128.300000,128.230000,128.290000,0
20100525 084900,128.280000,128.320000,128.210000,128.210000,0
20100525 085000,128.200000,128.280000,128.170000,128.280000,0
20100525 085100,128.280000,128.360000,128.280000,128.340000,0
20100525 085200,128.350000,128.370000,128.210000,128.270000,0
20100525 085300,128.270000,128.270000,128.180000,128.180000,0
20100525 085400,128.170000,128.200000,128.120000,128.140000,0
20100525 085500,128.150000,128.170000,128.130000,128.130000,0
20100525 085600,128.120000,128.130000,127.950000,128.040000,0
20100525 085700,128.040000,128.080000,127.960000,127.970000,0
20100525 085800,127.980000,128.110000,127.970000,128.110000,0
20100525 085900,128.110000,128.200000,128.090000,128.200000,0
20100525 090000,128.190000,128.190000,128.060000,128.110000,0
20100525 090100,128.110000,128.130000,127.990000,128.010000,0
20100525 090200,128.020000,128.070000,128.000000,128.040000,0
20100525 090300,128.050000,128.150000,128.050000,128.060000,0
20100525 090400,128.060000,128.110000,127.980000,128.070000,0
20100525 090500,128.070000,128.090000,127.980000,128.070000,0
20100525 090600,128.080000,128.090000,128.010000,128.060000,0
20100525 090700,128.070000,128.090000,127.990000,128.080000,0
20100525 090800,128.070000,128.130000,128.050000,128.090000,0
20100525 090900,128.100000,128.110000,128.030000,128.080000,0
20100525 091000,128.080000,128.110000,128.020000,128.110000,0
20100525 091100,128.110000,128.150000,128.050000,128.060000,0
20100525 091200,128.080000,128.140000,128.040000,128.140000,0
20100525 091300,128.130000,128.140000,128.090000,128.100000,0
20100525 091400,128.090000,128.220000,128.090000,128.220000,0
20100525 091500,128.210000,128.210000,128.170000,128.190000,0
20100525 091600,128.180000,128.220000,128.160000,128.210000,0
20100525 091700,128.210000,128.260000,128.160000,128.260000,0
20100525 091800,128.250000,128.380000,128.250000,128.340000,0
20100525 091900,128.350000,128.360000,128.320000,128.330000,0
20100525 092000,128.320000,128.340000,128.240000,128.240000,0
20100525 092100,128.240000,128.260000,128.190000,128.190000,0
20100525 092200,128.180000,128.210000,128.140000,128.210000,0
20100525 092300,128.220000,128.300000,128.180000,128.300000,0
20100525 092400,128.290000,128.330000,128.170000,128.220000,0
20100525 092500,128.230000,128.230000,128.100000,128.190000,0
20100525 092600,128.200000,128.250000,128.150000,128.190000,0
20100525 092700,128.200000,128.280000,128.190000,128.260000,0
20100525 092800,128.270000,128.320000,128.240000,128.300000,0
20100525 092900,128.290000,128.300000,128.210000,128.230000,0
20100525 093000,128.240000,128.270000,128.100000,128.230000,0
20100525 093100,128.220000,128.330000,128.160000,128.250000,0
20100525 093200,128.260000,128.270000,128.170000,128.190000,0
20100525 093300,128.180000,128.420000,128.180000,128.340000,0
20100525 093400,128.340000,128.350000,128.250000,128.340000,0
20100525 093500,128.340000,128.340000,128.140000,128.260000,0
20100525 093600,128.250000,128.300000,128.190000,128.200000,0
20100525 093700,128.210000,128.240000,128.090000,128.100000,0
20100525 093800,128.110000,128.190000,128.100000,128.150000,0
20100525 093900,128.140000,128.200000,128.110000,128.180000,0
20100525 094000,128.170000,128.170000,127.990000,128.030000,0
20100525 094100,128.040000,128.080000,128.010000,128.060000,0
20100525 094200,128.070000,128.110000,127.990000,128.060000,0
20100525 094300,128.070000,128.150000,128.060000,128.120000,0
20100525 094400,128.130000,128.220000,128.130000,128.170000,0
20100525 094500,128.190000,128.200000,128.080000,128.150000,0
20100525 094600,128.160000,128.330000,128.160000,128.240000,0
20100525 094700,128.250000,128.270000,128.180000,128.220000,0
20100525 094800,128.210000,128.370000,128.200000,128.360000,0
20100525 094900,128.380000,128.450000,128.270000,128.310000,0
20100525 095000,128.340000,128.360000,128.260000,128.350000,0
20100525 095100,128.340000,128.370000,128.290000,128.310000,0
20100525 095200,128.330000,128.500000,128.310000,128.380000,0
20100525 095300,128.360000,128.440000,128.330000,128.380000,0
20100525 095400,128.370000,128.500000,128.370000,128.460000,0
20100525 095500,128.470000,128.520000,128.410000,128.520000,0
20100525 095600,128.510000,128.580000,128.470000,128.480000,0
20100525 095700,128.470000,128.470000,128.370000,128.380000,0
20100525 095800,128.370000,128.450000,128.360000,128.450000,0
20100525 095900,128.440000,128.500000,128.400000,128.420000,0
20100525 100000,128.440000,128.710000,128.440000,128.470000,0
20100525 100100,128.460000,128.520000,128.390000,128.430000,0
20100525 100200,128.440000,128.580000,128.370000,128.580000,0
20100525 100300,128.590000,128.710000,128.590000,128.690000,0
20100525 100400,128.700000,128.900000,128.690000,128.870000,0
20100525 100500,128.880000,128.880000,128.630000,128.680000,0
20100525 100600,128.690000,128.690000,128.500000,128.510000,0
20100525 100700,128.520000,128.700000,128.500000,128.670000,0
20100525 100800,128.660000,128.660000,128.430000,128.490000,0
20100525 100900,128.480000,128.580000,128.480000,128.530000,0
20100525 101000,128.530000,128.530000,128.460000,128.490000,0
20100525 101100,128.490000,128.490000,128.380000,128.410000,0
20100525 101200,128.400000,128.510000,128.390000,128.480000,0
20100525 101300,128.470000,128.610000,128.470000,128.570000,0
20100525 101400,128.580000,128.650000,128.430000,128.650000,0
20100525 101500,128.640000,128.740000,128.590000,128.710000,0
20100525 101600,128.720000,128.810000,128.610000,128.610000,0
20100525 101700,128.580000,128.670000,128.530000,128.640000,0
20100525 101800,128.640000,128.690000,128.530000,128.540000,0
20100525 101900,128.550000,128.560000,128.460000,128.520000,0
20100525 102000,128.530000,128.580000,128.440000,128.480000,0
20100525 102100,128.480000,128.500000,128.430000,128.470000,0
20100525 102200,128.460000,128.520000,128.410000,128.410000,0
20100525 102300,128.400000,128.550000,128.400000,128.470000,0
20100525 102400,128.460000,128.530000,128.400000,128.500000,0
20100525 102500,128.490000,128.590000,128.490000,128.550000,0
20100525 102600,128.560000,128.560000,128.440000,128.460000,0
20100525 102700,128.440000,128.460000,128.390000,128.420000,0
20100525 102800,128.420000,128.470000,128.350000,128.370000,0
20100525 102900,128.360000,128.360000,128.280000,128.290000,0
20100525 103000,128.300000,128.310000,128.260000,128.300000,0
20100525 103100,128.310000,128.410000,128.270000,128.400000,0
20100525 103200,128.400000,128.410000,128.340000,128.390000,0
20100525 103300,128.380000,128.390000,128.270000,128.280000,0
20100525 103400,128.290000,128.290000,128.220000,128.230000,0
20100525 103500,128.220000,128.310000,128.210000,128.290000,0
20100525 103600,128.300000,128.400000,128.300000,128.390000,0
20100525 103700,128.370000,128.390000,128.270000,128.280000,0
20100525 103800,128.270000,128.330000,128.220000,128.270000,0
20100525 103900,128.290000,128.300000,128.210000,128.210000,0
20100525 104000,128.200000,128.220000,128.060000,128.120000,0
20100525 104100,128.110000,128.190000,128.100000,128.180000,0
20100525 104200,128.190000,128.240000,128.140000,128.190000,0
20100525 104300,128.180000,128.240000,128.130000,128.200000,0
20100525 104400,128.190000,128.190000,128.070000,128.100000,0
20100525 104500,128.100000,128.220000,128.100000,128.190000,0
20100525 104600,128.190000,128.210000,128.160000,128.170000,0
20100525 104700,128.180000,128.240000,128.140000,128.160000,0
20100525 104800,128.170000,128.240000,128.110000,128.140000,0
20100525 104900,128.130000,128.140000,128.040000,128.130000,0
20100525 105000,128.130000,128.170000,128.110000,128.120000,0
20100525 105100,128.120000,128.140000,128.080000,128.110000,0
20100525 105200,128.120000,128.170000,128.120000,128.130000,0
20100525 105300,128.150000,128.280000,128.140000,128.280000,0
20100525 105400,128.270000,128.290000,128.200000,128.260000,0
20100525 105500,128.260000,128.280000,128.210000,128.230000,0
20100525 105600,128.240000,128.400000,128.230000,128.380000,0
20100525 105700,128.380000,128.440000,128.350000,128.360000,0
20100525 105800,128.380000,128.450000,128.380000,128.420000,0
20100525 105900,128.420000,128.600000,128.400000,128.550000,0
20100525 110000,128.550000,128.580000,128.520000,128.520000,0
20100525 110100,128.520000,128.540000,128.490000,128.530000,0
20100525 110200,128.530000,128.580000,128.520000,128.520000,0
20100525 110300,128.510000,128.580000,128.480000,128.580000,0
20100525 110400,128.570000,128.590000,128.520000,128.570000,0
20100525 110500,128.570000,128.730000,128.570000,128.730000,0
20100525 110600,128.720000,128.750000,128.680000,128.690000,0
20100525 110700,128.690000,128.690000,128.640000,128.690000,0
20100525 110800,128.660000,128.870000,128.650000,128.860000,0
20100525 110900,128.840000,128.850000,128.700000,128.700000,0
20100525 111000,128.710000,128.750000,128.620000,128.630000,0
20100525 111100,128.630000,128.670000,128.630000,128.670000,0
20100525 111200,128.660000,128.670000,128.520000,128.560000,0
20100525 111300,128.560000,128.610000,128.550000,128.560000,0
20100525 111400,128.580000,128.640000,128.580000,128.620000,0
20100525 111500,128.620000,128.640000,128.590000,128.620000,0
20100525 111600,128.620000,128.730000,128.620000,128.680000,0
20100525 111700,128.690000,128.710000,128.610000,128.620000,0
20100525 111800,128.610000,128.630000,128.510000,128.540000,0
20100525 111900,128.540000,128.540000,128.490000,128.490000,0
20100525 112000,128.480000,128.550000,128.480000,128.520000,0
20100525 112100,128.510000,128.520000,128.480000,128.500000,0
20100525 112200,128.500000,128.510000,128.390000,128.420000,0
20100525 112300,128.410000,128.470000,128.390000,128.470000,0
20100525 112400,128.460000,128.570000,128.450000,128.560000,0
20100525 112500,128.550000,128.620000,128.540000,128.620000,0
20100525 112600,128.630000,128.740000,128.610000,128.730000,0
20100525 112700,128.710000,128.710000,128.610000,128.620000,0
20100525 112800,128.610000,128.710000,128.610000,128.710000,0
20100525 112900,128.710000,128.770000,128.710000,128.730000,0
20100525 113000,128.740000,128.750000,128.700000,128.710000,0
20100525 113100,128.720000,128.730000,128.620000,128.640000,0
20100525 113200,128.640000,128.700000,128.640000,128.690000,0
20100525 113300,128.680000,128.690000,128.580000,128.580000,0
20100525 113400,128.580000,128.610000,128.460000,128.480000,0
20100525 113500,128.480000,128.580000,128.440000,128.550000,0
20100525 113600,128.560000,128.620000,128.500000,128.550000,0
20100525 113700,128.560000,128.630000,128.540000,128.620000,0
20100525 113800,128.610000,128.610000,128.540000,128.580000,0
20100525 113900,128.570000,128.590000,128.540000,128.560000,0
20100525 114000,128.570000,128.630000,128.570000,128.600000,0
20100525 114100,128.590000,128.710000,128.570000,128.710000,0
20100525 114200,128.720000,128.730000,128.620000,128.650000,0
20100525 114300,128.650000,128.650000,128.520000,128.560000,0
20100525 114400,128.550000,128.610000,128.540000,128.590000,0
20100525 114500,128.600000,128.660000,128.560000,128.580000,0
20100525 114600,128.570000,128.600000,128.550000,128.600000,0
20100525 114700,128.610000,128.660000,128.580000,128.650000,0
20100525 114800,128.660000,128.690000,128.630000,128.630000,0
20100525 114900,128.620000,128.660000,128.590000,128.650000,0
20100525 115000,128.640000,128.660000,128.590000,128.590000,0
20100525 115100,128.600000,128.790000,128.600000,128.750000,0
20100525 115200,128.750000,128.970000,128.730000,128.940000,0
20100525 115300,128.940000,128.940000,128.820000,128.820000,0
20100525 115400,128.830000,129.000000,128.820000,129.000000,0
20100525 115500,129.010000,129.120000,128.980000,128.980000,0
20100525 115600,128.990000,129.020000,128.940000,129.010000,0
20100525 115700,129.000000,129.150000,129.000000,129.120000,0
20100525 115800,129.130000,129.130000,128.970000,129.000000,0
20100525 115900,129.000000,129.040000,128.970000,128.970000,0
20100525 120000,128.990000,129.010000,128.960000,128.970000,0
20100525 120100,128.970000,129.120000,128.970000,129.120000,0
20100525 120200,129.110000,129.110000,129.020000,129.050000,0
20100525 120300,129.060000,129.080000,129.000000,129.040000,0
20100525 120400,129.050000,129.190000,129.050000,129.160000,0
20100525 120500,129.160000,129.160000,129.110000,129.110000,0
20100525 120600,129.100000,129.110000,129.020000,129.020000,0
20100525 120700,129.030000,129.040000,128.980000,129.010000,0
20100525 120800,129.020000,129.050000,128.990000,129.010000,0
20100525 120900,129.010000,129.060000,128.960000,129.000000,0
20100525 121000,129.010000,129.010000,128.960000,128.970000,0
20100525 121100,128.980000,128.990000,128.930000,128.940000,0
20100525 121200,128.940000,129.000000,128.940000,128.990000,0
20100525 121300,128.980000,129.150000,128.980000,129.100000,0
20100525 121400,129.090000,129.110000,129.000000,129.070000,0
20100525 121500,129.070000,129.130000,129.070000,129.080000,0
20100525 121600,129.080000,129.130000,129.060000,129.080000,0
20100525 121700,129.070000,129.080000,129.010000,129.040000,0
20100525 121800,129.030000,129.090000,129.030000,129.060000,0
20100525 121900,129.060000,129.080000,128.970000,128.980000,0
20100525 122000,128.970000,129.040000,128.940000,128.950000,0
20100525 122100,128.940000,128.940000,128.850000,128.880000,0
20100525 122200,128.880000,128.890000,128.830000,128.880000,0
20100525 122300,128.890000,128.980000,128.870000,128.950000,0
20100525 122400,128.940000,128.950000,128.880000,128.890000,0
20100525 122500,128.880000,128.910000,128.850000,128.870000,0
20100525 122600,128.860000,129.050000,128.860000,128.990000,0
20100525 122700,128.990000,129.010000,128.910000,128.920000,0
20100525 122800,128.920000,128.950000,128.850000,128.890000,0
20100525 122900,128.880000,128.910000,128.850000,128.850000,0
20100525 123000,128.850000,128.860000,128.790000,128.820000,0
20100525 123100,128.810000,128.890000,128.810000,128.880000,0
20100525 123200,128.870000,128.950000,128.860000,128.930000,0
20100525 123300,128.930000,128.930000,128.840000,128.840000,0
20100525 123400,128.830000,128.830000,128.780000,128.780000,0
20100525 123500,128.790000,128.830000,128.770000,128.810000,0
20100525 123600,128.800000,128.880000,128.790000,128.840000,0
20100525 123700,128.850000,128.900000,128.830000,128.840000,0
20100525 123800,128.850000,128.880000,128.850000,128.880000,0
20100525 123900,128.870000,128.950000,128.870000,128.940000,0
20100525 124000,128.940000,128.990000,128.920000,128.940000,0
20100525 124100,128.940000,128.940000,128.840000,128.920000,0
20100525 124200,128.930000,128.940000,128.900000,128.900000,0
20100525 124300,128.900000,128.910000,128.850000,128.850000,0
20100525 124400,128.840000,128.840000,128.790000,128.830000,0
20100525 124500,128.830000,128.850000,128.820000,128.830000,0
20100525 124600,128.830000,128.880000,128.810000,128.820000,0
20100525 124700,128.820000,128.840000,128.810000,128.840000,0
20100525 124800,128.840000,128.880000,128.830000,128.880000,0
20100525 124900,128.890000,129.010000,128.880000,128.990000,0
20100525 125000,128.980000,129.000000,128.880000,128.900000,0
20100525 125100,128.900000,128.920000,128.850000,128.850000,0
20100525 125200,128.860000,128.940000,128.850000,128.930000,0
20100525 125300,128.940000,128.970000,128.900000,128.940000,0
20100525 125400,128.920000,128.970000,128.880000,128.890000,0
20100525 125500,128.900000,128.900000,128.880000,128.890000,0
20100525 125600,128.900000,129.030000,128.900000,129.000000,0
20100525 125700,129.000000,129.000000,128.960000,128.990000,0
20100525 125800,128.980000,128.980000,128.900000,128.930000,0
20100525 125900,128.930000,129.030000,128.930000,129.010000,0
20100525 130000,129.020000,129.040000,128.980000,128.990000,0
20100525 130100,128.980000,128.990000,128.930000,128.970000,0
20100525 130200,128.960000,128.980000,128.900000,128.910000,0
20100525 130300,128.910000,128.930000,128.880000,128.930000,0
20100525 130400,128.940000,128.950000,128.900000,128.930000,0
20100525 130500,128.930000,128.950000,128.910000,128.920000,0
20100525 130600,128.920000,128.930000,128.830000,128.830000,0
20100525 130700,128.830000,128.880000,128.830000,128.870000,0
20100525 130800,128.870000,128.890000,128.820000,128.820000,0
20100525 130900,128.830000,128.860000,128.810000,128.830000,0
20100525 131000,128.810000,128.860000,128.810000,128.810000,0
20100525 131100,128.820000,128.820000,128.750000,128.770000,0
20100525 131200,128.760000,128.820000,128.760000,128.820000,0
20100525 131300,128.820000,128.880000,128.800000,128.880000,0
20100525 131400,128.870000,128.880000,128.820000,128.840000,0
20100525 131500,128.850000,128.900000,128.830000,128.900000,0
20100525 131600,128.890000,128.890000,128.800000,128.800000,0
20100525 131700,128.800000,128.850000,128.800000,128.810000,0
20100525 131800,128.820000,128.910000,128.810000,128.910000,0
20100525 131900,128.910000,128.950000,128.890000,128.940000,0
20100525 132000,128.940000,128.940000,128.890000,128.940000,0
20100525 132100,128.930000,128.990000,128.910000,128.990000,0
20100525 132200,128.990000,129.060000,128.960000,128.960000,0
20100525 132300,128.970000,129.000000,128.880000,128.890000,0
20100525 132400,128.890000,128.960000,128.880000,128.960000,0
20100525 132500,128.970000,128.990000,128.910000,128.930000,0
20100525 132600,128.940000,128.980000,128.940000,128.970000,0
20100525 132700,128.960000,128.970000,128.950000,128.970000,0
20100525 132800,128.960000,128.960000,128.900000,128.910000,0
20100525 132900,128.920000,129.000000,128.880000,128.900000,0
20100525 133000,128.900000,128.930000,128.900000,128.910000,0
20100525 133100,128.900000,128.920000,128.790000,128.850000,0
20100525 133200,128.850000,128.880000,128.790000,128.820000,0
20100525 133300,128.820000,128.860000,128.820000,128.830000,0
20100525 133400,128.830000,128.880000,128.780000,128.840000,0
20100525 133500,128.850000,128.900000,128.850000,128.890000,0
20100525 133600,128.880000,128.890000,128.850000,128.860000,0
20100525 133700,128.850000,128.900000,128.850000,128.860000,0
20100525 133800,128.860000,128.860000,128.760000,128.790000,0
20100525 133900,128.780000,128.800000,128.740000,128.800000,0
20100525 134000,128.800000,128.810000,128.740000,128.740000,0
20100525 134100,128.740000,128.790000,128.700000,128.740000,0
20100525 134200,128.750000,128.810000,128.710000,128.740000,0
20100525 134300,128.740000,128.740000,128.690000,128.690000,0
20100525 134400,128.700000,128.740000,128.680000,128.730000,0
20100525 134500,128.740000,128.750000,128.690000,128.690000,0
20100525 134600,128.700000,128.720000,128.700000,128.710000,0
20100525 134700,128.720000,128.790000,128.720000,128.780000,0
20100525 134800,128.780000,128.790000,128.720000,128.720000,0
20100525 134900,128.730000,128.780000,128.730000,128.770000,0
20100525 135000,128.760000,128.780000,128.700000,128.720000,0
20100525 135100,128.730000,128.780000,128.720000,128.760000,0
20100525 135200,128.760000,128.850000,128.760000,128.790000,0
20100525 135300,128.790000,128.830000,128.750000,128.750000,0
20100525 135400,128.740000,128.770000,128.700000,128.730000,0
20100525 135500,128.740000,128.750000,128.710000,128.740000,0
20100525 135600,128.740000,128.820000,128.730000,128.820000,0
20100525 135700,128.810000,128.810000,128.740000,128.760000,0
20100525 135800,128.750000,128.750000,128.680000,128.710000,0
20100525 135900,128.720000,128.800000,128.720000,128.770000,0
20100525 140000,128.760000,128.770000,128.670000,128.700000,0
20100525 140100,128.700000,128.770000,128.690000,128.730000,0
20100525 140200,128.740000,128.820000,128.730000,128.790000,0
20100525 140300,128.800000,128.800000,128.760000,128.770000,0
20100525 140400,128.780000,128.820000,128.750000,128.820000,0
20100525 140500,128.820000,128.830000,128.790000,128.830000,0
20100525 140600,128.840000,128.940000,128.840000,128.910000,0
20100525 140700,128.910000,128.980000,128.890000,128.920000,0
20100525 140800,128.910000,128.910000,128.850000,128.860000,0
20100525 140900,128.850000,128.870000,128.830000,128.860000,0
20100525 141000,128.870000,128.940000,128.870000,128.900000,0
20100525 141100,128.910000,128.920000,128.820000,128.840000,0
20100525 141200,128.850000,128.950000,128.850000,128.890000,0
20100525 141300,128.890000,128.970000,128.890000,128.910000,0
20100525 141400,128.920000,128.980000,128.920000,128.940000,0
20100525 141500,128.940000,128.940000,128.860000,128.870000,0
20100525 141600,128.870000,128.920000,128.870000,128.920000,0
20100525 141700,128.920000,128.990000,128.910000,128.960000,0
20100525 141800,128.960000,129.000000,128.910000,129.000000,0
20100525 141900,129.000000,129.090000,128.980000,129.090000,0
20100525 142000,129.090000,129.110000,129.060000,129.090000,0
20100525 142100,129.100000,129.120000,129.020000,129.020000,0
20100525 142200,129.030000,129.040000,128.950000,128.960000,0
20100525 142300,128.950000,129.000000,128.950000,128.980000,0
20100525 142400,128.960000,129.030000,128.940000,129.030000,0
20100525 142500,129.020000,129.240000,129.010000,129.240000,0
20100525 142600,129.230000,129.360000,129.190000,129.360000,0
20100525 142700,129.350000,129.470000,129.320000,129.350000,0
20100525 142800,129.340000,129.460000,129.290000,129.440000,0
20100525 142900,129.440000,129.460000,129.280000,129.280000,0
20100525 143000,129.270000,129.320000,129.210000,129.310000,0
20100525 143100,129.320000,129.360000,129.310000,129.340000,0
20100525 143200,129.340000,129.340000,129.210000,129.220000,0
20100525 143300,129.220000,129.270000,129.200000,129.200000,0
20100525 143400,129.190000,129.250000,129.150000,129.150000,0
20100525 143500,129.160000,129.230000,129.140000,129.190000,0
20100525 143600,129.180000,129.250000,129.160000,129.240000,0
20100525 143700,129.260000,129.260000,129.160000,129.230000,0
20100525 143800,129.240000,129.350000,129.240000,129.350000,0
20100525 143900,129.340000,129.340000,129.240000,129.240000,0
20100525 144000,129.250000,129.250000,129.170000,129.170000,0
20100525 144100,129.180000,129.210000,129.170000,129.200000,0
20100525 144200,129.210000,129.270000,129.200000,129.260000,0
20100525 144300,129.260000,129.530000,129.260000,129.530000,0
20100525 144400,129.530000,129.550000,129.420000,129.420000,0
20100525 144500,129.430000,129.440000,129.360000,129.360000,0
20100525 144600,129.370000,129.440000,129.370000,129.440000,0
20100525 144700,129.450000,129.650000,129.440000,129.640000,0
20100525 144800,129.650000,129.670000,129.580000,129.600000,0
20100525 144900,129.620000,129.690000,129.610000,129.610000,0
20100525 145000,129.620000,129.620000,129.560000,129.570000,0
20100525 145100,129.560000,129.570000,129.480000,129.540000,0
20100525 145200,129.550000,129.610000,129.510000,129.590000,0
20100525 145300,129.600000,129.660000,129.540000,129.540000,0
20100525 145400,129.550000,129.640000,129.550000,129.640000,0
20100525 145500,129.640000,129.650000,129.560000,129.560000,0
20100525 145600,129.550000,129.550000,129.450000,129.480000,0
20100525 145700,129.480000,129.490000,129.460000,129.470000,0
20100525 145800,129.470000,129.480000,129.430000,129.460000,0
20100525 145900,129.450000,129.470000,129.410000,129.420000,0
20100525 150000,129.430000,129.490000,129.400000,129.470000,0
20100525 150100,129.460000,129.520000,129.440000,129.510000,0
20100525 150200,129.510000,129.630000,129.510000,129.620000,0
20100525 150300,129.630000,129.670000,129.440000,129.460000,0
20100525 150400,129.470000,129.620000,129.450000,129.520000,0
20100525 150500,129.530000,129.720000,129.530000,129.670000,0
20100525 150600,129.660000,129.720000,129.620000,129.660000,0
20100525 150700,129.650000,129.690000,129.580000,129.660000,0
20100525 150800,129.660000,129.720000,129.560000,129.570000,0
20100525 150900,129.570000,129.670000,129.550000,129.640000,0
20100525 151000,129.630000,129.690000,129.600000,129.650000,0
20100525 151100,129.650000,129.660000,129.560000,129.570000,0
20100525 151200,129.580000,129.580000,129.540000,129.560000,0
20100525 151300,129.560000,129.560000,129.450000,129.460000,0
20100525 151400,129.470000,129.510000,129.460000,129.480000,0
20100525 151500,129.490000,129.500000,129.460000,129.500000,0
20100525 151600,129.510000,129.520000,129.450000,129.490000,0
20100525 151700,129.490000,129.500000,129.440000,129.480000,0
20100525 151800,129.470000,129.490000,129.440000,129.470000,0
20100525 151900,129.470000,129.470000,129.380000,129.420000,0
20100525 152000,129.420000,129.510000,129.420000,129.470000,0
20100525 152100,129.470000,129.480000,129.430000,129.460000,0
20100525 152200,129.460000,129.560000,129.440000,129.510000,0
20100525 152300,129.520000,129.650000,129.500000,129.640000,0
20100525 152400,129.640000,129.690000,129.610000,129.660000,0
20100525 152500,129.660000,129.660000,129.620000,129.620000,0
20100525 152600,129.620000,129.630000,129.560000,129.570000,0
20100525 152700,129.570000,129.630000,129.540000,129.630000,0
20100525 152800,129.610000,129.610000,129.520000,129.520000,0
20100525 152900,129.520000,129.620000,129.510000,129.620000,0
20100525 153000,129.640000,129.750000,129.610000,129.730000,0
20100525 153100,129.730000,129.770000,129.700000,129.720000,0
20100525 153200,129.720000,129.720000,129.660000,129.690000,0
20100525 153300,129.690000,129.690000,129.650000,129.680000,0
20100525 153400,129.690000,129.750000,129.660000,129.690000,0
20100525 153500,129.700000,129.710000,129.660000,129.680000,0
20100525 153600,129.680000,129.730000,129.660000,129.680000,0
20100525 153700,129.670000,129.730000,129.670000,129.690000,0
20100525 153800,129.690000,129.700000,129.670000,129.680000,0
20100525 153900,129.680000,129.680000,129.590000,129.620000,0
20100525 154000,129.620000,129.650000,129.580000,129.630000,0
20100525 154100,129.630000,129.690000,129.560000,129.690000,0
20100525 154200,129.690000,129.740000,129.670000,129.700000,0
20100525 154300,129.690000,129.720000,129.620000,129.620000,0
20100525 154400,129.620000,129.630000,129.570000,129.580000,0
20100525 154500,129.570000,129.660000,129.570000,129.640000,0
20100525 154600,129.650000,129.690000,129.610000,129.670000,0
20100525 154700,129.670000,129.690000,129.660000,129.660000,0
20100525 154800,129.660000,129.680000,129.650000,129.660000,0
20100525 154900,129.670000,129.760000,129.660000,129.700000,0
20100525 155000,129.710000,129.720000,129.620000,129.630000,0
20100525 155100,129.630000,129.650000,129.600000,129.600000,0
20100525 155200,129.590000,129.620000,129.570000,129.570000,0
20100525 155300,129.560000,129.560000,129.490000,129.560000,0
20100525 155400,129.550000,129.610000,129.550000,129.600000,0
20100525 155500,129.600000,129.690000,129.580000,129.640000,0
20100525 155600,129.630000,129.650000,129.620000,129.620000,0
20100525 155700,129.630000,129.750000,129.630000,129.740000,0
20100525 155800,129.730000,129.760000,129.710000,129.730000,0
20100525 155900,129.720000,129.760000,129.700000,129.760000,0
20100525 160000,129.770000,129.840000,129.750000,129.800000,0
20100525 160100,129.790000,129.830000,129.760000,129.830000,0
20100525 160200,129.810000,129.850000,129.770000,129.780000,0
20100525 160300,129.790000,129.810000,129.710000,129.710000,0
20100525 160400,129.720000,129.770000,129.720000,129.760000,0
20100525 160500,129.770000,129.830000,129.750000,129.820000,0
20100525 160600,129.820000,129.870000,129.810000,129.870000,0
20100525 160700,129.870000,129.900000,129.870000,129.890000,0
20100525 160800,129.890000,129.900000,129.860000,129.860000,0
20100525 160900,129.860000,129.900000,129.860000,129.880000,0
20100525 161000,129.880000,129.900000,129.870000,129.900000,0
20100525 161100,129.890000,129.910000,129.870000,129.880000,0
20100525 161200,129.870000,129.900000,129.850000,129.860000,0
20100525 161300,129.860000,129.880000,129.830000,129.880000,0
20100525 161400,129.880000,129.880000,129.870000,129.870000,0
20100525 161500,129.870000,129.880000,129.870000,129.870000,0
20100525 161600,129.870000,129.870000,129.870000,129.870000,0
20100525 161700,129.870000,129.870000,129.860000,129.870000,0
20100525 161800,129.870000,129.870000,129.840000,129.850000,0
20100525 161900,129.860000,129.890000,129.860000,129.890000,0
20100525 162000,129.910000,129.910000,129.870000,129.900000,0
20100525 162100,129.910000,129.920000,129.880000,129.880000,0
20100525 162200,129.900000,129.900000,129.890000,129.890000,0
20100525 162300,129.890000,129.890000,129.870000,129.870000,0
20100525 162400,129.870000,129.880000,129.870000,129.880000,0
20100525 162500,129.860000,129.900000,129.850000,129.900000,0
20100525 162600,129.890000,129.910000,129.880000,129.900000,0
20100525 162700,129.900000,129.920000,129.890000,129.910000,0
20100525 162800,129.890000,129.900000,129.890000,129.890000,0
20100525 162900,129.900000,129.920000,129.900000,129.910000,0
20100525 163000,129.900000,129.920000,129.880000,129.890000,0
20100525 163100,129.880000,129.890000,129.870000,129.880000,0
20100525 163200,129.880000,129.890000,129.870000,129.870000,0
20100525 163300,129.870000,129.900000,129.870000,129.900000,0
20100525 163400,129.900000,129.910000,129.870000,129.910000,0
20100525 163500,129.910000,129.920000,129.880000,129.880000,0
20100525 163600,129.890000,129.890000,129.880000,129.880000,0
20100525 163700,129.890000,129.890000,129.860000,129.860000,0
20100525 163800,129.850000,129.850000,129.810000,129.840000,0
20100525 163900,129.840000,129.840000,129.820000,129.830000,0
20100525 164000,129.830000,129.860000,129.830000,129.850000,0
20100525 164100,129.840000,129.890000,129.840000,129.880000,0
20100525 164200,129.870000,129.870000,129.850000,129.870000,0
20100525 164300,129.880000,129.900000,129.850000,129.870000,0
20100525 164400,129.870000,129.890000,129.860000,129.880000,0
20100525 164500,129.870000,129.890000,129.860000,129.870000,0
20100525 164600,129.860000,129.890000,129.860000,129.890000,0
20100525 164700,129.890000,129.890000,129.860000,129.870000,0
20100525 164800,129.860000,129.900000,129.860000,129.900000,0
20100525 164900,129.900000,129.900000,129.870000,129.880000,0
20100525 165000,129.870000,129.880000,129.870000,129.880000,0
20100525 165100,129.880000,129.900000,129.860000,129.900000,0
20100525 165200,129.910000,129.910000,129.880000,129.890000,0
20100525 165300,129.900000,129.910000,129.890000,129.890000,0
20100525 165400,129.900000,129.910000,129.890000,129.910000,0
20100525 165500,129.900000,129.930000,129.890000,129.920000,0
20100525 165600,129.910000,129.920000,129.880000,129.900000,0
20100525 165700,129.890000,129.950000,129.890000,129.950000,0
20100525 165800,129.940000,129.960000,129.940000,129.960000,0
20100525 165900,129.960000,129.980000,129.960000,129.980000,0
20100525 170000,129.960000,129.980000,129.960000,129.980000,0
20100525 170100,129.970000,129.990000,129.970000,129.980000,0
20100525 170200,129.970000,129.980000,129.960000,129.960000,0
20100525 170300,129.950000,129.960000,129.950000,129.950000,0
20100525 170400,129.960000,130.020000,129.960000,130.010000,0
20100525 170500,130.020000,130.060000,130.010000,130.060000,0
20100525 170600,130.050000,130.090000,130.040000,130.090000,0
20100525 170700,130.070000,130.090000,130.020000,130.050000,0
20100525 170800,130.070000,130.100000,130.050000,130.070000,0
20100525 170900,130.050000,130.110000,129.950000,130.090000,0
20100525 171000,130.100000,130.110000,130.070000,130.090000,0
20100525 171100,130.080000,130.090000,130.050000,130.050000,0
20100525 171200,130.050000,130.080000,130.050000,130.080000,0
20100525 171300,130.070000,130.100000,130.060000,130.090000,0
20100525 171400,130.070000,130.120000,130.070000,130.120000,0
20100525 171500,130.130000,130.320000,130.130000,130.210000,0
20100525 171600,130.200000,130.300000,130.200000,130.300000,0
20100525 171700,130.300000,130.340000,130.220000,130.260000,0
20100525 171800,130.270000,130.290000,130.240000,130.240000,0
20100525 171900,130.250000,130.270000,130.250000,130.260000,0
20100525 172000,130.270000,130.320000,130.270000,130.300000,0
20100525 172100,130.290000,130.310000,130.270000,130.300000,0
20100525 172200,130.310000,130.320000,130.280000,130.320000,0
20100525 172300,130.310000,130.380000,130.310000,130.350000,0
20100525 172400,130.360000,130.420000,130.360000,130.420000,0
20100525 172500,130.450000,130.560000,130.450000,130.520000,0
20100525 172600,130.510000,130.520000,130.440000,130.500000,0
20100525 172700,130.490000,130.510000,130.480000,130.490000,0
20100525 172800,130.490000,130.490000,130.370000,130.440000,0
20100525 172900,130.430000,130.470000,130.400000,130.450000,0
20100525 173000,130.460000,130.570000,130.460000,130.510000,0
20100525 173100,130.510000,130.520000,130.470000,130.510000,0
20100525 173200,130.510000,130.520000,130.470000,130.500000,0
20100525 173300,130.500000,130.540000,130.490000,130.500000,0
20100525 173400,130.480000,130.540000,130.470000,130.500000,0
20100525 173500,130.490000,130.490000,130.400000,130.400000,0
20100525 173600,130.390000,130.420000,130.380000,130.410000,0
20100525 173700,130.410000,130.460000,130.400000,130.460000,0
20100525 173800,130.470000,130.540000,130.460000,130.490000,0
20100525 173900,130.500000,130.590000,130.490000,130.550000,0
20100525 174000,130.540000,130.550000,130.430000,130.430000,0
20100525 174100,130.460000,130.510000,130.460000,130.460000,0
20100525 174200,130.450000,130.480000,130.450000,130.460000,0
20100525 174300,130.450000,130.450000,130.430000,130.440000,0
20100525 174400,130.430000,130.470000,130.420000,130.470000,0
20100525 174500,130.460000,130.490000,130.460000,130.470000,0
20100525 174600,130.460000,130.480000,130.430000,130.460000,0
20100525 174700,130.470000,130.480000,130.440000,130.440000,0
20100525 174800,130.450000,130.490000,130.420000,130.470000,0
20100525 174900,130.450000,130.450000,130.410000,130.410000,0
20100525 175000,130.420000,130.420000,130.380000,130.390000,0
20100525 175100,130.380000,130.390000,130.370000,130.370000,0
20100525 175200,130.400000,130.400000,130.400000,130.400000,0
20100525 175300,130.390000,130.400000,130.390000,130.400000,0
20100525 175400,130.390000,130.390000,130.390000,130.390000,0
20100525 175500,130.400000,130.400000,130.380000,130.380000,0
20100525 175600,130.370000,130.380000,130.360000,130.360000,0
20100525 175700,130.370000,130.370000,130.320000,130.320000,0
20100525 175800,130.320000,130.340000,130.290000,130.300000,0
20100525 180000,130.290000,130.310000,130.290000,130.290000,0
20100525 180100,130.300000,130.310000,130.200000,130.200000,0
20100525 180200,130.210000,130.210000,130.130000,130.150000,0
20100525 180300,130.140000,130.160000,130.120000,130.130000,0
20100525 180400,130.140000,130.160000,130.130000,130.140000,0
20100525 180500,130.130000,130.140000,130.120000,130.130000,0
20100525 180600,130.140000,130.150000,130.120000,130.120000,0
20100525 180700,130.110000,130.110000,130.070000,130.100000,0
20100525 180800,130.090000,130.090000,130.040000,130.050000,0
20100525 180900,130.040000,130.040000,130.010000,130.010000,0
20100525 181000,130.000000,130.010000,129.990000,129.990000,0
20100525 181100,129.980000,129.980000,129.920000,129.960000,0
20100525 181200,129.970000,130.020000,129.950000,130.000000,0
20100525 181300,129.980000,130.040000,129.980000,130.030000,0
20100525 181400,130.020000,130.020000,129.980000,130.000000,0
20100525 181500,129.990000,130.000000,129.910000,129.920000,0
20100525 181600,129.930000,129.960000,129.920000,129.940000,0
20100525 181700,129.940000,129.940000,129.910000,129.910000,0
20100525 181800,129.920000,129.950000,129.890000,129.950000,0
20100525 181900,129.960000,129.970000,129.950000,129.960000,0
20100525 182000,129.950000,129.980000,129.920000,129.930000,0
20100525 182100,129.960000,129.980000,129.950000,129.980000,0
20100525 182200,129.970000,130.010000,129.960000,130.010000,0
20100525 182300,130.020000,130.060000,129.990000,130.050000,0
20100525 182400,130.060000,130.140000,130.050000,130.140000,0
20100525 182500,130.130000,130.140000,130.030000,130.080000,0
20100525 182600,130.090000,130.140000,130.090000,130.130000,0
20100525 182700,130.120000,130.190000,130.120000,130.170000,0
20100525 182800,130.160000,130.210000,130.140000,130.150000,0
20100525 182900,130.140000,130.160000,130.130000,130.130000,0
20100525 183000,130.130000,130.130000,130.090000,130.100000,0
20100525 183100,130.110000,130.110000,130.080000,130.100000,0
20100525 183200,130.090000,130.090000,130.080000,130.080000,0
20100525 183300,130.090000,130.090000,130.070000,130.070000,0
20100525 183400,130.060000,130.090000,130.050000,130.080000,0
20100525 183500,130.090000,130.090000,130.070000,130.080000,0
20100525 183600,130.070000,130.080000,130.060000,130.060000,0
20100525 183700,130.070000,130.080000,130.050000,130.080000,0
20100525 183800,130.070000,130.090000,130.040000,130.080000,0
20100525 183900,130.070000,130.140000,130.070000,130.130000,0
20100525 184000,130.120000,130.170000,130.110000,130.160000,0
20100525 184100,130.180000,130.180000,130.150000,130.170000,0
20100525 184200,130.170000,130.190000,130.170000,130.180000,0
20100525 184300,130.190000,130.330000,130.190000,130.330000,0
20100525 184400,130.320000,130.340000,130.270000,130.280000,0
20100525 184500,130.290000,130.290000,130.270000,130.290000,0
20100525 184600,130.280000,130.310000,130.280000,130.300000,0
20100525 184700,130.290000,130.330000,130.280000,130.320000,0
20100525 184800,130.310000,130.310000,130.230000,130.260000,0
20100525 184900,130.250000,130.300000,130.250000,130.260000,0
20100525 185000,130.250000,130.260000,130.240000,130.240000,0
20100525 185100,130.250000,130.280000,130.230000,130.280000,0
20100525 185200,130.280000,130.280000,130.260000,130.260000,0
20100525 185300,130.250000,130.270000,130.240000,130.250000,0
20100525 185400,130.240000,130.270000,130.230000,130.240000,0
20100525 185500,130.250000,130.260000,130.220000,130.220000,0
20100525 185600,130.220000,130.230000,130.170000,130.170000,0
20100525 185700,130.160000,130.160000,130.140000,130.160000,0
20100525 185800,130.150000,130.180000,130.150000,130.170000,0
20100525 185900,130.160000,130.170000,130.150000,130.170000,0
20100525 190000,130.160000,130.170000,130.140000,130.150000,0
20100525 190100,130.140000,130.140000,130.110000,130.110000,0
20100525 190200,130.090000,130.120000,130.090000,130.110000,0
20100525 190300,130.100000,130.120000,130.100000,130.110000,0
20100525 190400,130.120000,130.120000,130.110000,130.120000,0
20100525 190500,130.130000,130.140000,130.120000,130.120000,0
20100525 190700,130.130000,130.140000,130.130000,130.130000,0
20100525 190800,130.110000,130.120000,130.080000,130.080000,0
20100525 190900,130.080000,130.080000,130.080000,130.080000,0
20100525 191000,130.080000,130.090000,130.080000,130.090000,0
20100525 191100,130.080000,130.080000,130.080000,130.080000,0
20100525 191200,130.080000,130.090000,130.080000,130.090000,0
20100525 191300,130.080000,130.100000,130.080000,130.100000,0
20100525 191400,130.090000,130.090000,130.090000,130.090000,0
20100525 191500,130.080000,130.100000,130.080000,130.080000,0
20100525 191600,130.090000,130.190000,130.090000,130.170000,0
20100525 191700,130.180000,130.180000,130.150000,130.160000,0
20100525 191800,130.170000,130.280000,130.170000,130.250000,0
20100525 191900,130.260000,130.360000,130.260000,130.340000,0
20100525 192000,130.340000,130.440000,130.330000,130.430000,0
20100525 192100,130.420000,130.470000,130.420000,130.460000,0
20100525 192200,130.450000,130.460000,130.400000,130.400000,0
20100525 192300,130.390000,130.400000,130.340000,130.340000,0
20100525 192400,130.330000,130.360000,130.320000,130.320000,0
20100525 192500,130.330000,130.330000,130.280000,130.300000,0
20100525 192600,130.310000,130.330000,130.310000,130.310000,0
20100525 192700,130.320000,130.370000,130.320000,130.370000,0
20100525 192800,130.370000,130.380000,130.370000,130.380000,0
20100525 192900,130.370000,130.370000,130.310000,130.320000,0
20100525 193000,130.330000,130.330000,130.260000,130.260000,0
20100525 193100,130.270000,130.270000,130.180000,130.180000,0
20100525 193200,130.170000,130.210000,130.160000,130.200000,0
20100525 193300,130.200000,130.220000,130.190000,130.190000,0
20100525 193400,130.200000,130.200000,130.180000,130.180000,0
20100525 193500,130.190000,130.190000,130.180000,130.180000,0
20100525 193600,130.170000,130.190000,130.160000,130.180000,0
20100525 193700,130.190000,130.210000,130.190000,130.210000,0
20100525 193800,130.200000,130.300000,130.200000,130.300000,0
20100525 193900,130.310000,130.320000,130.260000,130.280000,0
20100525 194000,130.300000,130.310000,130.280000,130.300000,0
20100525 194100,130.310000,130.310000,130.300000,130.300000,0
20100525 194200,130.310000,130.320000,130.280000,130.320000,0
20100525 194300,130.310000,130.330000,130.300000,130.330000,0
20100525 194400,130.320000,130.320000,130.240000,130.250000,0
20100525 194500,130.230000,130.230000,130.200000,130.230000,0
20100525 194600,130.250000,130.280000,130.210000,130.230000,0
20100525 194700,130.220000,130.220000,130.160000,130.160000,0
20100525 194800,130.170000,130.190000,130.160000,130.180000,0
20100525 194900,130.180000,130.180000,130.030000,130.050000,0
20100525 195000,130.040000,130.150000,130.040000,130.110000,0
20100525 195100,130.130000,130.130000,130.130000,130.130000,0
20100525 195200,130.120000,130.140000,130.100000,130.130000,0
20100525 195300,130.120000,130.160000,130.120000,130.130000,0
20100525 195400,130.140000,130.150000,130.110000,130.120000,0
20100525 195500,130.110000,130.110000,130.050000,130.050000,0
20100525 195600,130.040000,130.040000,130.020000,130.030000,0
20100525 195700,130.040000,130.050000,129.960000,129.970000,0
20100525 195800,129.960000,129.970000,129.910000,129.930000,0
20100525 195900,129.920000,129.960000,129.910000,129.950000,0
20100525 200000,129.950000,129.970000,129.930000,129.960000,0
20100525 200100,129.970000,130.050000,129.960000,130.030000,0
20100525 200200,130.020000,130.030000,129.990000,130.010000,0
20100525 200300,130.000000,130.010000,129.960000,129.970000,0
20100525 200400,129.980000,130.050000,129.970000,130.030000,0
20100525 200500,130.030000,130.160000,130.030000,130.110000,0
20100525 200600,130.100000,130.100000,129.970000,129.990000,0
20100525 200700,129.980000,130.090000,129.960000,130.040000,0
20100525 200800,130.030000,130.030000,129.940000,129.950000,0
20100525 200900,129.960000,130.010000,129.960000,130.000000,0
20100525 201000,130.010000,130.020000,129.960000,129.990000,0
20100525 201100,130.000000,130.000000,129.830000,129.880000,0
20100525 201200,129.890000,129.920000,129.890000,129.890000,0
20100525 201300,129.880000,129.900000,129.830000,129.840000,0
20100525 201400,129.850000,129.900000,129.800000,129.870000,0
20100525 201500,129.880000,129.880000,129.800000,129.800000,0
20100525 201600,129.810000,129.860000,129.810000,129.840000,0
20100525 201700,129.830000,129.830000,129.710000,129.760000,0
20100525 201800,129.760000,129.880000,129.730000,129.840000,0
20100525 201900,129.830000,129.900000,129.830000,129.900000,0
20100525 202000,129.890000,129.890000,129.810000,129.810000,0
20100525 202100,129.800000,129.800000,129.690000,129.700000,0
20100525 202200,129.680000,129.820000,129.610000,129.820000,0
20100525 202300,129.820000,129.850000,129.650000,129.690000,0
20100525 202400,129.680000,129.770000,129.670000,129.770000,0
20100525 202500,129.780000,129.790000,129.640000,129.640000,0
20100525 202600,129.650000,129.690000,129.630000,129.690000,0
20100525 202700,129.680000,129.800000,129.680000,129.790000,0
20100525 202800,129.780000,129.790000,129.710000,129.720000,0
20100525 202900,129.730000,129.820000,129.730000,129.820000,0
20100525 203000,129.830000,129.830000,129.760000,129.800000,0
20100525 203100,129.810000,129.810000,129.800000,129.800000,0
20100525 203200,129.810000,129.830000,129.780000,129.780000,0
20100525 203300,129.790000,129.820000,129.790000,129.820000,0
20100525 203400,129.830000,129.890000,129.820000,129.890000,0
20100525 203500,129.900000,129.980000,129.890000,129.930000,0
20100525 203600,129.940000,129.950000,129.910000,129.930000,0
20100525 203700,129.920000,129.930000,129.840000,129.840000,0
20100525 203800,129.850000,129.880000,129.810000,129.810000,0
20100525 203900,129.790000,129.790000,129.710000,129.730000,0
20100525 204000,129.740000,129.740000,129.680000,129.720000,0
20100525 204100,129.730000,129.740000,129.720000,129.720000,0
20100525 204200,129.710000,129.800000,129.710000,129.770000,0
20100525 204300,129.760000,129.760000,129.670000,129.670000,0
20100525 204400,129.680000,129.680000,129.590000,129.650000,0
20100525 204500,129.640000,129.650000,129.630000,129.630000,0
20100525 204600,129.640000,129.660000,129.610000,129.630000,0
20100525 204700,129.640000,129.710000,129.640000,129.700000,0
20100525 204800,129.700000,129.850000,129.690000,129.850000,0
20100525 204900,129.840000,129.930000,129.830000,129.880000,0
20100525 205000,129.870000,129.890000,129.790000,129.880000,0
20100525 205100,129.870000,129.870000,129.810000,129.810000,0
20100525 205200,129.810000,129.830000,129.780000,129.790000,0
20100525 205300,129.780000,129.840000,129.780000,129.830000,0
20100525 205400,129.830000,129.830000,129.770000,129.790000,0
20100525 205500,129.800000,129.840000,129.770000,129.780000,0
20100525 205600,129.780000,129.820000,129.750000,129.820000,0
20100525 205700,129.810000,129.850000,129.770000,129.780000,0
20100525 205800,129.770000,129.790000,129.760000,129.790000,0
20100525 205900,129.790000,129.850000,129.790000,129.840000,0
20100525 210000,129.830000,129.840000,129.790000,129.800000,0
20100525 210100,129.810000,129.820000,129.770000,129.770000,0
20100525 210200,129.760000,129.780000,129.740000,129.780000,0
20100525 210300,129.770000,129.770000,129.750000,129.750000,0
20100525 210400,129.740000,129.760000,129.740000,129.740000,0
20100525 210500,129.730000,129.740000,129.710000,129.730000,0
20100525 210600,129.740000,129.840000,129.740000,129.760000,0
20100525 210700,129.770000,129.770000,129.750000,129.750000,0
20100525 210800,129.760000,129.800000,129.760000,129.790000,0
20100525 210900,129.780000,129.820000,129.780000,129.800000,0
20100525 211000,129.790000,129.790000,129.630000,129.640000,0
20100525 211100,129.640000,129.650000,129.520000,129.610000,0
20100525 211200,129.600000,129.600000,129.540000,129.600000,0
20100525 211300,129.590000,129.730000,129.570000,129.590000,0
20100525 211400,129.580000,129.620000,129.540000,129.540000,0
20100525 211500,129.530000,129.560000,129.530000,129.540000,0
20100525 211600,129.530000,129.540000,129.490000,129.500000,0
20100525 211700,129.500000,129.510000,129.440000,129.460000,0
20100525 211800,129.470000,129.500000,129.460000,129.470000,0
20100525 211900,129.480000,129.580000,129.470000,129.540000,0
20100525 212000,129.550000,129.550000,129.520000,129.530000,0
20100525 212100,129.530000,129.560000,129.470000,129.490000,0
20100525 212200,129.480000,129.500000,129.380000,129.390000,0
20100525 212300,129.390000,129.390000,129.370000,129.380000,0
20100525 212400,129.390000,129.400000,129.290000,129.360000,0
20100525 212500,129.350000,129.360000,129.290000,129.300000,0
20100525 212600,129.310000,129.410000,129.310000,129.380000,0
20100525 212700,129.390000,129.470000,129.390000,129.450000,0
20100525 212800,129.440000,129.450000,129.370000,129.420000,0
20100525 212900,129.420000,129.460000,129.410000,129.460000,0
20100525 213000,129.480000,129.500000,129.420000,129.420000,0
20100525 213100,129.430000,129.500000,129.430000,129.500000,0
20100525 213200,129.490000,129.500000,129.440000,129.440000,0
20100525 213300,129.450000,129.470000,129.380000,129.410000,0
20100525 213400,129.400000,129.440000,129.380000,129.430000,0
20100525 213500,129.420000,129.450000,129.420000,129.440000,0
20100525 213600,129.450000,129.460000,129.400000,129.420000,0
20100525 213700,129.400000,129.400000,129.370000,129.390000,0
20100525 213800,129.380000,129.400000,129.370000,129.390000,0
20100525 213900,129.400000,129.430000,129.400000,129.430000,0
20100525 214000,129.440000,129.510000,129.430000,129.490000,0
20100525 214100,129.500000,129.550000,129.490000,129.530000,0
20100525 214200,129.520000,129.580000,129.520000,129.560000,0
20100525 214300,129.540000,129.570000,129.540000,129.570000,0
20100525 214400,129.570000,129.580000,129.520000,129.530000,0
20100525 214500,129.540000,129.550000,129.490000,129.490000,0
20100525 214600,129.490000,129.510000,129.450000,129.470000,0
20100525 214700,129.460000,129.470000,129.420000,129.420000,0
20100525 214800,129.430000,129.460000,129.400000,129.400000,0
20100525 214900,129.410000,129.460000,129.410000,129.440000,0
20100525 215000,129.450000,129.480000,129.370000,129.380000,0
20100525 215100,129.380000,129.400000,129.330000,129.370000,0
20100525 215200,129.380000,129.490000,129.380000,129.490000,0
20100525 215300,129.480000,129.520000,129.440000,129.500000,0
20100525 215400,129.510000,129.520000,129.500000,129.510000,0
20100525 215500,129.530000,129.530000,129.430000,129.440000,0
20100525 215600,129.440000,129.500000,129.430000,129.480000,0
20100525 215700,129.480000,129.480000,129.360000,129.440000,0
20100525 215800,129.450000,129.450000,129.430000,129.440000,0
20100525 215900,129.430000,129.480000,129.430000,129.450000,0
20100525 220000,129.440000,129.480000,129.390000,129.480000,0
20100525 220100,129.480000,129.510000,129.460000,129.480000,0
20100525 220200,129.490000,129.510000,129.480000,129.500000,0
20100525 220300,129.510000,129.600000,129.500000,129.560000,0
20100525 220400,129.560000,129.570000,129.510000,129.530000,0
20100525 220500,129.520000,129.540000,129.510000,129.510000,0
20100525 220600,129.500000,129.550000,129.500000,129.540000,0
20100525 220700,129.530000,129.550000,129.520000,129.550000,0
20100525 220800,129.540000,129.590000,129.540000,129.590000,0
20100525 220900,129.600000,129.630000,129.600000,129.610000,0
20100525 221000,129.620000,129.620000,129.540000,129.550000,0
20100525 221100,129.540000,129.570000,129.500000,129.520000,0
20100525 221200,129.530000,129.540000,129.480000,129.530000,0
20100525 221300,129.540000,129.540000,129.490000,129.510000,0
20100525 221400,129.500000,129.510000,129.480000,129.480000,0
20100525 221500,129.470000,129.470000,129.420000,129.430000,0
20100525 221600,129.420000,129.450000,129.420000,129.420000,0
20100525 221700,129.430000,129.440000,129.430000,129.440000,0
20100525 221800,129.450000,129.450000,129.380000,129.380000,0
20100525 221900,129.400000,129.430000,129.400000,129.430000,0
20100525 222000,129.420000,129.430000,129.410000,129.430000,0
20100525 222100,129.430000,129.500000,129.430000,129.480000,0
20100525 222200,129.470000,129.480000,129.430000,129.430000,0
20100525 222300,129.440000,129.440000,129.430000,129.440000,0
20100525 222400,129.430000,129.440000,129.420000,129.430000,0
20100525 222500,129.440000,129.450000,129.440000,129.440000,0
20100525 222600,129.440000,129.440000,129.430000,129.430000,0
20100525 222700,129.440000,129.500000,129.440000,129.470000,0
20100525 222800,129.460000,129.480000,129.460000,129.480000,0
20100525 222900,129.470000,129.510000,129.470000,129.490000,0
20100525 223000,129.510000,129.560000,129.490000,129.540000,0
20100525 223100,129.530000,129.600000,129.520000,129.580000,0
20100525 223200,129.590000,129.590000,129.550000,129.550000,0
20100525 223300,129.560000,129.610000,129.560000,129.570000,0
20100525 223400,129.550000,129.580000,129.540000,129.570000,0
20100525 223500,129.560000,129.560000,129.510000,129.550000,0
20100525 223600,129.560000,129.560000,129.550000,129.560000,0
20100525 223700,129.550000,129.590000,129.550000,129.570000,0
20100525 223800,129.580000,129.590000,129.560000,129.570000,0
20100525 223900,129.560000,129.590000,129.550000,129.590000,0
20100525 224000,129.600000,129.600000,129.580000,129.600000,0
20100525 224100,129.600000,129.620000,129.590000,129.620000,0
20100525 224200,129.610000,129.650000,129.600000,129.640000,0
20100525 224300,129.650000,129.650000,129.630000,129.640000,0
20100525 224400,129.650000,129.680000,129.650000,129.680000,0
20100525 224500,129.690000,129.690000,129.590000,129.600000,0
20100525 224600,129.590000,129.670000,129.590000,129.670000,0
20100525 224700,129.660000,129.680000,129.650000,129.670000,0
20100525 224800,129.670000,129.680000,129.640000,129.640000,0
20100525 224900,129.650000,129.680000,129.650000,129.660000,0
20100525 225000,129.670000,129.670000,129.630000,129.630000,0
20100525 225100,129.640000,129.640000,129.610000,129.610000,0
20100525 225200,129.620000,129.620000,129.610000,129.610000,0
20100525 225300,129.610000,129.620000,129.590000,129.590000,0
20100525 225400,129.580000,129.580000,129.560000,129.560000,0
20100525 225500,129.580000,129.580000,129.560000,129.560000,0
20100525 225600,129.570000,129.570000,129.570000,129.570000,0
20100525 225700,129.560000,129.600000,129.540000,129.600000,0
20100525 225800,129.610000,129.630000,129.600000,129.620000,0
20100525 225900,129.610000,129.650000,129.610000,129.640000,0
20100525 230000,129.630000,129.640000,129.620000,129.620000,0
20100525 230100,129.630000,129.680000,129.630000,129.670000,0
20100525 230200,129.680000,129.680000,129.670000,129.680000,0
20100525 230300,129.690000,129.710000,129.690000,129.690000,0
20100525 230400,129.700000,129.700000,129.690000,129.690000,0
20100525 230500,129.700000,129.700000,129.680000,129.680000,0
20100525 230600,129.670000,129.690000,129.670000,129.670000,0
20100525 230700,129.680000,129.680000,129.670000,129.670000,0
20100525 230800,129.660000,129.660000,129.650000,129.660000,0
20100525 230900,129.670000,129.680000,129.670000,129.670000,0
20100525 231000,129.660000,129.670000,129.660000,129.670000,0
20100525 231100,129.660000,129.660000,129.630000,129.640000,0
20100525 231200,129.650000,129.660000,129.640000,129.640000,0
20100525 231300,129.630000,129.640000,129.630000,129.630000,0
20100525 231400,129.630000,129.630000,129.610000,129.610000,0
20100525 231500,129.620000,129.630000,129.610000,129.630000,0
20100525 231600,129.620000,129.630000,129.610000,129.620000,0
20100525 231700,129.630000,129.630000,129.610000,129.620000,0
20100525 231800,129.610000,129.630000,129.600000,129.610000,0
20100525 231900,129.620000,129.620000,129.610000,129.610000,0
20100525 232000,129.620000,129.620000,129.600000,129.600000,0
20100525 232100,129.590000,129.600000,129.580000,129.590000,0
20100525 232200,129.600000,129.610000,129.590000,129.590000,0
20100525 232300,129.600000,129.600000,129.600000,129.600000,0
20100525 232400,129.610000,129.610000,129.610000,129.610000,0
20100525 232500,129.600000,129.610000,129.590000,129.600000,0
20100525 232600,129.590000,129.610000,129.580000,129.580000,0
20100525 232700,129.580000,129.580000,129.510000,129.540000,0
20100525 232800,129.550000,129.560000,129.530000,129.540000,0
20100525 232900,129.550000,129.550000,129.540000,129.550000,0
20100525 233000,129.560000,129.590000,129.560000,129.580000,0
20100525 233100,129.590000,129.620000,129.590000,129.600000,0
20100525 233200,129.590000,129.610000,129.590000,129.600000,0
20100525 233300,129.610000,129.630000,129.580000,129.630000,0
20100525 233400,129.620000,129.630000,129.590000,129.610000,0
20100525 233500,129.620000,129.620000,129.600000,129.610000,0
20100525 233600,129.620000,129.620000,129.580000,129.600000,0
20100525 233700,129.610000,129.660000,129.590000,129.660000,0
20100525 233800,129.650000,129.690000,129.650000,129.690000,0
20100525 233900,129.700000,129.720000,129.690000,129.710000,0
20100525 234000,129.710000,129.720000,129.680000,129.700000,0
20100525 234100,129.710000,129.750000,129.700000,129.740000,0
20100525 234200,129.740000,129.780000,129.740000,129.780000,0
20100525 234300,129.770000,129.780000,129.770000,129.770000,0
20100525 234400,129.780000,129.820000,129.780000,129.810000,0
20100525 234500,129.820000,129.820000,129.770000,129.810000,0
20100525 234600,129.800000,129.830000,129.780000,129.820000,0
20100525 234700,129.810000,129.870000,129.810000,129.870000,0
20100525 234800,129.870000,129.880000,129.870000,129.870000,0
20100525 234900,129.860000,129.870000,129.840000,129.840000,0
20100525 235000,129.840000,129.860000,129.820000,129.840000,0
20100525 235100,129.850000,129.860000,129.850000,129.860000,0
20100525 235200,129.850000,129.860000,129.800000,129.800000,0
20100525 235300,129.810000,129.810000,129.710000,129.780000,0
20100525 235400,129.780000,129.810000,129.770000,129.810000,0
20100525 235500,129.800000,129.830000,129.790000,129.810000,0
20100525 235600,129.810000,129.830000,129.800000,129.820000,0
20100525 235700,129.820000,129.850000,129.810000,129.850000,0
20100525 235800,129.860000,129.920000,129.850000,129.900000,0
20100525 235900,129.890000,129.940000,129.890000,129.890000,0
