20100318 000000,138.000000,138.000000,138.000000,138.000000,0
20100318 000100,137.990000,138.020000,137.990000,138.020000,0
20100318 000200,138.010000,138.020000,138.010000,138.020000,0
20100318 000300,138.020000,138.020000,138.020000,138.020000,0
20100318 000400,138.030000,138.050000,138.030000,138.050000,0
20100318 000500,138.050000,138.060000,138.040000,138.060000,0
20100318 000700,138.050000,138.050000,138.040000,138.040000,0
20100318 000800,138.040000,138.050000,138.020000,138.020000,0
20100318 000900,138.020000,138.040000,138.020000,138.040000,0
20100318 001000,138.040000,138.050000,138.030000,138.040000,0
20100318 001100,138.050000,138.060000,138.040000,138.040000,0
20100318 001200,138.040000,138.050000,138.030000,138.050000,0
20100318 001300,138.050000,138.070000,138.040000,138.040000,0
20100318 001400,138.040000,138.070000,138.040000,138.060000,0
20100318 001500,138.060000,138.070000,138.060000,138.060000,0
20100318 001600,138.070000,138.080000,138.070000,138.070000,0
20100318 001700,138.070000,138.070000,138.070000,138.070000,0
20100318 001800,138.080000,138.080000,138.070000,138.070000,0
20100318 001900,138.080000,138.090000,138.070000,138.090000,0
20100318 002000,138.100000,138.100000,138.090000,138.100000,0
20100318 002100,138.110000,138.110000,138.070000,138.080000,0
20100318 002200,138.090000,138.090000,138.060000,138.060000,0
20100318 002300,138.060000,138.090000,138.060000,138.090000,0
20100318 002400,138.090000,138.090000,138.080000,138.090000,0
20100318 002500,138.090000,138.090000,138.080000,138.080000,0
20100318 002600,138.090000,138.090000,138.090000,138.090000,0
20100318 002700,138.100000,138.100000,138.080000,138.080000,0
20100318 002800,138.070000,138.080000,138.060000,138.070000,0
20100318 002900,138.080000,138.080000,138.070000,138.080000,0
20100318 003000,138.090000,138.090000,138.090000,138.090000,0
20100318 003100,138.080000,138.140000,138.080000,138.140000,0
20100318 003200,138.140000,138.150000,138.140000,138.150000,0
20100318 003300,138.150000,138.150000,138.140000,138.140000,0
20100318 003400,138.140000,138.170000,138.140000,138.160000,0
20100318 003500,138.160000,138.170000,138.160000,138.160000,0
20100318 003600,138.160000,138.180000,138.160000,138.180000,0
20100318 003700,138.170000,138.190000,138.170000,138.180000,0
20100318 003800,138.190000,138.210000,138.180000,138.210000,0
20100318 003900,138.200000,138.200000,138.180000,138.180000,0
20100318 004000,138.180000,138.180000,138.130000,138.130000,0
20100318 004100,138.140000,138.160000,138.130000,138.150000,0
20100318 004200,138.160000,138.180000,138.150000,138.170000,0
20100318 004300,138.170000,138.180000,138.170000,138.180000,0
20100318 004400,138.190000,138.190000,138.160000,138.180000,0
20100318 004500,138.170000,138.190000,138.160000,138.170000,0
20100318 004600,138.180000,138.200000,138.180000,138.200000,0
20100318 004700,138.190000,138.200000,138.190000,138.190000,0
20100318 004800,138.200000,138.200000,138.180000,138.190000,0
20100318 004900,138.180000,138.210000,138.180000,138.180000,0
20100318 005000,138.190000,138.190000,138.160000,138.160000,0
20100318 005100,138.170000,138.180000,138.170000,138.170000,0
20100318 005200,138.180000,138.190000,138.160000,138.170000,0
20100318 005300,138.170000,138.180000,138.170000,138.180000,0
20100318 005400,138.190000,138.190000,138.130000,138.140000,0
20100318 005500,138.130000,138.130000,138.060000,138.070000,0
20100318 005600,138.060000,138.060000,137.980000,137.980000,0
20100318 005700,137.990000,137.990000,137.960000,137.970000,0
20100318 005800,137.980000,137.990000,137.910000,137.910000,0
20100318 005900,137.900000,137.970000,137.900000,137.960000,0
20100318 010000,137.950000,138.010000,137.940000,138.000000,0
20100318 010100,137.990000,138.000000,137.950000,137.950000,0
20100318 010200,137.950000,137.970000,137.950000,137.960000,0
20100318 010300,137.960000,137.990000,137.930000,137.970000,0
20100318 010400,137.970000,138.030000,137.960000,137.990000,0
20100318 010500,138.000000,138.000000,137.950000,137.980000,0
20100318 010600,137.990000,138.010000,137.940000,137.960000,0
20100318 010700,137.960000,137.960000,137.890000,137.900000,0
20100318 010800,137.910000,137.910000,137.770000,137.800000,0
20100318 010900,137.800000,137.840000,137.800000,137.830000,0
20100318 011000,137.820000,137.850000,137.820000,137.840000,0
20100318 011100,137.830000,137.860000,137.810000,137.810000,0
20100318 011200,137.810000,137.830000,137.790000,137.790000,0
20100318 011300,137.780000,137.780000,137.720000,137.750000,0
20100318 011400,137.740000,137.760000,137.680000,137.680000,0
20100318 011500,137.680000,137.720000,137.670000,137.700000,0
20100318 011600,137.700000,137.740000,137.700000,137.740000,0
20100318 011700,137.750000,137.820000,137.730000,137.810000,0
20100318 011800,137.810000,137.840000,137.780000,137.790000,0
20100318 011900,137.790000,137.850000,137.750000,137.820000,0
20100318 012000,137.800000,137.830000,137.790000,137.800000,0
20100318 012100,137.800000,137.930000,137.800000,137.920000,0
20100318 012200,137.930000,137.930000,137.820000,137.870000,0
20100318 012300,137.860000,137.860000,137.770000,137.800000,0
20100318 012400,137.800000,137.830000,137.790000,137.830000,0
20100318 012500,137.830000,137.870000,137.830000,137.860000,0
20100318 012600,137.860000,137.890000,137.850000,137.850000,0
20100318 012700,137.850000,137.850000,137.800000,137.810000,0
20100318 012800,137.810000,137.880000,137.800000,137.880000,0
20100318 012900,137.870000,137.880000,137.760000,137.760000,0
20100318 013000,137.770000,137.780000,137.700000,137.770000,0
20100318 013100,137.770000,137.830000,137.760000,137.780000,0
20100318 013200,137.780000,137.810000,137.770000,137.800000,0
20100318 013300,137.800000,137.920000,137.800000,137.900000,0
20100318 013400,137.910000,137.950000,137.890000,137.950000,0
20100318 013500,137.940000,137.970000,137.910000,137.920000,0
20100318 013600,137.930000,137.930000,137.850000,137.890000,0
20100318 013700,137.890000,137.950000,137.890000,137.940000,0
20100318 013800,137.950000,137.970000,137.920000,137.930000,0
20100318 013900,137.920000,137.920000,137.900000,137.910000,0
20100318 014000,137.900000,137.910000,137.880000,137.880000,0
20100318 014100,137.890000,137.900000,137.880000,137.880000,0
20100318 014200,137.890000,137.910000,137.870000,137.880000,0
20100318 014300,137.890000,137.890000,137.860000,137.870000,0
20100318 014400,137.870000,137.900000,137.860000,137.890000,0
20100318 014500,137.890000,137.890000,137.840000,137.870000,0
20100318 014600,137.860000,137.870000,137.730000,137.750000,0
20100318 014700,137.760000,137.840000,137.760000,137.840000,0
20100318 014800,137.850000,137.860000,137.830000,137.830000,0
20100318 014900,137.830000,137.850000,137.800000,137.810000,0
20100318 015000,137.800000,137.820000,137.780000,137.820000,0
20100318 015100,137.810000,137.820000,137.780000,137.790000,0
20100318 015200,137.790000,137.790000,137.730000,137.730000,0
20100318 015300,137.730000,137.760000,137.640000,137.640000,0
20100318 015400,137.640000,137.670000,137.620000,137.640000,0
20100318 015500,137.630000,137.690000,137.620000,137.690000,0
20100318 015600,137.700000,137.700000,137.680000,137.690000,0
20100318 015700,137.690000,137.700000,137.660000,137.690000,0
20100318 015800,137.680000,137.690000,137.600000,137.640000,0
20100318 015900,137.640000,137.670000,137.610000,137.660000,0
20100318 020000,137.660000,137.660000,137.540000,137.550000,0
20100318 020100,137.560000,137.640000,137.560000,137.630000,0
20100318 020200,137.630000,137.660000,137.620000,137.640000,0
20100318 020300,137.650000,137.690000,137.640000,137.690000,0
20100318 020400,137.700000,137.730000,137.700000,137.730000,0
20100318 020500,137.740000,137.750000,137.700000,137.720000,0
20100318 020600,137.720000,137.750000,137.720000,137.740000,0
20100318 020700,137.750000,137.760000,137.720000,137.750000,0
20100318 020800,137.740000,137.780000,137.730000,137.780000,0
20100318 020900,137.770000,137.830000,137.750000,137.830000,0
20100318 021000,137.820000,137.830000,137.770000,137.780000,0
20100318 021100,137.790000,137.800000,137.780000,137.780000,0
20100318 021200,137.780000,137.850000,137.770000,137.850000,0
20100318 021300,137.840000,137.840000,137.800000,137.820000,0
20100318 021400,137.820000,137.840000,137.780000,137.800000,0
20100318 021500,137.800000,137.810000,137.790000,137.790000,0
20100318 021600,137.800000,137.820000,137.790000,137.810000,0
20100318 021700,137.820000,137.820000,137.790000,137.800000,0
20100318 021800,137.800000,137.820000,137.800000,137.810000,0
20100318 021900,137.820000,137.840000,137.800000,137.820000,0
20100318 022000,137.820000,137.860000,137.800000,137.850000,0
20100318 022100,137.860000,137.880000,137.820000,137.820000,0
20100318 022200,137.830000,137.880000,137.830000,137.870000,0
20100318 022300,137.860000,137.870000,137.850000,137.870000,0
20100318 022400,137.860000,137.890000,137.860000,137.860000,0
20100318 022500,137.870000,137.890000,137.850000,137.880000,0
20100318 022600,137.890000,137.890000,137.820000,137.820000,0
20100318 022700,137.830000,137.910000,137.830000,137.910000,0
20100318 022800,137.910000,137.920000,137.890000,137.890000,0
20100318 022900,137.900000,137.900000,137.870000,137.890000,0
20100318 023000,137.890000,137.890000,137.850000,137.870000,0
20100318 023100,137.870000,137.880000,137.840000,137.850000,0
20100318 023200,137.850000,137.890000,137.850000,137.890000,0
20100318 023300,137.880000,137.900000,137.870000,137.870000,0
20100318 023400,137.880000,137.890000,137.880000,137.890000,0
20100318 023500,137.890000,137.930000,137.890000,137.910000,0
20100318 023600,137.920000,137.920000,137.870000,137.890000,0
20100318 023700,137.890000,137.900000,137.870000,137.890000,0
20100318 023800,137.880000,137.900000,137.880000,137.900000,0
20100318 023900,137.890000,137.890000,137.870000,137.870000,0
20100318 024000,137.880000,137.880000,137.850000,137.860000,0
20100318 024100,137.860000,137.860000,137.840000,137.840000,0
20100318 024200,137.850000,137.850000,137.830000,137.850000,0
20100318 024300,137.850000,137.850000,137.820000,137.830000,0
20100318 024400,137.820000,137.820000,137.740000,137.750000,0
20100318 024500,137.750000,137.750000,137.690000,137.700000,0
20100318 024600,137.710000,137.730000,137.700000,137.720000,0
20100318 024700,137.700000,137.730000,137.700000,137.720000,0
20100318 024800,137.730000,137.770000,137.710000,137.770000,0
20100318 024900,137.780000,137.790000,137.770000,137.780000,0
20100318 025000,137.770000,137.840000,137.770000,137.840000,0
20100318 025100,137.830000,137.830000,137.810000,137.820000,0
20100318 025200,137.820000,137.850000,137.820000,137.850000,0
20100318 025300,137.850000,137.880000,137.850000,137.880000,0
20100318 025400,137.890000,137.890000,137.860000,137.870000,0
20100318 025500,137.870000,137.880000,137.850000,137.860000,0
20100318 025600,137.850000,137.870000,137.850000,137.850000,0
20100318 025700,137.860000,137.910000,137.860000,137.910000,0
20100318 025800,137.920000,137.970000,137.900000,137.930000,0
20100318 025900,137.930000,137.960000,137.920000,137.940000,0
20100318 030000,137.940000,137.990000,137.940000,137.960000,0
20100318 030100,137.960000,137.990000,137.960000,137.990000,0
20100318 030200,138.000000,138.080000,138.000000,138.070000,0
20100318 030300,138.080000,138.140000,138.040000,138.140000,0
20100318 030400,138.150000,138.300000,138.140000,138.290000,0
20100318 030500,138.300000,138.300000,138.250000,138.270000,0
20100318 030600,138.270000,138.300000,138.230000,138.300000,0
20100318 030700,138.300000,138.310000,138.270000,138.270000,0
20100318 030800,138.270000,138.280000,138.240000,138.240000,0
20100318 030900,138.250000,138.270000,138.210000,138.210000,0
20100318 031000,138.220000,138.250000,138.220000,138.240000,0
20100318 031100,138.230000,138.250000,138.220000,138.250000,0
20100318 031200,138.250000,138.260000,138.170000,138.190000,0
20100318 031300,138.180000,138.210000,138.160000,138.170000,0
20100318 031400,138.160000,138.210000,138.140000,138.170000,0
20100318 031500,138.170000,138.170000,138.060000,138.060000,0
20100318 031600,138.050000,138.050000,137.980000,138.020000,0
20100318 031700,138.020000,138.060000,138.010000,138.040000,0
20100318 031800,138.050000,138.110000,138.040000,138.110000,0
20100318 031900,138.100000,138.170000,138.070000,138.160000,0
20100318 032000,138.160000,138.160000,138.060000,138.100000,0
20100318 032100,138.090000,138.120000,138.060000,138.060000,0
20100318 032200,138.070000,138.090000,138.060000,138.070000,0
20100318 032300,138.080000,138.100000,138.070000,138.080000,0
20100318 032400,138.080000,138.080000,138.010000,138.030000,0
20100318 032500,138.020000,138.040000,138.010000,138.020000,0
20100318 032600,138.030000,138.030000,137.950000,137.970000,0
20100318 032700,137.960000,137.980000,137.950000,137.950000,0
20100318 032800,137.960000,137.960000,137.900000,137.920000,0
20100318 032900,137.930000,137.960000,137.930000,137.960000,0
20100318 033000,137.950000,137.960000,137.940000,137.950000,0
20100318 033100,137.960000,137.970000,137.930000,137.930000,0
20100318 033200,137.930000,137.950000,137.930000,137.950000,0
20100318 033300,137.960000,137.970000,137.930000,137.960000,0
20100318 033400,137.950000,137.950000,137.860000,137.910000,0
20100318 033500,137.910000,137.910000,137.880000,137.880000,0
20100318 033600,137.880000,137.920000,137.880000,137.890000,0
20100318 033700,137.880000,137.890000,137.870000,137.890000,0
20100318 033800,137.900000,137.910000,137.880000,137.910000,0
20100318 033900,137.910000,137.910000,137.860000,137.880000,0
20100318 034000,137.870000,137.880000,137.840000,137.850000,0
20100318 034100,137.840000,137.840000,137.730000,137.760000,0
20100318 034200,137.750000,137.780000,137.750000,137.760000,0
20100318 034300,137.760000,137.780000,137.720000,137.720000,0
20100318 034400,137.710000,137.720000,137.640000,137.670000,0
20100318 034500,137.660000,137.690000,137.630000,137.650000,0
20100318 034600,137.640000,137.660000,137.610000,137.630000,0
20100318 034700,137.640000,137.650000,137.530000,137.550000,0
20100318 034800,137.540000,137.550000,137.400000,137.430000,0
20100318 034900,137.440000,137.460000,137.370000,137.450000,0
20100318 035000,137.460000,137.530000,137.450000,137.530000,0
20100318 035100,137.540000,137.540000,137.490000,137.510000,0
20100318 035200,137.510000,137.510000,137.370000,137.410000,0
20100318 035300,137.410000,137.420000,137.270000,137.280000,0
20100318 035400,137.300000,137.360000,137.280000,137.350000,0
20100318 035500,137.340000,137.380000,137.340000,137.380000,0
20100318 035600,137.370000,137.380000,137.320000,137.370000,0
20100318 035700,137.380000,137.390000,137.360000,137.360000,0
20100318 035800,137.350000,137.360000,137.320000,137.320000,0
20100318 035900,137.310000,137.340000,137.310000,137.320000,0
20100318 040000,137.330000,137.450000,137.320000,137.450000,0
20100318 040100,137.440000,137.510000,137.440000,137.500000,0
20100318 040200,137.510000,137.510000,137.440000,137.470000,0
20100318 040300,137.470000,137.600000,137.470000,137.600000,0
20100318 040400,137.590000,137.640000,137.560000,137.620000,0
20100318 040500,137.610000,137.630000,137.570000,137.590000,0
20100318 040600,137.590000,137.710000,137.590000,137.690000,0
20100318 040700,137.700000,137.700000,137.590000,137.620000,0
20100318 040800,137.620000,137.660000,137.590000,137.630000,0
20100318 040900,137.630000,137.650000,137.630000,137.650000,0
20100318 041000,137.640000,137.720000,137.640000,137.660000,0
20100318 041100,137.670000,137.730000,137.670000,137.670000,0
20100318 041200,137.660000,137.670000,137.630000,137.630000,0
20100318 041300,137.640000,137.640000,137.580000,137.610000,0
20100318 041400,137.600000,137.640000,137.560000,137.580000,0
20100318 041500,137.570000,137.590000,137.550000,137.580000,0
20100318 041600,137.580000,137.590000,137.530000,137.540000,0
20100318 041700,137.550000,137.580000,137.480000,137.490000,0
20100318 041800,137.480000,137.560000,137.460000,137.480000,0
20100318 041900,137.480000,137.490000,137.390000,137.400000,0
20100318 042000,137.390000,137.420000,137.300000,137.340000,0
20100318 042100,137.350000,137.380000,137.340000,137.350000,0
20100318 042200,137.360000,137.420000,137.360000,137.400000,0
20100318 042300,137.400000,137.510000,137.400000,137.460000,0
20100318 042400,137.450000,137.590000,137.440000,137.580000,0
20100318 042500,137.580000,137.600000,137.510000,137.510000,0
20100318 042600,137.530000,137.600000,137.520000,137.600000,0
20100318 042700,137.600000,137.650000,137.600000,137.630000,0
20100318 042800,137.630000,137.720000,137.610000,137.680000,0
20100318 042900,137.670000,137.700000,137.650000,137.690000,0
20100318 043000,137.680000,137.680000,137.620000,137.640000,0
20100318 043100,137.630000,137.630000,137.600000,137.620000,0
20100318 043200,137.620000,137.620000,137.510000,137.510000,0
20100318 043300,137.510000,137.530000,137.460000,137.460000,0
20100318 043400,137.460000,137.510000,137.440000,137.510000,0
20100318 043500,137.520000,137.530000,137.480000,137.500000,0
20100318 043600,137.510000,137.550000,137.510000,137.510000,0
20100318 043700,137.520000,137.530000,137.480000,137.500000,0
20100318 043800,137.510000,137.540000,137.480000,137.520000,0
20100318 043900,137.520000,137.550000,137.480000,137.530000,0
20100318 044000,137.520000,137.560000,137.500000,137.530000,0
20100318 044100,137.540000,137.550000,137.490000,137.510000,0
20100318 044200,137.500000,137.520000,137.460000,137.500000,0
20100318 044300,137.500000,137.520000,137.480000,137.520000,0
20100318 044400,137.530000,137.540000,137.470000,137.490000,0
20100318 044500,137.490000,137.530000,137.490000,137.500000,0
20100318 044600,137.500000,137.520000,137.490000,137.500000,0
20100318 044700,137.500000,137.520000,137.450000,137.460000,0
20100318 044800,137.470000,137.480000,137.420000,137.420000,0
20100318 044900,137.430000,137.470000,137.410000,137.430000,0
20100318 045000,137.430000,137.430000,137.410000,137.420000,0
20100318 045100,137.430000,137.440000,137.410000,137.430000,0
20100318 045200,137.440000,137.440000,137.400000,137.400000,0
20100318 045300,137.410000,137.440000,137.390000,137.430000,0
20100318 045400,137.430000,137.470000,137.430000,137.460000,0
20100318 045500,137.470000,137.510000,137.460000,137.480000,0
20100318 045600,137.480000,137.520000,137.460000,137.480000,0
20100318 045700,137.490000,137.510000,137.460000,137.510000,0
20100318 045800,137.500000,137.510000,137.470000,137.480000,0
20100318 045900,137.480000,137.510000,137.450000,137.510000,0
20100318 050000,137.500000,137.510000,137.440000,137.450000,0
20100318 050100,137.440000,137.440000,137.400000,137.400000,0
20100318 050200,137.410000,137.420000,137.390000,137.410000,0
20100318 050300,137.410000,137.410000,137.310000,137.350000,0
20100318 050400,137.340000,137.340000,137.190000,137.210000,0
20100318 050500,137.210000,137.230000,137.160000,137.200000,0
20100318 050600,137.210000,137.260000,137.210000,137.250000,0
20100318 050700,137.260000,137.310000,137.250000,137.290000,0
20100318 050800,137.280000,137.330000,137.210000,137.220000,0
20100318 050900,137.210000,137.250000,137.210000,137.240000,0
20100318 051000,137.230000,137.290000,137.230000,137.270000,0
20100318 051100,137.270000,137.290000,137.260000,137.260000,0
20100318 051200,137.250000,137.250000,137.020000,137.020000,0
20100318 051300,137.020000,137.160000,137.010000,137.140000,0
20100318 051400,137.140000,137.240000,137.140000,137.210000,0
20100318 051500,137.210000,137.270000,137.210000,137.250000,0
20100318 051600,137.260000,137.320000,137.250000,137.300000,0
20100318 051700,137.290000,137.340000,137.290000,137.320000,0
20100318 051800,137.330000,137.410000,137.330000,137.400000,0
20100318 051900,137.400000,137.530000,137.390000,137.500000,0
20100318 052000,137.500000,137.500000,137.450000,137.490000,0
20100318 052100,137.490000,137.500000,137.450000,137.480000,0
20100318 052200,137.490000,137.540000,137.470000,137.540000,0
20100318 052300,137.530000,137.590000,137.510000,137.580000,0
20100318 052400,137.590000,137.590000,137.510000,137.520000,0
20100318 052500,137.530000,137.570000,137.510000,137.540000,0
20100318 052600,137.560000,137.570000,137.500000,137.500000,0
20100318 052700,137.500000,137.540000,137.460000,137.530000,0
20100318 052800,137.520000,137.540000,137.480000,137.510000,0
20100318 052900,137.520000,137.560000,137.500000,137.550000,0
20100318 053000,137.570000,137.810000,137.560000,137.770000,0
20100318 053100,137.780000,137.810000,137.730000,137.790000,0
20100318 053200,137.800000,137.830000,137.770000,137.780000,0
20100318 053300,137.770000,137.770000,137.660000,137.660000,0
20100318 053400,137.670000,137.690000,137.660000,137.690000,0
20100318 053500,137.690000,137.800000,137.680000,137.800000,0
20100318 053600,137.800000,137.900000,137.800000,137.860000,0
20100318 053700,137.850000,137.900000,137.820000,137.890000,0
20100318 053800,137.880000,137.880000,137.810000,137.830000,0
20100318 053900,137.820000,137.820000,137.750000,137.770000,0
20100318 054000,137.780000,137.800000,137.770000,137.800000,0
20100318 054100,137.810000,137.860000,137.780000,137.850000,0
20100318 054200,137.860000,137.930000,137.850000,137.930000,0
20100318 054300,137.930000,137.950000,137.900000,137.920000,0
20100318 054400,137.920000,137.970000,137.910000,137.920000,0
20100318 054500,137.920000,137.930000,137.900000,137.910000,0
20100318 054600,137.900000,137.940000,137.900000,137.930000,0
20100318 054700,137.930000,138.000000,137.910000,138.000000,0
20100318 054800,137.990000,138.160000,137.990000,138.150000,0
20100318 054900,138.140000,138.180000,138.140000,138.160000,0
20100318 055000,138.150000,138.160000,138.090000,138.130000,0
20100318 055100,138.130000,138.140000,138.120000,138.120000,0
20100318 055200,138.110000,138.120000,138.100000,138.120000,0
20100318 055300,138.110000,138.110000,138.060000,138.070000,0
20100318 055400,138.060000,138.060000,138.000000,138.010000,0
20100318 055500,138.010000,138.010000,137.900000,137.910000,0
20100318 055600,137.900000,137.980000,137.900000,137.970000,0
20100318 055700,137.960000,138.020000,137.960000,137.980000,0
20100318 055800,137.970000,137.970000,137.920000,137.930000,0
20100318 055900,137.930000,137.940000,137.910000,137.920000,0
20100318 060000,137.910000,137.940000,137.910000,137.930000,0
20100318 060100,137.940000,137.980000,137.940000,137.950000,0
20100318 060200,137.950000,137.980000,137.940000,137.980000,0
20100318 060300,137.990000,138.000000,137.970000,138.000000,0
20100318 060400,137.990000,138.010000,137.970000,137.990000,0
20100318 060500,137.980000,137.990000,137.970000,137.980000,0
20100318 060600,137.990000,137.990000,137.950000,137.950000,0
20100318 060700,137.940000,137.940000,137.910000,137.910000,0
20100318 060800,137.910000,137.920000,137.900000,137.910000,0
20100318 060900,137.920000,137.930000,137.900000,137.910000,0
20100318 061000,137.910000,137.930000,137.890000,137.930000,0
20100318 061100,137.920000,137.920000,137.890000,137.900000,0
20100318 061200,137.900000,137.900000,137.860000,137.860000,0
20100318 061300,137.850000,137.890000,137.850000,137.890000,0
20100318 061400,137.890000,137.900000,137.860000,137.900000,0
20100318 061500,137.890000,137.930000,137.890000,137.890000,0
20100318 061600,137.900000,137.920000,137.890000,137.900000,0
20100318 061700,137.910000,137.910000,137.860000,137.900000,0
20100318 061800,137.890000,137.900000,137.870000,137.880000,0
20100318 061900,137.870000,137.930000,137.870000,137.910000,0
20100318 062000,137.900000,137.910000,137.890000,137.890000,0
20100318 062100,137.890000,137.890000,137.870000,137.870000,0
20100318 062200,137.870000,137.930000,137.850000,137.930000,0
20100318 062300,137.940000,137.970000,137.910000,137.960000,0
20100318 062400,137.960000,138.030000,137.960000,138.010000,0
20100318 062500,138.000000,138.000000,137.890000,137.920000,0
20100318 062600,137.930000,137.940000,137.860000,137.860000,0
20100318 062700,137.870000,137.890000,137.860000,137.880000,0
20100318 062800,137.880000,137.900000,137.860000,137.870000,0
20100318 062900,137.860000,137.880000,137.860000,137.880000,0
20100318 063000,137.880000,137.890000,137.880000,137.880000,0
20100318 063100,137.870000,137.910000,137.870000,137.890000,0
20100318 063200,137.900000,137.900000,137.870000,137.870000,0
20100318 063300,137.870000,137.880000,137.870000,137.870000,0
20100318 063400,137.880000,137.880000,137.860000,137.860000,0
20100318 063500,137.860000,137.870000,137.840000,137.870000,0
20100318 063600,137.860000,137.960000,137.860000,137.960000,0
20100318 063700,137.970000,137.970000,137.950000,137.960000,0
20100318 063800,137.960000,137.970000,137.940000,137.950000,0
20100318 063900,137.960000,137.980000,137.950000,137.980000,0
20100318 064000,137.970000,137.980000,137.940000,137.940000,0
20100318 064100,137.940000,137.960000,137.930000,137.940000,0
20100318 064200,137.940000,137.960000,137.910000,137.910000,0
20100318 064300,137.900000,137.930000,137.890000,137.900000,0
20100318 064400,137.890000,137.890000,137.860000,137.870000,0
20100318 064500,137.860000,137.870000,137.840000,137.870000,0
20100318 064600,137.860000,137.880000,137.850000,137.880000,0
20100318 064700,137.870000,137.900000,137.870000,137.900000,0
20100318 064800,137.890000,137.920000,137.890000,137.890000,0
20100318 064900,137.890000,137.930000,137.890000,137.920000,0
20100318 065000,137.920000,137.930000,137.910000,137.920000,0
20100318 065100,137.910000,137.940000,137.910000,137.920000,0
20100318 065200,137.910000,137.930000,137.870000,137.870000,0
20100318 065300,137.880000,137.890000,137.860000,137.880000,0
20100318 065400,137.870000,137.890000,137.840000,137.880000,0
20100318 065500,137.890000,137.910000,137.880000,137.880000,0
20100318 065600,137.880000,137.920000,137.880000,137.900000,0
20100318 065700,137.900000,137.900000,137.880000,137.890000,0
20100318 065800,137.900000,137.910000,137.890000,137.900000,0
20100318 065900,137.910000,137.910000,137.870000,137.870000,0
20100318 070000,137.860000,137.870000,137.790000,137.790000,0
20100318 070100,137.800000,137.820000,137.790000,137.820000,0
20100318 070200,137.830000,137.860000,137.810000,137.820000,0
20100318 070300,137.820000,137.830000,137.780000,137.820000,0
20100318 070400,137.810000,137.820000,137.790000,137.790000,0
20100318 070500,137.790000,137.850000,137.790000,137.830000,0
20100318 070600,137.820000,137.850000,137.810000,137.830000,0
20100318 070700,137.830000,137.870000,137.830000,137.860000,0
20100318 070800,137.870000,137.870000,137.850000,137.860000,0
20100318 070900,137.860000,137.870000,137.820000,137.830000,0
20100318 071000,137.830000,137.850000,137.820000,137.840000,0
20100318 071100,137.850000,137.850000,137.820000,137.830000,0
20100318 071200,137.830000,137.850000,137.830000,137.840000,0
20100318 071300,137.840000,137.910000,137.830000,137.900000,0
20100318 071400,137.900000,138.000000,137.900000,137.990000,0
20100318 071500,137.990000,138.060000,137.970000,138.050000,0
20100318 071600,138.040000,138.040000,137.990000,138.020000,0
20100318 071700,138.020000,138.030000,137.980000,138.010000,0
20100318 071800,138.010000,138.010000,137.960000,137.960000,0
20100318 071900,137.960000,137.960000,137.870000,137.870000,0
20100318 072000,137.880000,137.950000,137.870000,137.950000,0
20100318 072100,137.940000,137.960000,137.920000,137.930000,0
20100318 072200,137.920000,137.930000,137.860000,137.870000,0
20100318 072300,137.860000,137.880000,137.860000,137.870000,0
20100318 072400,137.860000,137.870000,137.850000,137.870000,0
20100318 072500,137.860000,137.890000,137.850000,137.870000,0
20100318 072600,137.880000,137.880000,137.860000,137.880000,0
20100318 072700,137.890000,137.920000,137.860000,137.920000,0
20100318 072800,137.930000,137.960000,137.920000,137.960000,0
20100318 072900,137.950000,137.980000,137.940000,137.980000,0
20100318 073000,137.980000,137.980000,137.930000,137.960000,0
20100318 073100,137.950000,138.000000,137.950000,137.990000,0
20100318 073200,137.990000,138.000000,137.980000,137.990000,0
20100318 073300,137.990000,138.000000,137.980000,137.980000,0
20100318 073400,137.980000,137.980000,137.950000,137.960000,0
20100318 073500,137.950000,137.990000,137.950000,137.970000,0
20100318 073600,137.970000,137.980000,137.950000,137.980000,0
20100318 073700,137.970000,137.970000,137.940000,137.950000,0
20100318 073800,137.940000,137.950000,137.920000,137.940000,0
20100318 073900,137.930000,137.940000,137.920000,137.920000,0
20100318 074000,137.930000,137.940000,137.920000,137.920000,0
20100318 074100,137.940000,137.940000,137.920000,137.920000,0
20100318 074200,137.920000,137.930000,137.890000,137.910000,0
20100318 074300,137.910000,137.910000,137.880000,137.890000,0
20100318 074400,137.900000,137.900000,137.880000,137.880000,0
20100318 074500,137.890000,137.900000,137.880000,137.890000,0
20100318 074600,137.890000,137.890000,137.870000,137.870000,0
20100318 074700,137.860000,137.870000,137.850000,137.870000,0
20100318 074800,137.860000,137.860000,137.830000,137.830000,0
20100318 074900,137.830000,137.830000,137.760000,137.760000,0
20100318 075000,137.760000,137.770000,137.730000,137.730000,0
20100318 075100,137.740000,137.750000,137.690000,137.690000,0
20100318 075200,137.690000,137.710000,137.670000,137.700000,0
20100318 075300,137.700000,137.720000,137.680000,137.700000,0
20100318 075400,137.700000,137.730000,137.690000,137.700000,0
20100318 075500,137.700000,137.710000,137.650000,137.650000,0
20100318 075600,137.650000,137.720000,137.650000,137.690000,0
20100318 075700,137.700000,137.750000,137.700000,137.740000,0
20100318 075800,137.740000,137.780000,137.740000,137.770000,0
20100318 075900,137.780000,137.780000,137.750000,137.770000,0
20100318 080000,137.760000,137.780000,137.750000,137.780000,0
20100318 080100,137.770000,137.790000,137.760000,137.780000,0
20100318 080200,137.790000,137.800000,137.780000,137.790000,0
20100318 080300,137.790000,137.810000,137.780000,137.780000,0
20100318 080400,137.770000,137.790000,137.760000,137.790000,0
20100318 080500,137.800000,137.820000,137.790000,137.820000,0
20100318 080600,137.810000,137.840000,137.810000,137.840000,0
20100318 080700,137.840000,137.840000,137.810000,137.820000,0
20100318 080800,137.810000,137.830000,137.810000,137.820000,0
20100318 080900,137.820000,137.830000,137.800000,137.810000,0
20100318 081000,137.800000,137.800000,137.760000,137.790000,0
20100318 081100,137.780000,137.810000,137.780000,137.790000,0
20100318 081200,137.790000,137.790000,137.780000,137.780000,0
20100318 081300,137.790000,137.790000,137.700000,137.730000,0
20100318 081400,137.740000,137.740000,137.720000,137.720000,0
20100318 081500,137.730000,137.750000,137.720000,137.750000,0
20100318 081600,137.760000,137.780000,137.750000,137.780000,0
20100318 081700,137.780000,137.800000,137.780000,137.800000,0
20100318 081800,137.800000,137.830000,137.800000,137.830000,0
20100318 081900,137.820000,137.870000,137.820000,137.850000,0
20100318 082000,137.840000,137.870000,137.840000,137.850000,0
20100318 082100,137.860000,137.880000,137.850000,137.870000,0
20100318 082200,137.870000,137.880000,137.830000,137.830000,0
20100318 082300,137.830000,137.920000,137.830000,137.910000,0
20100318 082400,137.900000,137.950000,137.890000,137.930000,0
20100318 082500,137.920000,137.930000,137.870000,137.870000,0
20100318 082600,137.880000,137.930000,137.880000,137.930000,0
20100318 082700,137.920000,137.930000,137.920000,137.920000,0
20100318 082800,137.910000,137.920000,137.880000,137.900000,0
20100318 082900,137.890000,137.930000,137.880000,137.900000,0
20100318 083000,137.890000,137.900000,137.730000,137.740000,0
20100318 083100,137.750000,137.810000,137.730000,137.810000,0
20100318 083200,137.800000,137.830000,137.760000,137.830000,0
20100318 083300,137.820000,137.890000,137.740000,137.740000,0
20100318 083400,137.720000,137.740000,137.660000,137.710000,0
20100318 083500,137.720000,137.800000,137.710000,137.790000,0
20100318 083600,137.800000,137.810000,137.780000,137.800000,0
20100318 083700,137.790000,137.820000,137.740000,137.760000,0
20100318 083800,137.770000,137.800000,137.770000,137.800000,0
20100318 083900,137.790000,137.830000,137.780000,137.780000,0
20100318 084000,137.780000,137.860000,137.780000,137.800000,0
20100318 084100,137.800000,137.810000,137.750000,137.780000,0
20100318 084200,137.780000,137.870000,137.780000,137.860000,0
20100318 084300,137.870000,137.900000,137.850000,137.860000,0
20100318 084400,137.870000,137.870000,137.840000,137.850000,0
20100318 084500,137.860000,137.870000,137.790000,137.810000,0
20100318 084600,137.810000,137.810000,137.770000,137.810000,0
20100318 084700,137.820000,137.860000,137.810000,137.850000,0
20100318 084800,137.860000,137.870000,137.800000,137.830000,0
20100318 084900,137.830000,137.910000,137.810000,137.900000,0
20100318 085000,137.910000,137.920000,137.870000,137.880000,0
20100318 085100,137.890000,137.890000,137.830000,137.840000,0
20100318 085200,137.830000,137.950000,137.830000,137.930000,0
20100318 085300,137.930000,137.950000,137.880000,137.900000,0
20100318 085400,137.890000,137.960000,137.890000,137.940000,0
20100318 085500,137.940000,137.960000,137.910000,137.950000,0
20100318 085600,137.950000,137.980000,137.940000,137.980000,0
20100318 085700,137.970000,137.970000,137.940000,137.940000,0
20100318 085800,137.940000,137.990000,137.920000,137.970000,0
20100318 085900,137.960000,137.970000,137.910000,137.930000,0
20100318 090000,137.940000,137.990000,137.930000,137.960000,0
20100318 090100,137.970000,138.000000,137.950000,137.970000,0
20100318 090200,137.970000,137.980000,137.930000,137.940000,0
20100318 090300,137.950000,138.010000,137.930000,137.970000,0
20100318 090400,137.980000,138.010000,137.960000,137.990000,0
20100318 090500,138.000000,138.000000,137.940000,137.950000,0
20100318 090600,137.960000,138.000000,137.950000,137.980000,0
20100318 090700,137.990000,138.030000,137.990000,138.020000,0
20100318 090800,138.020000,138.040000,138.020000,138.030000,0
20100318 090900,138.040000,138.050000,138.020000,138.020000,0
20100318 091000,138.020000,138.030000,138.000000,138.020000,0
20100318 091100,138.010000,138.040000,137.990000,138.000000,0
20100318 091200,138.010000,138.040000,138.010000,138.010000,0
20100318 091300,138.020000,138.020000,137.940000,137.940000,0
20100318 091400,137.940000,137.960000,137.920000,137.940000,0
20100318 091500,137.930000,137.960000,137.920000,137.960000,0
20100318 091600,137.970000,137.990000,137.960000,137.970000,0
20100318 091700,137.980000,137.980000,137.920000,137.960000,0
20100318 091800,137.950000,137.980000,137.940000,137.970000,0
20100318 091900,137.960000,138.040000,137.960000,138.030000,0
20100318 092000,138.040000,138.090000,138.030000,138.050000,0
20100318 092100,138.060000,138.160000,138.060000,138.140000,0
20100318 092200,138.130000,138.130000,138.120000,138.130000,0
20100318 092300,138.130000,138.160000,138.100000,138.130000,0
20100318 092400,138.140000,138.140000,138.070000,138.070000,0
20100318 092500,138.060000,138.070000,138.040000,138.040000,0
20100318 092600,138.050000,138.060000,138.010000,138.020000,0
20100318 092700,138.010000,138.030000,138.010000,138.010000,0
20100318 092800,138.020000,138.030000,137.990000,138.010000,0
20100318 092900,138.000000,138.010000,137.960000,137.960000,0
20100318 093000,137.970000,137.980000,137.930000,137.950000,0
20100318 093100,137.960000,137.970000,137.920000,137.940000,0
20100318 093200,137.950000,138.000000,137.950000,137.990000,0
20100318 093300,137.990000,138.030000,137.990000,138.010000,0
20100318 093400,138.020000,138.050000,138.000000,138.050000,0
20100318 093500,138.040000,138.130000,138.040000,138.100000,0
20100318 093600,138.100000,138.130000,138.090000,138.090000,0
20100318 093700,138.090000,138.160000,138.090000,138.130000,0
20100318 093800,138.140000,138.150000,138.080000,138.100000,0
20100318 093900,138.100000,138.110000,138.070000,138.070000,0
20100318 094000,138.060000,138.080000,138.050000,138.070000,0
20100318 094100,138.060000,138.130000,138.060000,138.120000,0
20100318 094200,138.110000,138.120000,138.060000,138.060000,0
20100318 094300,138.050000,138.090000,138.050000,138.080000,0
20100318 094400,138.090000,138.090000,138.070000,138.080000,0
20100318 094500,138.080000,138.100000,138.070000,138.080000,0
20100318 094600,138.080000,138.100000,138.060000,138.080000,0
20100318 094700,138.080000,138.090000,138.010000,138.040000,0
20100318 094800,138.050000,138.060000,138.040000,138.050000,0
20100318 094900,138.050000,138.100000,138.050000,138.090000,0
20100318 095000,138.090000,138.090000,138.070000,138.070000,0
20100318 095100,138.070000,138.070000,138.050000,138.060000,0
20100318 095200,138.070000,138.120000,138.060000,138.110000,0
20100318 095300,138.110000,138.120000,138.100000,138.100000,0
20100318 095400,138.110000,138.170000,138.100000,138.160000,0
20100318 095500,138.150000,138.250000,138.150000,138.200000,0
20100318 095600,138.190000,138.230000,138.190000,138.190000,0
20100318 095700,138.200000,138.230000,138.190000,138.230000,0
20100318 095800,138.220000,138.240000,138.190000,138.200000,0
20100318 095900,138.190000,138.210000,138.120000,138.130000,0
20100318 100000,138.140000,138.370000,138.100000,138.320000,0
20100318 100100,138.330000,138.370000,138.290000,138.330000,0
20100318 100200,138.340000,138.400000,138.330000,138.390000,0
20100318 100300,138.380000,138.390000,138.360000,138.370000,0
20100318 100400,138.370000,138.370000,138.330000,138.350000,0
20100318 100500,138.360000,138.370000,138.320000,138.320000,0
20100318 100600,138.320000,138.330000,138.260000,138.260000,0
20100318 100700,138.250000,138.270000,138.230000,138.240000,0
20100318 100800,138.230000,138.280000,138.220000,138.270000,0
20100318 100900,138.270000,138.300000,138.260000,138.280000,0
20100318 101000,138.290000,138.300000,138.210000,138.220000,0
20100318 101100,138.220000,138.240000,138.210000,138.210000,0
20100318 101200,138.210000,138.250000,138.210000,138.220000,0
20100318 101300,138.220000,138.260000,138.200000,138.230000,0
20100318 101400,138.230000,138.240000,138.200000,138.210000,0
20100318 101500,138.200000,138.200000,138.170000,138.190000,0
20100318 101600,138.190000,138.220000,138.190000,138.200000,0
20100318 101700,138.200000,138.200000,138.150000,138.150000,0
20100318 101800,138.160000,138.190000,138.160000,138.170000,0
20100318 101900,138.180000,138.220000,138.180000,138.210000,0
20100318 102000,138.200000,138.220000,138.180000,138.200000,0
20100318 102100,138.190000,138.240000,138.190000,138.240000,0
20100318 102200,138.250000,138.290000,138.240000,138.260000,0
20100318 102300,138.260000,138.260000,138.220000,138.220000,0
20100318 102400,138.230000,138.230000,138.200000,138.230000,0
20100318 102500,138.240000,138.280000,138.230000,138.240000,0
20100318 102600,138.250000,138.270000,138.220000,138.240000,0
20100318 102700,138.240000,138.250000,138.220000,138.220000,0
20100318 102800,138.210000,138.230000,138.210000,138.230000,0
20100318 102900,138.220000,138.230000,138.190000,138.220000,0
20100318 103000,138.220000,138.260000,138.190000,138.240000,0
20100318 103100,138.240000,138.260000,138.190000,138.240000,0
20100318 103200,138.250000,138.260000,138.200000,138.240000,0
20100318 103300,138.240000,138.260000,138.210000,138.230000,0
20100318 103400,138.240000,138.260000,138.210000,138.210000,0
20100318 103500,138.200000,138.210000,138.160000,138.180000,0
20100318 103600,138.190000,138.200000,138.090000,138.110000,0
20100318 103700,138.100000,138.170000,138.100000,138.170000,0
20100318 103800,138.150000,138.220000,138.150000,138.220000,0
20100318 103900,138.210000,138.210000,138.170000,138.190000,0
20100318 104000,138.190000,138.190000,138.160000,138.170000,0
20100318 104100,138.170000,138.180000,138.140000,138.150000,0
20100318 104200,138.140000,138.170000,138.140000,138.170000,0
20100318 104300,138.170000,138.190000,138.160000,138.180000,0
20100318 104400,138.180000,138.200000,138.160000,138.160000,0
20100318 104500,138.160000,138.180000,138.160000,138.160000,0
20100318 104600,138.150000,138.180000,138.140000,138.150000,0
20100318 104700,138.150000,138.200000,138.150000,138.160000,0
20100318 104800,138.160000,138.190000,138.140000,138.160000,0
20100318 104900,138.170000,138.170000,138.110000,138.120000,0
20100318 105000,138.120000,138.140000,138.110000,138.130000,0
20100318 105100,138.130000,138.140000,138.100000,138.110000,0
20100318 105200,138.110000,138.140000,138.110000,138.120000,0
20100318 105300,138.120000,138.120000,138.080000,138.110000,0
20100318 105400,138.110000,138.120000,138.090000,138.090000,0
20100318 105500,138.110000,138.140000,138.100000,138.140000,0
20100318 105600,138.150000,138.170000,138.150000,138.170000,0
20100318 105700,138.170000,138.210000,138.170000,138.200000,0
20100318 105800,138.210000,138.220000,138.190000,138.200000,0
20100318 105900,138.190000,138.200000,138.160000,138.180000,0
20100318 110000,138.170000,138.200000,138.170000,138.200000,0
20100318 110100,138.210000,138.230000,138.210000,138.230000,0
20100318 110200,138.220000,138.220000,138.180000,138.200000,0
20100318 110300,138.200000,138.210000,138.160000,138.160000,0
20100318 110400,138.160000,138.170000,138.140000,138.150000,0
20100318 110500,138.150000,138.180000,138.140000,138.170000,0
20100318 110600,138.160000,138.170000,138.130000,138.130000,0
20100318 110700,138.140000,138.140000,138.110000,138.120000,0
20100318 110800,138.120000,138.140000,138.090000,138.100000,0
20100318 110900,138.110000,138.180000,138.100000,138.130000,0
20100318 111000,138.140000,138.170000,138.110000,138.150000,0
20100318 111100,138.160000,138.160000,138.070000,138.070000,0
20100318 111200,138.080000,138.080000,137.950000,138.040000,0
20100318 111300,138.040000,138.100000,138.040000,138.080000,0
20100318 111400,138.070000,138.100000,138.030000,138.070000,0
20100318 111500,138.070000,138.150000,138.060000,138.150000,0
20100318 111600,138.160000,138.210000,138.150000,138.180000,0
20100318 111700,138.170000,138.180000,138.100000,138.100000,0
20100318 111800,138.100000,138.100000,138.050000,138.080000,0
20100318 111900,138.080000,138.100000,137.990000,137.990000,0
20100318 112000,137.980000,138.080000,137.980000,138.070000,0
20100318 112100,138.060000,138.080000,138.020000,138.030000,0
20100318 112200,138.030000,138.110000,138.020000,138.070000,0
20100318 112300,138.080000,138.090000,138.020000,138.030000,0
20100318 112400,138.040000,138.080000,138.020000,138.080000,0
20100318 112500,138.080000,138.110000,138.060000,138.100000,0
20100318 112600,138.100000,138.140000,138.080000,138.140000,0
20100318 112700,138.130000,138.150000,138.070000,138.070000,0
20100318 112800,138.080000,138.170000,138.060000,138.160000,0
20100318 112900,138.150000,138.180000,138.110000,138.150000,0
20100318 113000,138.170000,138.200000,138.140000,138.150000,0
20100318 113100,138.160000,138.190000,138.140000,138.140000,0
20100318 113200,138.140000,138.180000,138.130000,138.170000,0
20100318 113300,138.160000,138.190000,138.110000,138.160000,0
20100318 113400,138.160000,138.190000,138.100000,138.140000,0
20100318 113500,138.130000,138.160000,138.110000,138.110000,0
20100318 113600,138.110000,138.270000,138.100000,138.220000,0
20100318 113700,138.220000,138.220000,138.080000,138.090000,0
20100318 113800,138.090000,138.120000,138.040000,138.040000,0
20100318 113900,138.030000,138.080000,138.020000,138.040000,0
20100318 114000,138.030000,138.100000,138.030000,138.070000,0
20100318 114100,138.070000,138.120000,138.050000,138.120000,0
20100318 114200,138.120000,138.130000,138.080000,138.110000,0
20100318 114300,138.100000,138.150000,138.100000,138.140000,0
20100318 114400,138.150000,138.160000,138.080000,138.080000,0
20100318 114500,138.080000,138.080000,138.010000,138.040000,0
20100318 114600,138.040000,138.080000,138.010000,138.080000,0
20100318 114700,138.070000,138.120000,138.070000,138.080000,0
20100318 114800,138.060000,138.140000,138.060000,138.130000,0
20100318 114900,138.130000,138.160000,138.100000,138.150000,0
20100318 115000,138.140000,138.150000,138.120000,138.130000,0
20100318 115100,138.140000,138.170000,138.120000,138.170000,0
20100318 115200,138.160000,138.200000,138.150000,138.180000,0
20100318 115300,138.180000,138.180000,138.100000,138.130000,0
20100318 115400,138.120000,138.130000,138.080000,138.110000,0
20100318 115500,138.100000,138.150000,138.090000,138.120000,0
20100318 115600,138.110000,138.110000,137.990000,138.030000,0
20100318 115700,138.020000,138.050000,137.970000,137.980000,0
20100318 115800,137.990000,138.060000,137.990000,138.030000,0
20100318 115900,138.040000,138.050000,137.910000,137.910000,0
20100318 120000,137.920000,137.930000,137.850000,137.880000,0
20100318 120100,137.870000,137.870000,137.760000,137.760000,0
20100318 120200,137.760000,137.790000,137.720000,137.750000,0
20100318 120300,137.760000,137.810000,137.760000,137.790000,0
20100318 120400,137.800000,137.800000,137.740000,137.750000,0
20100318 120500,137.760000,137.770000,137.730000,137.760000,0
20100318 120600,137.760000,137.770000,137.690000,137.740000,0
20100318 120700,137.750000,137.840000,137.740000,137.760000,0
20100318 120800,137.760000,137.820000,137.750000,137.820000,0
20100318 120900,137.830000,137.880000,137.820000,137.830000,0
20100318 121000,137.840000,137.840000,137.800000,137.800000,0
20100318 121100,137.790000,137.790000,137.740000,137.740000,0
20100318 121200,137.750000,137.800000,137.740000,137.770000,0
20100318 121300,137.770000,137.830000,137.760000,137.810000,0
20100318 121400,137.810000,137.850000,137.760000,137.850000,0
20100318 121500,137.850000,137.860000,137.820000,137.840000,0
20100318 121600,137.850000,137.880000,137.840000,137.860000,0
20100318 121700,137.870000,137.890000,137.830000,137.850000,0
20100318 121800,137.840000,137.920000,137.830000,137.880000,0
20100318 121900,137.890000,137.920000,137.890000,137.910000,0
20100318 122000,137.910000,137.920000,137.900000,137.910000,0
20100318 122100,137.900000,137.930000,137.900000,137.930000,0
20100318 122200,137.940000,137.960000,137.940000,137.950000,0
20100318 122300,137.940000,137.940000,137.880000,137.910000,0
20100318 122400,137.900000,137.920000,137.880000,137.900000,0
20100318 122500,137.910000,137.930000,137.890000,137.890000,0
20100318 122600,137.900000,137.910000,137.870000,137.870000,0
20100318 122700,137.880000,137.900000,137.880000,137.890000,0
20100318 122800,137.890000,137.940000,137.890000,137.930000,0
20100318 122900,137.920000,137.930000,137.880000,137.920000,0
20100318 123000,137.920000,137.960000,137.920000,137.930000,0
20100318 123100,137.940000,137.940000,137.910000,137.920000,0
20100318 123200,137.920000,137.920000,137.780000,137.820000,0
20100318 123300,137.820000,137.820000,137.740000,137.740000,0
20100318 123400,137.750000,137.770000,137.640000,137.650000,0
20100318 123500,137.660000,137.740000,137.660000,137.680000,0
20100318 123600,137.680000,137.770000,137.660000,137.770000,0
20100318 123700,137.760000,137.790000,137.760000,137.780000,0
20100318 123800,137.790000,137.800000,137.750000,137.780000,0
20100318 123900,137.790000,137.830000,137.780000,137.800000,0
20100318 124000,137.810000,137.810000,137.780000,137.790000,0
20100318 124100,137.790000,137.790000,137.740000,137.760000,0
20100318 124200,137.750000,137.750000,137.620000,137.640000,0
20100318 124300,137.630000,137.650000,137.570000,137.640000,0
20100318 124400,137.630000,137.650000,137.610000,137.650000,0
20100318 124500,137.660000,137.700000,137.650000,137.700000,0
20100318 124600,137.690000,137.750000,137.670000,137.750000,0
20100318 124700,137.750000,137.760000,137.710000,137.740000,0
20100318 124800,137.730000,137.730000,137.690000,137.690000,0
20100318 124900,137.680000,137.690000,137.640000,137.660000,0
20100318 125000,137.650000,137.670000,137.600000,137.600000,0
20100318 125100,137.610000,137.640000,137.600000,137.600000,0
20100318 125200,137.610000,137.660000,137.600000,137.630000,0
20100318 125300,137.630000,137.630000,137.600000,137.610000,0
20100318 125400,137.610000,137.630000,137.600000,137.630000,0
20100318 125500,137.630000,137.640000,137.610000,137.640000,0
20100318 125600,137.640000,137.650000,137.610000,137.650000,0
20100318 125700,137.640000,137.650000,137.610000,137.610000,0
20100318 125800,137.620000,137.630000,137.600000,137.620000,0
20100318 125900,137.630000,137.680000,137.620000,137.680000,0
20100318 130000,137.690000,137.730000,137.680000,137.710000,0
20100318 130100,137.710000,137.730000,137.700000,137.730000,0
20100318 130200,137.720000,137.730000,137.710000,137.710000,0
20100318 130300,137.720000,137.720000,137.700000,137.720000,0
20100318 130400,137.720000,137.770000,137.690000,137.770000,0
20100318 130500,137.760000,137.770000,137.750000,137.760000,0
20100318 130600,137.770000,137.800000,137.760000,137.800000,0
20100318 130700,137.800000,137.810000,137.760000,137.790000,0
20100318 130800,137.780000,137.810000,137.780000,137.790000,0
20100318 130900,137.780000,137.810000,137.770000,137.800000,0
20100318 131000,137.800000,137.830000,137.770000,137.790000,0
20100318 131100,137.780000,137.810000,137.770000,137.800000,0
20100318 131200,137.790000,137.790000,137.780000,137.780000,0
20100318 131300,137.770000,137.780000,137.720000,137.720000,0
20100318 131400,137.720000,137.750000,137.720000,137.720000,0
20100318 131500,137.730000,137.800000,137.730000,137.800000,0
20100318 131600,137.790000,137.800000,137.750000,137.770000,0
20100318 131700,137.760000,137.810000,137.760000,137.800000,0
20100318 131800,137.800000,137.800000,137.710000,137.740000,0
20100318 131900,137.750000,137.820000,137.750000,137.790000,0
20100318 132000,137.780000,137.810000,137.760000,137.790000,0
20100318 132100,137.790000,137.800000,137.770000,137.790000,0
20100318 132200,137.780000,137.800000,137.780000,137.780000,0
20100318 132300,137.780000,137.800000,137.770000,137.790000,0
20100318 132400,137.790000,137.820000,137.790000,137.820000,0
20100318 132500,137.820000,137.840000,137.820000,137.840000,0
20100318 132600,137.840000,137.860000,137.840000,137.860000,0
20100318 132700,137.850000,137.890000,137.850000,137.880000,0
20100318 132800,137.890000,137.930000,137.890000,137.910000,0
20100318 132900,137.900000,137.930000,137.890000,137.900000,0
20100318 133000,137.910000,137.910000,137.890000,137.900000,0
20100318 133100,137.900000,137.920000,137.900000,137.920000,0
20100318 133200,137.930000,138.010000,137.920000,138.000000,0
20100318 133300,137.990000,137.990000,137.870000,137.870000,0
20100318 133400,137.880000,137.880000,137.860000,137.860000,0
20100318 133500,137.860000,137.880000,137.860000,137.880000,0
20100318 133600,137.880000,137.880000,137.820000,137.820000,0
20100318 133700,137.830000,137.850000,137.830000,137.850000,0
20100318 133800,137.840000,137.870000,137.840000,137.860000,0
20100318 133900,137.860000,137.870000,137.860000,137.860000,0
20100318 134000,137.860000,137.870000,137.860000,137.860000,0
20100318 134100,137.860000,137.870000,137.850000,137.860000,0
20100318 134200,137.850000,137.850000,137.810000,137.820000,0
20100318 134300,137.830000,137.840000,137.800000,137.800000,0
20100318 134400,137.790000,137.840000,137.790000,137.820000,0
20100318 134500,137.820000,137.850000,137.820000,137.820000,0
20100318 134600,137.810000,137.840000,137.800000,137.840000,0
20100318 134700,137.840000,137.860000,137.830000,137.840000,0
20100318 134800,137.840000,137.840000,137.810000,137.820000,0
20100318 134900,137.820000,137.820000,137.790000,137.810000,0
20100318 135000,137.800000,137.810000,137.780000,137.780000,0
20100318 135100,137.770000,137.780000,137.750000,137.760000,0
20100318 135300,137.750000,137.770000,137.750000,137.770000,0
20100318 135400,137.770000,137.800000,137.750000,137.750000,0
20100318 135500,137.750000,137.750000,137.730000,137.730000,0
20100318 135600,137.730000,137.730000,137.690000,137.690000,0
20100318 135700,137.700000,137.710000,137.690000,137.690000,0
20100318 135800,137.700000,137.710000,137.670000,137.710000,0
20100318 135900,137.710000,137.740000,137.710000,137.730000,0
20100318 140000,137.740000,137.740000,137.700000,137.700000,0
20100318 140100,137.710000,137.710000,137.680000,137.690000,0
20100318 140200,137.680000,137.690000,137.670000,137.680000,0
20100318 140300,137.680000,137.710000,137.680000,137.700000,0
20100318 140400,137.700000,137.730000,137.700000,137.720000,0
20100318 140500,137.730000,137.740000,137.680000,137.690000,0
20100318 140600,137.680000,137.690000,137.640000,137.650000,0
20100318 140700,137.650000,137.660000,137.630000,137.640000,0
20100318 140800,137.630000,137.640000,137.630000,137.630000,0
20100318 140900,137.630000,137.670000,137.630000,137.660000,0
20100318 141000,137.670000,137.680000,137.670000,137.670000,0
20100318 141100,137.670000,137.710000,137.660000,137.710000,0
20100318 141200,137.710000,137.720000,137.700000,137.710000,0
20100318 141300,137.700000,137.720000,137.700000,137.710000,0
20100318 141400,137.720000,137.730000,137.710000,137.710000,0
20100318 141500,137.710000,137.710000,137.640000,137.650000,0
20100318 141600,137.650000,137.650000,137.630000,137.630000,0
20100318 141700,137.640000,137.650000,137.610000,137.610000,0
20100318 141800,137.620000,137.660000,137.610000,137.650000,0
20100318 141900,137.650000,137.650000,137.630000,137.630000,0
20100318 142000,137.630000,137.670000,137.630000,137.660000,0
20100318 142100,137.660000,137.690000,137.660000,137.690000,0
20100318 142200,137.700000,137.700000,137.690000,137.690000,0
20100318 142300,137.690000,137.690000,137.670000,137.670000,0
20100318 142400,137.680000,137.750000,137.680000,137.740000,0
20100318 142500,137.740000,137.750000,137.740000,137.740000,0
20100318 142600,137.750000,137.750000,137.730000,137.740000,0
20100318 142700,137.750000,137.760000,137.740000,137.750000,0
20100318 142800,137.750000,137.760000,137.740000,137.750000,0
20100318 142900,137.740000,137.740000,137.730000,137.740000,0
20100318 143000,137.740000,137.750000,137.740000,137.750000,0
20100318 143100,137.760000,137.760000,137.740000,137.750000,0
20100318 143200,137.750000,137.760000,137.730000,137.740000,0
20100318 143300,137.730000,137.790000,137.730000,137.740000,0
20100318 143400,137.730000,137.790000,137.730000,137.780000,0
20100318 143500,137.770000,137.780000,137.720000,137.720000,0
20100318 143600,137.710000,137.720000,137.710000,137.720000,0
20100318 143700,137.710000,137.720000,137.700000,137.700000,0
20100318 143800,137.700000,137.710000,137.700000,137.710000,0
20100318 143900,137.700000,137.700000,137.690000,137.690000,0
20100318 144000,137.680000,137.710000,137.680000,137.690000,0
20100318 144100,137.680000,137.690000,137.680000,137.680000,0
20100318 144200,137.680000,137.690000,137.660000,137.680000,0
20100318 144300,137.680000,137.680000,137.660000,137.660000,0
20100318 144400,137.670000,137.670000,137.650000,137.650000,0
20100318 144500,137.650000,137.660000,137.610000,137.610000,0
20100318 144600,137.610000,137.630000,137.610000,137.610000,0
20100318 144700,137.600000,137.600000,137.560000,137.560000,0
20100318 144800,137.570000,137.570000,137.560000,137.560000,0
20100318 144900,137.560000,137.590000,137.560000,137.590000,0
20100318 145000,137.580000,137.580000,137.550000,137.550000,0
20100318 145100,137.550000,137.560000,137.550000,137.560000,0
20100318 145200,137.550000,137.560000,137.520000,137.540000,0
20100318 145300,137.530000,137.550000,137.530000,137.550000,0
20100318 145400,137.560000,137.570000,137.530000,137.540000,0
20100318 145500,137.560000,137.600000,137.560000,137.600000,0
20100318 145600,137.600000,137.640000,137.600000,137.640000,0
20100318 145700,137.640000,137.650000,137.620000,137.620000,0
20100318 145800,137.620000,137.660000,137.620000,137.650000,0
20100318 145900,137.660000,137.730000,137.650000,137.710000,0
20100318 150000,137.720000,137.760000,137.720000,137.740000,0
20100318 150100,137.730000,137.730000,137.690000,137.700000,0
20100318 150200,137.700000,137.700000,137.660000,137.660000,0
20100318 150300,137.660000,137.660000,137.650000,137.650000,0
20100318 150400,137.650000,137.660000,137.650000,137.660000,0
20100318 150500,137.660000,137.690000,137.660000,137.680000,0
20100318 150600,137.670000,137.690000,137.670000,137.680000,0
20100318 150700,137.690000,137.700000,137.680000,137.700000,0
20100318 150800,137.710000,137.760000,137.710000,137.740000,0
20100318 150900,137.730000,137.730000,137.710000,137.710000,0
20100318 151000,137.710000,137.730000,137.710000,137.730000,0
20100318 151100,137.720000,137.740000,137.710000,137.710000,0
20100318 151200,137.700000,137.700000,137.690000,137.700000,0
20100318 151300,137.690000,137.700000,137.680000,137.700000,0
20100318 151400,137.700000,137.700000,137.640000,137.650000,0
20100318 151500,137.650000,137.680000,137.650000,137.680000,0
20100318 151600,137.680000,137.690000,137.670000,137.680000,0
20100318 151700,137.670000,137.680000,137.660000,137.670000,0
20100318 151800,137.660000,137.670000,137.660000,137.670000,0
20100318 151900,137.670000,137.680000,137.660000,137.670000,0
20100318 152000,137.660000,137.660000,137.640000,137.640000,0
20100318 152100,137.630000,137.640000,137.620000,137.620000,0
20100318 152200,137.610000,137.610000,137.580000,137.580000,0
20100318 152300,137.580000,137.610000,137.570000,137.600000,0
20100318 152400,137.600000,137.600000,137.570000,137.580000,0
20100318 152500,137.570000,137.570000,137.560000,137.560000,0
20100318 152600,137.560000,137.610000,137.550000,137.610000,0
20100318 152700,137.610000,137.630000,137.600000,137.630000,0
20100318 152800,137.640000,137.660000,137.630000,137.650000,0
20100318 152900,137.640000,137.650000,137.640000,137.650000,0
20100318 153100,137.650000,137.650000,137.640000,137.640000,0
20100318 153200,137.640000,137.640000,137.630000,137.630000,0
20100318 153400,137.630000,137.650000,137.630000,137.650000,0
20100318 153500,137.650000,137.670000,137.650000,137.660000,0
20100318 153600,137.670000,137.680000,137.650000,137.660000,0
20100318 153700,137.650000,137.660000,137.650000,137.660000,0
20100318 153800,137.650000,137.660000,137.650000,137.650000,0
20100318 153900,137.650000,137.650000,137.650000,137.650000,0
20100318 154000,137.660000,137.670000,137.640000,137.640000,0
20100318 154100,137.630000,137.650000,137.630000,137.630000,0
20100318 154200,137.630000,137.630000,137.620000,137.620000,0
20100318 154300,137.610000,137.610000,137.590000,137.590000,0
20100318 154400,137.590000,137.610000,137.590000,137.610000,0
20100318 154500,137.620000,137.640000,137.620000,137.640000,0
20100318 154600,137.640000,137.650000,137.640000,137.640000,0
20100318 154700,137.640000,137.660000,137.640000,137.660000,0
20100318 154800,137.660000,137.660000,137.650000,137.650000,0
20100318 154900,137.640000,137.650000,137.640000,137.650000,0
20100318 155000,137.660000,137.660000,137.650000,137.650000,0
20100318 155100,137.650000,137.650000,137.650000,137.650000,0
20100318 155200,137.650000,137.660000,137.640000,137.650000,0
20100318 155300,137.660000,137.670000,137.650000,137.660000,0
20100318 155400,137.650000,137.660000,137.650000,137.660000,0
20100318 155500,137.670000,137.680000,137.660000,137.660000,0
20100318 155600,137.660000,137.670000,137.650000,137.670000,0
20100318 155700,137.670000,137.680000,137.650000,137.660000,0
20100318 155800,137.660000,137.660000,137.640000,137.640000,0
20100318 155900,137.650000,137.680000,137.650000,137.680000,0
20100318 160000,137.680000,137.690000,137.670000,137.670000,0
20100318 160100,137.670000,137.680000,137.670000,137.680000,0
20100318 160200,137.680000,137.690000,137.670000,137.670000,0
20100318 160300,137.670000,137.690000,137.670000,137.680000,0
20100318 160400,137.680000,137.690000,137.620000,137.630000,0
20100318 160500,137.640000,137.690000,137.640000,137.670000,0
20100318 160600,137.680000,137.680000,137.670000,137.680000,0
20100318 160700,137.690000,137.690000,137.670000,137.680000,0
20100318 160800,137.680000,137.690000,137.680000,137.690000,0
20100318 160900,137.690000,137.710000,137.680000,137.700000,0
20100318 161000,137.690000,137.700000,137.680000,137.680000,0
20100318 161100,137.680000,137.680000,137.640000,137.650000,0
20100318 161200,137.650000,137.650000,137.620000,137.640000,0
20100318 161300,137.640000,137.670000,137.630000,137.670000,0
20100318 161400,137.680000,137.690000,137.670000,137.670000,0
20100318 161500,137.670000,137.680000,137.660000,137.660000,0
20100318 161600,137.670000,137.680000,137.670000,137.680000,0
20100318 161700,137.670000,137.690000,137.670000,137.670000,0
20100318 161800,137.670000,137.700000,137.650000,137.700000,0
20100318 161900,137.690000,137.720000,137.690000,137.690000,0
20100318 162000,137.710000,137.730000,137.710000,137.720000,0
20100318 162100,137.720000,137.720000,137.700000,137.700000,0
20100318 162200,137.700000,137.720000,137.690000,137.710000,0
20100318 162300,137.720000,137.750000,137.720000,137.750000,0
20100318 162400,137.740000,137.760000,137.730000,137.750000,0
20100318 162500,137.760000,137.760000,137.740000,137.760000,0
20100318 162600,137.740000,137.740000,137.720000,137.730000,0
20100318 162700,137.720000,137.760000,137.720000,137.760000,0
20100318 162800,137.760000,137.770000,137.750000,137.770000,0
20100318 162900,137.770000,137.780000,137.760000,137.780000,0
20100318 163000,137.770000,137.780000,137.680000,137.680000,0
20100318 163100,137.690000,137.740000,137.690000,137.700000,0
20100318 163200,137.700000,137.730000,137.700000,137.720000,0
20100318 163300,137.730000,137.740000,137.720000,137.720000,0
20100318 163400,137.720000,137.740000,137.720000,137.740000,0
20100318 163500,137.750000,137.750000,137.750000,137.750000,0
20100318 163600,137.740000,137.750000,137.740000,137.750000,0
20100318 163700,137.750000,137.760000,137.730000,137.750000,0
20100318 163800,137.760000,137.760000,137.730000,137.730000,0
20100318 163900,137.740000,137.770000,137.740000,137.760000,0
20100318 164000,137.770000,137.800000,137.730000,137.740000,0
20100318 164100,137.750000,137.750000,137.700000,137.700000,0
20100318 164200,137.710000,137.710000,137.700000,137.700000,0
20100318 164300,137.710000,137.730000,137.710000,137.720000,0
20100318 164400,137.730000,137.730000,137.720000,137.720000,0
20100318 164500,137.720000,137.750000,137.720000,137.750000,0
20100318 164600,137.750000,137.770000,137.740000,137.750000,0
20100318 164700,137.750000,137.760000,137.740000,137.760000,0
20100318 164800,137.760000,137.760000,137.720000,137.720000,0
20100318 164900,137.730000,137.760000,137.730000,137.750000,0
20100318 165000,137.740000,137.750000,137.740000,137.740000,0
20100318 165100,137.730000,137.740000,137.720000,137.720000,0
20100318 165200,137.720000,137.720000,137.720000,137.720000,0
20100318 165300,137.720000,137.720000,137.710000,137.720000,0
20100318 165400,137.720000,137.760000,137.720000,137.760000,0
20100318 165500,137.750000,137.760000,137.740000,137.760000,0
20100318 165600,137.760000,137.760000,137.740000,137.750000,0
20100318 165700,137.760000,137.770000,137.740000,137.760000,0
20100318 165800,137.750000,137.760000,137.740000,137.740000,0
20100318 165900,137.750000,137.780000,137.740000,137.740000,0
20100318 170000,137.730000,137.780000,137.730000,137.760000,0
20100318 170100,137.750000,137.820000,137.750000,137.790000,0
20100318 170200,137.780000,137.780000,137.750000,137.750000,0
20100318 170300,137.760000,137.780000,137.760000,137.780000,0
20100318 170400,137.750000,137.790000,137.750000,137.780000,0
20100318 170500,137.790000,137.790000,137.740000,137.740000,0
20100318 170700,137.730000,137.730000,137.730000,137.730000,0
20100318 170900,137.730000,137.730000,137.730000,137.730000,0
20100318 171000,137.720000,137.750000,137.700000,137.710000,0
20100318 171100,137.720000,137.750000,137.710000,137.750000,0
20100318 171200,137.750000,137.750000,137.740000,137.740000,0
20100318 171300,137.740000,137.740000,137.720000,137.720000,0
20100318 171400,137.730000,137.750000,137.730000,137.740000,0
20100318 171500,137.750000,137.830000,137.750000,137.810000,0
20100318 171600,137.800000,137.840000,137.800000,137.820000,0
20100318 171700,137.800000,137.800000,137.780000,137.780000,0
20100318 171900,137.760000,137.760000,137.750000,137.750000,0
20100318 172000,137.750000,137.750000,137.750000,137.750000,0
20100318 172100,137.750000,137.750000,137.750000,137.750000,0
20100318 172200,137.730000,137.740000,137.730000,137.740000,0
20100318 172400,137.730000,137.730000,137.670000,137.710000,0
20100318 172500,137.710000,137.720000,137.710000,137.720000,0
20100318 172600,137.730000,137.730000,137.730000,137.730000,0
20100318 172700,137.740000,137.750000,137.720000,137.730000,0
20100318 172800,137.730000,137.740000,137.710000,137.740000,0
20100318 172900,137.740000,137.790000,137.740000,137.770000,0
20100318 173000,137.770000,137.790000,137.770000,137.780000,0
20100318 173100,137.780000,137.790000,137.780000,137.780000,0
20100318 173200,137.780000,137.790000,137.760000,137.790000,0
20100318 173300,137.780000,137.840000,137.780000,137.820000,0
20100318 173400,137.830000,137.830000,137.810000,137.820000,0
20100318 173500,137.800000,137.800000,137.750000,137.770000,0
20100318 173600,137.770000,137.770000,137.750000,137.760000,0
20100318 173700,137.760000,137.790000,137.760000,137.790000,0
20100318 173800,137.790000,137.800000,137.790000,137.800000,0
20100318 173900,137.770000,137.780000,137.730000,137.730000,0
20100318 174000,137.720000,137.730000,137.660000,137.700000,0
20100318 174100,137.700000,137.700000,137.670000,137.690000,0
20100318 174200,137.690000,137.690000,137.680000,137.680000,0
20100318 174300,137.670000,137.690000,137.670000,137.680000,0
20100318 174400,137.690000,137.690000,137.650000,137.650000,0
20100318 174500,137.670000,137.690000,137.670000,137.690000,0
20100318 174600,137.700000,137.710000,137.660000,137.680000,0
20100318 174700,137.690000,137.760000,137.690000,137.740000,0
20100318 174800,137.740000,137.740000,137.720000,137.730000,0
20100318 174900,137.740000,137.740000,137.700000,137.710000,0
20100318 175000,137.710000,137.730000,137.710000,137.710000,0
20100318 175100,137.720000,137.730000,137.720000,137.730000,0
20100318 175200,137.720000,137.730000,137.720000,137.730000,0
20100318 175300,137.720000,137.730000,137.680000,137.680000,0
20100318 175400,137.680000,137.700000,137.680000,137.700000,0
20100318 175500,137.680000,137.680000,137.680000,137.680000,0
20100318 175600,137.680000,137.680000,137.670000,137.670000,0
20100318 175700,137.680000,137.710000,137.670000,137.710000,0
20100318 175800,137.720000,137.760000,137.710000,137.750000,0
20100318 175900,137.720000,137.750000,137.700000,137.730000,0
20100318 180000,137.740000,137.790000,137.730000,137.770000,0
20100318 180100,137.770000,137.780000,137.750000,137.760000,0
20100318 180200,137.760000,137.770000,137.760000,137.770000,0
20100318 180300,137.770000,137.770000,137.770000,137.770000,0
20100318 180400,137.770000,137.770000,137.770000,137.770000,0
20100318 180500,137.770000,137.770000,137.770000,137.770000,0
20100318 180600,137.780000,137.780000,137.770000,137.780000,0
20100318 180700,137.770000,137.790000,137.770000,137.780000,0
20100318 180800,137.780000,137.780000,137.770000,137.770000,0
20100318 180900,137.770000,137.780000,137.750000,137.760000,0
20100318 181000,137.760000,137.760000,137.760000,137.760000,0
20100318 181100,137.770000,137.780000,137.770000,137.770000,0
20100318 181200,137.770000,137.770000,137.770000,137.770000,0
20100318 181300,137.760000,137.770000,137.740000,137.740000,0
20100318 181400,137.740000,137.750000,137.730000,137.740000,0
20100318 181500,137.730000,137.730000,137.720000,137.720000,0
20100318 181600,137.720000,137.720000,137.710000,137.720000,0
20100318 181700,137.730000,137.730000,137.720000,137.720000,0
20100318 181800,137.720000,137.720000,137.700000,137.710000,0
20100318 181900,137.700000,137.710000,137.700000,137.710000,0
20100318 182000,137.710000,137.710000,137.710000,137.710000,0
20100318 182100,137.720000,137.720000,137.710000,137.720000,0
20100318 182200,137.710000,137.710000,137.710000,137.710000,0
20100318 182400,137.720000,137.720000,137.690000,137.690000,0
20100318 182500,137.700000,137.700000,137.690000,137.700000,0
20100318 182600,137.690000,137.710000,137.690000,137.690000,0
20100318 182700,137.690000,137.700000,137.670000,137.670000,0
20100318 182800,137.680000,137.680000,137.670000,137.680000,0
20100318 182900,137.670000,137.690000,137.670000,137.690000,0
20100318 183000,137.690000,137.720000,137.690000,137.710000,0
20100318 183100,137.720000,137.720000,137.720000,137.720000,0
20100318 183200,137.730000,137.750000,137.730000,137.750000,0
20100318 183400,137.770000,137.790000,137.750000,137.780000,0
20100318 183500,137.770000,137.770000,137.740000,137.750000,0
20100318 183600,137.760000,137.770000,137.750000,137.760000,0
20100318 183700,137.750000,137.750000,137.730000,137.740000,0
20100318 183800,137.760000,137.770000,137.750000,137.770000,0
20100318 183900,137.780000,137.790000,137.780000,137.780000,0
20100318 184000,137.790000,137.790000,137.780000,137.790000,0
20100318 184100,137.780000,137.810000,137.770000,137.810000,0
20100318 184200,137.820000,137.840000,137.800000,137.820000,0
20100318 184300,137.820000,137.820000,137.790000,137.800000,0
20100318 184400,137.790000,137.810000,137.790000,137.810000,0
20100318 184500,137.820000,137.820000,137.820000,137.820000,0
20100318 184600,137.810000,137.840000,137.810000,137.840000,0
20100318 184700,137.850000,137.880000,137.850000,137.880000,0
20100318 184800,137.880000,137.920000,137.860000,137.870000,0
20100318 184900,137.880000,137.880000,137.870000,137.880000,0
20100318 185000,137.890000,137.910000,137.880000,137.900000,0
20100318 185100,137.900000,137.910000,137.890000,137.900000,0
20100318 185200,137.890000,137.890000,137.870000,137.890000,0
20100318 185300,137.880000,137.890000,137.880000,137.890000,0
20100318 185400,137.910000,137.930000,137.890000,137.930000,0
20100318 185500,137.940000,137.960000,137.920000,137.920000,0
20100318 185600,137.930000,137.940000,137.920000,137.930000,0
20100318 185700,137.940000,137.980000,137.940000,137.980000,0
20100318 185800,137.980000,137.980000,137.960000,137.960000,0
20100318 185900,137.960000,137.980000,137.950000,137.980000,0
20100318 190000,137.970000,137.970000,137.940000,137.960000,0
20100318 190100,137.950000,137.960000,137.940000,137.960000,0
20100318 190200,137.970000,137.990000,137.970000,137.990000,0
20100318 190300,137.990000,137.990000,137.900000,137.900000,0
20100318 190400,137.910000,137.930000,137.900000,137.900000,0
20100318 190500,137.890000,137.890000,137.870000,137.880000,0
20100318 190600,137.870000,137.870000,137.860000,137.870000,0
20100318 190700,137.880000,137.890000,137.870000,137.880000,0
20100318 190800,137.870000,137.900000,137.860000,137.880000,0
20100318 190900,137.870000,137.880000,137.840000,137.840000,0
20100318 191000,137.850000,137.860000,137.850000,137.850000,0
20100318 191100,137.860000,137.970000,137.860000,137.960000,0
20100318 191200,137.960000,138.000000,137.950000,137.970000,0
20100318 191300,137.970000,138.040000,137.960000,138.040000,0
20100318 191400,138.030000,138.030000,138.000000,138.000000,0
20100318 191500,138.000000,138.010000,138.000000,138.010000,0
20100318 191600,138.040000,138.040000,137.950000,137.990000,0
20100318 191700,137.990000,137.990000,137.900000,137.930000,0
20100318 191800,137.930000,137.940000,137.930000,137.930000,0
20100318 191900,137.930000,137.940000,137.930000,137.930000,0
20100318 192000,137.940000,137.940000,137.930000,137.930000,0
20100318 192100,137.940000,137.940000,137.920000,137.930000,0
20100318 192200,137.950000,137.950000,137.930000,137.940000,0
20100318 192300,137.930000,137.940000,137.930000,137.930000,0
20100318 192400,137.940000,137.960000,137.930000,137.940000,0
20100318 192500,137.930000,137.940000,137.930000,137.930000,0
20100318 192600,137.920000,137.920000,137.890000,137.890000,0
20100318 192700,137.900000,137.940000,137.900000,137.940000,0
20100318 192800,137.940000,137.950000,137.930000,137.940000,0
20100318 192900,137.950000,137.960000,137.930000,137.950000,0
20100318 193000,137.960000,137.980000,137.950000,137.980000,0
20100318 193100,137.980000,137.980000,137.960000,137.970000,0
20100318 193200,137.960000,137.960000,137.960000,137.960000,0
20100318 193300,137.970000,137.970000,137.950000,137.970000,0
20100318 193400,137.970000,137.970000,137.950000,137.950000,0
20100318 193500,137.960000,137.990000,137.950000,137.980000,0
20100318 193600,137.980000,137.980000,137.970000,137.980000,0
20100318 193700,137.970000,137.980000,137.950000,137.980000,0
20100318 193800,137.970000,137.980000,137.960000,137.960000,0
20100318 193900,137.960000,138.020000,137.950000,138.010000,0
20100318 194000,138.020000,138.020000,137.980000,138.020000,0
20100318 194100,138.020000,138.030000,138.020000,138.030000,0
20100318 194200,138.030000,138.040000,138.030000,138.040000,0
20100318 194300,138.040000,138.040000,138.000000,138.010000,0
20100318 194400,138.020000,138.020000,138.000000,138.000000,0
20100318 194500,138.000000,138.000000,137.990000,137.990000,0
20100318 194700,137.980000,137.980000,137.970000,137.970000,0
20100318 194800,137.980000,137.980000,137.960000,137.970000,0
20100318 194900,137.980000,137.980000,137.950000,137.950000,0
20100318 195000,137.940000,137.970000,137.930000,137.960000,0
20100318 195200,137.960000,137.960000,137.940000,137.950000,0
20100318 195300,137.940000,137.960000,137.920000,137.930000,0
20100318 195400,137.940000,137.980000,137.940000,137.970000,0
20100318 195500,137.980000,138.010000,137.980000,138.000000,0
20100318 195600,138.000000,138.010000,137.960000,137.960000,0
20100318 195700,137.970000,137.970000,137.960000,137.970000,0
20100318 195800,137.970000,138.000000,137.970000,138.000000,0
20100318 195900,137.990000,137.990000,137.960000,137.970000,0
20100318 200000,137.980000,138.000000,137.970000,137.980000,0
20100318 200100,137.980000,137.980000,137.950000,137.970000,0
20100318 200200,137.960000,137.960000,137.870000,137.870000,0
20100318 200300,137.880000,137.880000,137.870000,137.870000,0
20100318 200400,137.880000,137.900000,137.880000,137.890000,0
20100318 200500,137.900000,137.910000,137.880000,137.880000,0
20100318 200600,137.880000,137.880000,137.840000,137.840000,0
20100318 200700,137.850000,137.870000,137.820000,137.820000,0
20100318 200800,137.830000,137.830000,137.800000,137.820000,0
20100318 200900,137.810000,137.820000,137.770000,137.790000,0
20100318 201000,137.780000,137.830000,137.780000,137.830000,0
20100318 201100,137.820000,137.870000,137.820000,137.860000,0
20100318 201200,137.860000,137.860000,137.850000,137.860000,0
20100318 201300,137.860000,137.860000,137.830000,137.830000,0
20100318 201400,137.840000,137.850000,137.830000,137.840000,0
20100318 201500,137.830000,137.840000,137.810000,137.810000,0
20100318 201600,137.800000,137.810000,137.760000,137.770000,0
20100318 201700,137.760000,137.760000,137.730000,137.740000,0
20100318 201900,137.740000,137.750000,137.720000,137.740000,0
20100318 202000,137.740000,137.750000,137.730000,137.750000,0
20100318 202100,137.750000,137.760000,137.720000,137.720000,0
20100318 202200,137.730000,137.740000,137.720000,137.730000,0
20100318 202300,137.740000,137.760000,137.730000,137.760000,0
20100318 202400,137.770000,137.770000,137.750000,137.750000,0
20100318 202500,137.760000,137.840000,137.750000,137.810000,0
20100318 202600,137.810000,137.840000,137.790000,137.810000,0
20100318 202700,137.810000,137.830000,137.800000,137.810000,0
20100318 202800,137.820000,137.840000,137.790000,137.790000,0
20100318 202900,137.800000,137.830000,137.790000,137.820000,0
20100318 203000,137.830000,137.850000,137.830000,137.850000,0
20100318 203100,137.850000,137.850000,137.830000,137.830000,0
20100318 203200,137.840000,137.840000,137.810000,137.830000,0
20100318 203300,137.820000,137.820000,137.780000,137.780000,0
20100318 203400,137.780000,137.800000,137.780000,137.800000,0
20100318 203500,137.790000,137.790000,137.760000,137.780000,0
20100318 203600,137.780000,137.790000,137.720000,137.730000,0
20100318 203700,137.720000,137.760000,137.720000,137.760000,0
20100318 203800,137.760000,137.820000,137.760000,137.820000,0
20100318 203900,137.810000,137.810000,137.790000,137.800000,0
20100318 204000,137.790000,137.790000,137.780000,137.790000,0
20100318 204100,137.790000,137.820000,137.790000,137.810000,0
20100318 204300,137.820000,137.830000,137.810000,137.830000,0
20100318 204400,137.820000,137.850000,137.810000,137.820000,0
20100318 204500,137.810000,137.830000,137.810000,137.820000,0
20100318 204600,137.810000,137.820000,137.790000,137.810000,0
20100318 204700,137.800000,137.810000,137.800000,137.810000,0
20100318 204800,137.820000,137.830000,137.820000,137.830000,0
20100318 204900,137.820000,137.860000,137.810000,137.840000,0
20100318 205000,137.850000,137.850000,137.820000,137.830000,0
20100318 205100,137.820000,137.890000,137.820000,137.890000,0
20100318 205200,137.890000,137.930000,137.890000,137.920000,0
20100318 205300,137.920000,137.920000,137.890000,137.900000,0
20100318 205400,137.900000,137.950000,137.890000,137.950000,0
20100318 205500,137.960000,137.980000,137.910000,137.950000,0
20100318 205600,137.940000,137.940000,137.910000,137.920000,0
20100318 205700,137.920000,137.920000,137.900000,137.900000,0
20100318 205800,137.900000,137.930000,137.890000,137.920000,0
20100318 205900,137.930000,137.940000,137.910000,137.910000,0
20100318 210000,137.910000,137.910000,137.910000,137.910000,0
20100318 210100,137.920000,137.930000,137.890000,137.890000,0
20100318 210200,137.900000,137.910000,137.860000,137.880000,0
20100318 210300,137.890000,137.930000,137.880000,137.910000,0
20100318 210400,137.910000,137.990000,137.910000,137.960000,0
20100318 210500,137.970000,138.070000,137.960000,138.030000,0
20100318 210600,138.040000,138.070000,138.020000,138.060000,0
20100318 210700,138.070000,138.070000,137.960000,137.970000,0
20100318 210800,137.970000,138.000000,137.970000,137.980000,0
20100318 210900,137.970000,138.020000,137.970000,138.020000,0
20100318 211000,138.020000,138.040000,138.010000,138.030000,0
20100318 211100,138.040000,138.080000,138.030000,138.060000,0
20100318 211200,138.060000,138.080000,138.050000,138.050000,0
20100318 211300,138.050000,138.050000,138.020000,138.020000,0
20100318 211400,138.020000,138.020000,137.990000,138.000000,0
20100318 211500,137.990000,138.010000,137.950000,137.980000,0
20100318 211600,137.990000,138.000000,137.980000,138.000000,0
20100318 211700,137.990000,138.010000,137.990000,138.010000,0
20100318 211800,138.000000,138.000000,137.980000,137.980000,0
20100318 211900,137.990000,138.000000,137.990000,137.990000,0
20100318 212000,138.000000,138.030000,137.990000,138.010000,0
20100318 212100,138.010000,138.020000,137.970000,137.990000,0
20100318 212200,138.000000,138.000000,137.980000,137.980000,0
20100318 212300,137.990000,138.000000,137.990000,137.990000,0
20100318 212400,137.990000,138.060000,137.990000,138.050000,0
20100318 212500,138.070000,138.080000,138.050000,138.060000,0
20100318 212600,138.050000,138.070000,138.040000,138.040000,0
20100318 212700,138.040000,138.050000,138.020000,138.040000,0
20100318 212800,138.050000,138.050000,138.030000,138.050000,0
20100318 212900,138.040000,138.040000,138.020000,138.020000,0
20100318 213000,138.030000,138.030000,137.990000,138.000000,0
20100318 213100,137.990000,137.990000,137.980000,137.980000,0
20100318 213200,137.990000,138.000000,137.960000,137.980000,0
20100318 213300,137.980000,137.980000,137.980000,137.980000,0
20100318 213400,137.980000,138.000000,137.970000,137.980000,0
20100318 213500,137.970000,138.040000,137.970000,138.030000,0
20100318 213600,138.030000,138.040000,138.000000,138.030000,0
20100318 213700,138.030000,138.030000,138.010000,138.020000,0
20100318 213800,138.030000,138.050000,138.020000,138.050000,0
20100318 213900,138.040000,138.060000,138.030000,138.030000,0
20100318 214000,138.040000,138.040000,138.020000,138.030000,0
20100318 214100,138.040000,138.050000,138.040000,138.050000,0
20100318 214200,138.040000,138.040000,138.030000,138.030000,0
20100318 214300,138.040000,138.060000,138.040000,138.060000,0
20100318 214400,138.060000,138.070000,138.040000,138.050000,0
20100318 214500,138.050000,138.050000,138.030000,138.030000,0
20100318 214600,138.020000,138.020000,137.980000,137.980000,0
20100318 214700,137.990000,138.010000,137.990000,138.010000,0
20100318 214800,138.010000,138.010000,138.000000,138.000000,0
20100318 214900,137.990000,138.000000,137.960000,137.960000,0
20100318 215000,137.950000,137.960000,137.930000,137.940000,0
20100318 215100,137.940000,137.940000,137.920000,137.940000,0
20100318 215200,137.940000,137.950000,137.940000,137.940000,0
20100318 215300,137.950000,137.950000,137.940000,137.950000,0
20100318 215400,137.950000,137.950000,137.890000,137.900000,0
20100318 215500,137.910000,137.940000,137.900000,137.910000,0
20100318 215600,137.920000,137.930000,137.900000,137.910000,0
20100318 215700,137.910000,137.920000,137.900000,137.910000,0
20100318 215800,137.910000,137.920000,137.910000,137.910000,0
20100318 215900,137.920000,137.920000,137.890000,137.900000,0
20100318 220000,137.900000,137.900000,137.880000,137.880000,0
20100318 220100,137.890000,137.890000,137.860000,137.870000,0
20100318 220200,137.870000,137.870000,137.850000,137.850000,0
20100318 220300,137.860000,137.900000,137.860000,137.880000,0
20100318 220400,137.890000,137.890000,137.860000,137.860000,0
20100318 220500,137.870000,137.870000,137.830000,137.850000,0
20100318 220600,137.860000,137.880000,137.860000,137.880000,0
20100318 220700,137.880000,137.910000,137.840000,137.840000,0
20100318 220800,137.850000,137.860000,137.830000,137.830000,0
20100318 220900,137.850000,137.860000,137.830000,137.860000,0
20100318 221000,137.840000,137.860000,137.840000,137.860000,0
20100318 221100,137.860000,137.880000,137.850000,137.860000,0
20100318 221200,137.870000,137.870000,137.850000,137.870000,0
20100318 221300,137.880000,137.900000,137.880000,137.890000,0
20100318 221400,137.890000,137.890000,137.870000,137.890000,0
20100318 221500,137.900000,137.920000,137.900000,137.910000,0
20100318 221600,137.910000,137.920000,137.900000,137.900000,0
20100318 221700,137.900000,137.910000,137.890000,137.910000,0
20100318 221800,137.910000,137.910000,137.880000,137.880000,0
20100318 221900,137.880000,137.880000,137.870000,137.870000,0
20100318 222000,137.870000,137.870000,137.840000,137.840000,0
20100318 222100,137.850000,137.860000,137.810000,137.820000,0
20100318 222200,137.830000,137.830000,137.810000,137.830000,0
20100318 222300,137.840000,137.870000,137.840000,137.860000,0
20100318 222400,137.850000,137.850000,137.820000,137.850000,0
20100318 222500,137.860000,137.860000,137.840000,137.850000,0
20100318 222600,137.860000,137.860000,137.850000,137.850000,0
20100318 222700,137.850000,137.860000,137.850000,137.850000,0
20100318 222800,137.860000,137.860000,137.830000,137.850000,0
20100318 222900,137.840000,137.850000,137.840000,137.850000,0
20100318 223000,137.850000,137.850000,137.840000,137.840000,0
20100318 223100,137.840000,137.870000,137.830000,137.840000,0
20100318 223200,137.840000,137.850000,137.830000,137.830000,0
20100318 223300,137.830000,137.840000,137.830000,137.830000,0
20100318 223400,137.830000,137.840000,137.820000,137.830000,0
20100318 223500,137.830000,137.830000,137.810000,137.810000,0
20100318 223600,137.820000,137.820000,137.810000,137.820000,0
20100318 223700,137.820000,137.850000,137.820000,137.830000,0
20100318 223800,137.840000,137.850000,137.820000,137.830000,0
20100318 223900,137.840000,137.840000,137.820000,137.820000,0
20100318 224000,137.830000,137.840000,137.800000,137.830000,0
20100318 224100,137.840000,137.840000,137.820000,137.830000,0
20100318 224200,137.830000,137.840000,137.810000,137.820000,0
20100318 224300,137.830000,137.830000,137.810000,137.820000,0
20100318 224400,137.820000,137.820000,137.820000,137.820000,0
20100318 224500,137.820000,137.830000,137.820000,137.830000,0
20100318 224600,137.830000,137.850000,137.830000,137.850000,0
20100318 224700,137.840000,137.850000,137.840000,137.850000,0
20100318 224800,137.850000,137.860000,137.850000,137.860000,0
20100318 224900,137.850000,137.860000,137.830000,137.850000,0
20100318 225000,137.840000,137.850000,137.840000,137.840000,0
20100318 225100,137.840000,137.840000,137.830000,137.830000,0
20100318 225200,137.840000,137.840000,137.830000,137.840000,0
20100318 225300,137.820000,137.840000,137.800000,137.810000,0
20100318 225400,137.810000,137.840000,137.810000,137.840000,0
20100318 225500,137.850000,137.870000,137.850000,137.860000,0
20100318 225600,137.870000,137.900000,137.870000,137.880000,0
20100318 225700,137.880000,137.920000,137.880000,137.920000,0
20100318 225800,137.910000,137.920000,137.890000,137.890000,0
20100318 225900,137.900000,137.900000,137.870000,137.870000,0
20100318 230000,137.880000,137.880000,137.850000,137.870000,0
20100318 230100,137.870000,137.900000,137.870000,137.870000,0
20100318 230200,137.860000,137.860000,137.820000,137.840000,0
20100318 230300,137.840000,137.890000,137.830000,137.890000,0
20100318 230400,137.880000,137.880000,137.860000,137.870000,0
20100318 230500,137.860000,137.860000,137.830000,137.850000,0
20100318 230600,137.840000,137.850000,137.830000,137.830000,0
20100318 230700,137.830000,137.830000,137.820000,137.820000,0
20100318 230800,137.830000,137.840000,137.830000,137.830000,0
20100318 230900,137.830000,137.840000,137.810000,137.830000,0
20100318 231000,137.820000,137.860000,137.820000,137.840000,0
20100318 231100,137.850000,137.860000,137.850000,137.860000,0
20100318 231200,137.860000,137.860000,137.840000,137.840000,0
20100318 231300,137.840000,137.850000,137.840000,137.840000,0
20100318 231400,137.850000,137.860000,137.850000,137.850000,0
20100318 231500,137.860000,137.860000,137.850000,137.860000,0
20100318 231700,137.860000,137.860000,137.840000,137.850000,0
20100318 232000,137.840000,137.840000,137.840000,137.840000,0
20100318 232100,137.850000,137.860000,137.850000,137.860000,0
20100318 232200,137.850000,137.860000,137.850000,137.860000,0
20100318 232300,137.860000,137.870000,137.850000,137.850000,0
20100318 232400,137.860000,137.860000,137.860000,137.860000,0
20100318 232500,137.850000,137.860000,137.840000,137.840000,0
20100318 232600,137.840000,137.850000,137.840000,137.840000,0
20100318 232700,137.840000,137.840000,137.840000,137.840000,0
20100318 232800,137.850000,137.850000,137.840000,137.840000,0
20100318 232900,137.830000,137.830000,137.820000,137.820000,0
20100318 233000,137.820000,137.830000,137.820000,137.830000,0
20100318 233100,137.830000,137.850000,137.830000,137.840000,0
20100318 233300,137.830000,137.830000,137.820000,137.820000,0
20100318 233400,137.820000,137.820000,137.790000,137.790000,0
20100318 233500,137.800000,137.810000,137.770000,137.810000,0
20100318 233600,137.800000,137.830000,137.800000,137.830000,0
20100318 233700,137.820000,137.830000,137.820000,137.830000,0
20100318 233800,137.830000,137.840000,137.830000,137.840000,0
20100318 234000,137.840000,137.840000,137.840000,137.840000,0
20100318 234100,137.850000,137.850000,137.840000,137.840000,0
20100318 234200,137.840000,137.850000,137.840000,137.850000,0
20100318 234300,137.860000,137.880000,137.860000,137.880000,0
20100318 234400,137.890000,137.890000,137.880000,137.880000,0
20100318 234500,137.890000,137.890000,137.860000,137.880000,0
20100318 234600,137.890000,137.890000,137.870000,137.890000,0
20100318 234700,137.890000,137.890000,137.880000,137.880000,0
20100318 234800,137.870000,137.870000,137.860000,137.870000,0
20100318 234900,137.870000,137.890000,137.870000,137.880000,0
20100318 235000,137.880000,137.890000,137.860000,137.860000,0
20100318 235100,137.860000,137.860000,137.850000,137.860000,0
20100318 235200,137.850000,137.850000,137.830000,137.840000,0
20100318 235300,137.850000,137.850000,137.820000,137.850000,0
20100318 235400,137.840000,137.850000,137.840000,137.850000,0
20100318 235500,137.840000,137.850000,137.820000,137.830000,0
20100318 235600,137.830000,137.860000,137.820000,137.860000,0
20100318 235700,137.860000,137.940000,137.860000,137.920000,0
20100318 235800,137.930000,137.940000,137.920000,137.930000,0
20100318 235900,137.930000,137.980000,137.930000,137.970000,0
