20160503 000000,155.889000,155.889000,155.859000,155.860000,0
20160503 000100,155.858000,155.875000,155.851000,155.875000,0
20160503 000200,155.871000,155.878000,155.863000,155.873000,0
20160503 000300,155.873000,155.873000,155.845000,155.845000,0
20160503 000400,155.843000,155.882000,155.843000,155.882000,0
20160503 000500,155.885000,155.885000,155.863000,155.866000,0
20160503 000600,155.869000,155.872000,155.862000,155.862000,0
20160503 000700,155.859000,155.877000,155.858000,155.876000,0
20160503 000800,155.877000,155.883000,155.876000,155.882000,0
20160503 000900,155.879000,155.886000,155.877000,155.877000,0
20160503 001000,155.874000,155.874000,155.857000,155.858000,0
20160503 001100,155.864000,155.866000,155.857000,155.866000,0
20160503 001200,155.869000,155.869000,155.869000,155.869000,0
20160503 001300,155.863000,155.866000,155.858000,155.861000,0
20160503 001400,155.861000,155.861000,155.845000,155.853000,0
20160503 001500,155.855000,155.855000,155.850000,155.852000,0
20160503 001600,155.860000,155.868000,155.857000,155.868000,0
20160503 001700,155.865000,155.877000,155.860000,155.876000,0
20160503 001800,155.878000,155.878000,155.869000,155.871000,0
20160503 001900,155.875000,155.877000,155.870000,155.877000,0
20160503 002000,155.875000,155.875000,155.860000,155.862000,0
20160503 002100,155.864000,155.872000,155.863000,155.872000,0
20160503 002200,155.875000,155.882000,155.872000,155.879000,0
20160503 002300,155.876000,155.878000,155.874000,155.877000,0
20160503 002400,155.876000,155.876000,155.867000,155.867000,0
20160503 002500,155.864000,155.893000,155.862000,155.893000,0
20160503 002600,155.889000,155.909000,155.889000,155.900000,0
20160503 002700,155.897000,155.897000,155.888000,155.890000,0
20160503 002800,155.892000,155.908000,155.890000,155.896000,0
20160503 002900,155.898000,155.951000,155.895000,155.951000,0
20160503 003000,155.953000,155.953000,155.770000,155.790000,0
20160503 003100,155.792000,155.792000,155.724000,155.758000,0
20160503 003200,155.757000,155.779000,155.734000,155.751000,0
20160503 003300,155.755000,155.763000,155.657000,155.657000,0
20160503 003400,155.658000,155.700000,155.635000,155.685000,0
20160503 003500,155.688000,155.702000,155.558000,155.599000,0
20160503 003600,155.601000,155.613000,155.465000,155.613000,0
20160503 003700,155.616000,155.652000,155.590000,155.647000,0
20160503 003800,155.647000,155.677000,155.635000,155.671000,0
20160503 003900,155.666000,155.666000,155.546000,155.599000,0
20160503 004000,155.599000,155.633000,155.530000,155.530000,0
20160503 004100,155.526000,155.579000,155.507000,155.579000,0
20160503 004200,155.583000,155.613000,155.566000,155.577000,0
20160503 004300,155.580000,155.606000,155.578000,155.605000,0
20160503 004400,155.603000,155.609000,155.573000,155.573000,0
20160503 004500,155.575000,155.622000,155.559000,155.593000,0
20160503 004600,155.596000,155.609000,155.492000,155.527000,0
20160503 004700,155.518000,155.546000,155.510000,155.532000,0
20160503 004800,155.530000,155.545000,155.502000,155.508000,0
20160503 004900,155.503000,155.545000,155.500000,155.514000,0
20160503 005000,155.514000,155.520000,155.456000,155.508000,0
20160503 005100,155.510000,155.546000,155.505000,155.530000,0
20160503 005200,155.527000,155.527000,155.488000,155.502000,0
20160503 005300,155.501000,155.527000,155.494000,155.508000,0
20160503 005400,155.510000,155.544000,155.510000,155.544000,0
20160503 005500,155.550000,155.563000,155.542000,155.563000,0
20160503 005600,155.559000,155.610000,155.556000,155.603000,0
20160503 005700,155.601000,155.602000,155.551000,155.572000,0
20160503 005800,155.568000,155.583000,155.556000,155.556000,0
20160503 005900,155.558000,155.576000,155.555000,155.570000,0
20160503 010000,155.572000,155.594000,155.520000,155.520000,0
20160503 010100,155.520000,155.532000,155.511000,155.531000,0
20160503 010200,155.531000,155.532000,155.436000,155.464000,0
20160503 010300,155.463000,155.487000,155.414000,155.430000,0
20160503 010400,155.427000,155.427000,155.370000,155.387000,0
20160503 010500,155.409000,155.424000,155.393000,155.401000,0
20160503 010600,155.407000,155.427000,155.380000,155.387000,0
20160503 010700,155.389000,155.420000,155.379000,155.413000,0
20160503 010800,155.410000,155.431000,155.410000,155.413000,0
20160503 010900,155.409000,155.423000,155.378000,155.382000,0
20160503 011000,155.379000,155.410000,155.376000,155.409000,0
20160503 011100,155.412000,155.462000,155.412000,155.445000,0
20160503 011200,155.446000,155.491000,155.399000,155.478000,0
20160503 011300,155.482000,155.499000,155.475000,155.498000,0
20160503 011400,155.499000,155.499000,155.434000,155.436000,0
20160503 011500,155.437000,155.462000,155.431000,155.458000,0
20160503 011600,155.461000,155.464000,155.416000,155.434000,0
20160503 011700,155.435000,155.455000,155.431000,155.452000,0
20160503 011800,155.451000,155.451000,155.438000,155.451000,0
20160503 011900,155.444000,155.444000,155.400000,155.400000,0
20160503 012000,155.404000,155.407000,155.342000,155.342000,0
20160503 012100,155.343000,155.357000,155.286000,155.298000,0
20160503 012200,155.298000,155.330000,155.296000,155.318000,0
20160503 012300,155.317000,155.328000,155.315000,155.320000,0
20160503 012400,155.317000,155.376000,155.308000,155.362000,0
20160503 012500,155.363000,155.379000,155.316000,155.319000,0
20160503 012600,155.319000,155.368000,155.309000,155.335000,0
20160503 012700,155.332000,155.351000,155.329000,155.349000,0
20160503 012800,155.351000,155.374000,155.346000,155.371000,0
20160503 012900,155.371000,155.395000,155.371000,155.377000,0
20160503 013000,155.371000,155.371000,155.346000,155.368000,0
20160503 013100,155.370000,155.370000,155.328000,155.332000,0
20160503 013200,155.340000,155.364000,155.340000,155.351000,0
20160503 013300,155.355000,155.386000,155.346000,155.384000,0
20160503 013400,155.387000,155.423000,155.380000,155.405000,0
20160503 013500,155.407000,155.423000,155.399000,155.406000,0
20160503 013600,155.403000,155.410000,155.329000,155.364000,0
20160503 013700,155.364000,155.407000,155.359000,155.404000,0
20160503 013800,155.404000,155.404000,155.381000,155.381000,0
20160503 013900,155.381000,155.427000,155.381000,155.427000,0
20160503 014000,155.427000,155.434000,155.398000,155.401000,0
20160503 014100,155.399000,155.412000,155.382000,155.385000,0
20160503 014200,155.387000,155.397000,155.378000,155.397000,0
20160503 014300,155.395000,155.404000,155.390000,155.394000,0
20160503 014400,155.397000,155.427000,155.397000,155.425000,0
20160503 014500,155.425000,155.425000,155.391000,155.392000,0
20160503 014600,155.393000,155.413000,155.393000,155.413000,0
20160503 014700,155.416000,155.432000,155.416000,155.423000,0
20160503 014800,155.425000,155.439000,155.406000,155.409000,0
20160503 014900,155.409000,155.409000,155.363000,155.392000,0
20160503 015000,155.395000,155.421000,155.393000,155.408000,0
20160503 015100,155.409000,155.426000,155.358000,155.362000,0
20160503 015200,155.365000,155.365000,155.331000,155.354000,0
20160503 015300,155.352000,155.386000,155.351000,155.383000,0
20160503 015400,155.388000,155.423000,155.388000,155.406000,0
20160503 015500,155.403000,155.447000,155.386000,155.442000,0
20160503 015600,155.442000,155.497000,155.442000,155.495000,0
20160503 015700,155.492000,155.494000,155.434000,155.476000,0
20160503 015800,155.473000,155.473000,155.442000,155.472000,0
20160503 015900,155.472000,155.510000,155.469000,155.501000,0
20160503 020000,155.500000,155.504000,155.435000,155.440000,0
20160503 020100,155.437000,155.444000,155.415000,155.419000,0
20160503 020200,155.417000,155.433000,155.394000,155.404000,0
20160503 020300,155.397000,155.397000,155.353000,155.369000,0
20160503 020400,155.366000,155.472000,155.359000,155.435000,0
20160503 020500,155.440000,155.469000,155.421000,155.426000,0
20160503 020600,155.431000,155.651000,155.420000,155.624000,0
20160503 020700,155.624000,155.647000,155.559000,155.631000,0
20160503 020800,155.629000,155.678000,155.577000,155.657000,0
20160503 020900,155.657000,155.680000,155.618000,155.649000,0
20160503 021000,155.651000,155.651000,155.580000,155.592000,0
20160503 021100,155.592000,155.626000,155.555000,155.621000,0
20160503 021200,155.619000,155.681000,155.614000,155.617000,0
20160503 021300,155.616000,155.616000,155.579000,155.602000,0
20160503 021400,155.605000,155.674000,155.605000,155.640000,0
20160503 021500,155.646000,155.742000,155.642000,155.742000,0
20160503 021600,155.735000,155.741000,155.666000,155.678000,0
20160503 021700,155.678000,155.769000,155.643000,155.748000,0
20160503 021800,155.749000,155.766000,155.705000,155.756000,0
20160503 021900,155.756000,155.756000,155.682000,155.724000,0
20160503 022000,155.722000,155.759000,155.722000,155.731000,0
20160503 022100,155.729000,155.729000,155.689000,155.714000,0
20160503 022200,155.713000,155.724000,155.674000,155.705000,0
20160503 022300,155.701000,155.717000,155.643000,155.714000,0
20160503 022400,155.714000,155.771000,155.714000,155.770000,0
20160503 022500,155.771000,155.814000,155.757000,155.763000,0
20160503 022600,155.759000,155.850000,155.759000,155.850000,0
20160503 022700,155.854000,155.895000,155.824000,155.860000,0
20160503 022800,155.863000,155.902000,155.827000,155.850000,0
20160503 022900,155.847000,155.860000,155.826000,155.837000,0
20160503 023000,155.841000,155.863000,155.819000,155.837000,0
20160503 023100,155.835000,155.867000,155.783000,155.826000,0
20160503 023200,155.828000,155.875000,155.792000,155.858000,0
20160503 023300,155.854000,155.880000,155.841000,155.844000,0
20160503 023400,155.846000,155.876000,155.833000,155.859000,0
20160503 023500,155.862000,155.906000,155.853000,155.895000,0
20160503 023600,155.897000,155.907000,155.863000,155.863000,0
20160503 023700,155.860000,155.860000,155.821000,155.845000,0
20160503 023800,155.850000,155.863000,155.806000,155.843000,0
20160503 023900,155.846000,155.861000,155.824000,155.835000,0
20160503 024000,155.838000,155.838000,155.751000,155.772000,0
20160503 024100,155.770000,155.798000,155.761000,155.767000,0
20160503 024200,155.769000,155.807000,155.752000,155.802000,0
20160503 024300,155.802000,155.810000,155.784000,155.810000,0
20160503 024400,155.809000,155.815000,155.762000,155.763000,0
20160503 024500,155.765000,155.823000,155.760000,155.807000,0
20160503 024600,155.810000,155.818000,155.795000,155.795000,0
20160503 024700,155.795000,155.799000,155.744000,155.764000,0
20160503 024800,155.770000,155.822000,155.766000,155.802000,0
20160503 024900,155.804000,155.813000,155.682000,155.700000,0
20160503 025000,155.698000,155.726000,155.683000,155.688000,0
20160503 025100,155.691000,155.739000,155.691000,155.739000,0
20160503 025200,155.737000,155.782000,155.719000,155.758000,0
20160503 025300,155.758000,155.781000,155.749000,155.778000,0
20160503 025400,155.779000,155.787000,155.713000,155.761000,0
20160503 025500,155.764000,155.811000,155.758000,155.758000,0
20160503 025600,155.758000,155.821000,155.758000,155.783000,0
20160503 025700,155.785000,155.838000,155.776000,155.819000,0
20160503 025800,155.822000,155.836000,155.807000,155.822000,0
20160503 025900,155.822000,155.907000,155.821000,155.893000,0
20160503 030000,155.889000,155.920000,155.806000,155.905000,0
20160503 030100,155.903000,155.915000,155.829000,155.840000,0
20160503 030200,155.846000,155.846000,155.809000,155.832000,0
20160503 030300,155.834000,155.835000,155.779000,155.788000,0
20160503 030400,155.792000,155.808000,155.762000,155.771000,0
20160503 030500,155.775000,155.782000,155.749000,155.766000,0
20160503 030600,155.769000,155.801000,155.736000,155.778000,0
20160503 030700,155.777000,155.810000,155.737000,155.795000,0
20160503 030800,155.795000,155.795000,155.716000,155.736000,0
20160503 030900,155.734000,155.781000,155.730000,155.770000,0
20160503 031000,155.767000,155.778000,155.740000,155.747000,0
20160503 031100,155.749000,155.802000,155.749000,155.797000,0
20160503 031200,155.793000,155.793000,155.703000,155.763000,0
20160503 031300,155.765000,155.809000,155.739000,155.803000,0
20160503 031400,155.803000,155.807000,155.708000,155.714000,0
20160503 031500,155.715000,155.750000,155.710000,155.737000,0
20160503 031600,155.737000,155.763000,155.719000,155.739000,0
20160503 031700,155.739000,155.789000,155.727000,155.789000,0
20160503 031800,155.787000,155.880000,155.787000,155.854000,0
20160503 031900,155.857000,155.864000,155.819000,155.857000,0
20160503 032000,155.851000,155.910000,155.834000,155.846000,0
20160503 032100,155.843000,156.000000,155.843000,155.967000,0
20160503 032200,155.965000,155.989000,155.943000,155.951000,0
20160503 032300,155.953000,155.966000,155.930000,155.965000,0
20160503 032400,155.963000,155.963000,155.926000,155.954000,0
20160503 032500,155.960000,156.001000,155.945000,155.945000,0
20160503 032600,155.945000,155.954000,155.914000,155.946000,0
20160503 032700,155.949000,155.952000,155.863000,155.884000,0
20160503 032800,155.884000,155.884000,155.857000,155.872000,0
20160503 032900,155.869000,155.893000,155.849000,155.856000,0
20160503 033000,155.854000,155.868000,155.819000,155.819000,0
20160503 033100,155.816000,155.816000,155.774000,155.811000,0
20160503 033200,155.814000,155.853000,155.785000,155.831000,0
20160503 033300,155.829000,155.848000,155.812000,155.823000,0
20160503 033400,155.820000,155.833000,155.783000,155.785000,0
20160503 033500,155.786000,155.797000,155.776000,155.787000,0
20160503 033600,155.785000,155.805000,155.736000,155.738000,0
20160503 033700,155.738000,155.778000,155.724000,155.776000,0
20160503 033800,155.778000,155.794000,155.767000,155.789000,0
20160503 033900,155.789000,155.809000,155.777000,155.798000,0
20160503 034000,155.807000,155.822000,155.790000,155.813000,0
20160503 034100,155.815000,155.854000,155.785000,155.854000,0
20160503 034200,155.854000,155.918000,155.851000,155.904000,0
20160503 034300,155.901000,155.910000,155.801000,155.803000,0
20160503 034400,155.803000,155.872000,155.801000,155.833000,0
20160503 034500,155.833000,155.923000,155.825000,155.897000,0
20160503 034600,155.897000,155.923000,155.865000,155.865000,0
20160503 034700,155.863000,155.874000,155.838000,155.838000,0
20160503 034800,155.841000,155.900000,155.824000,155.900000,0
20160503 034900,155.900000,155.924000,155.853000,155.858000,0
20160503 035000,155.858000,155.858000,155.785000,155.795000,0
20160503 035100,155.792000,155.803000,155.776000,155.789000,0
20160503 035200,155.789000,155.789000,155.725000,155.740000,0
20160503 035300,155.742000,155.762000,155.712000,155.719000,0
20160503 035400,155.718000,155.731000,155.691000,155.722000,0
20160503 035500,155.719000,155.738000,155.686000,155.692000,0
20160503 035600,155.691000,155.728000,155.684000,155.690000,0
20160503 035700,155.687000,155.729000,155.678000,155.729000,0
20160503 035800,155.725000,155.731000,155.710000,155.716000,0
20160503 035900,155.719000,155.719000,155.676000,155.714000,0
20160503 040000,155.716000,155.726000,155.655000,155.670000,0
20160503 040100,155.673000,155.741000,155.673000,155.735000,0
20160503 040200,155.735000,155.743000,155.675000,155.678000,0
20160503 040300,155.679000,155.727000,155.676000,155.717000,0
20160503 040400,155.714000,155.714000,155.675000,155.697000,0
20160503 040500,155.700000,155.710000,155.686000,155.687000,0
20160503 040600,155.684000,155.768000,155.684000,155.764000,0
20160503 040700,155.764000,155.771000,155.744000,155.750000,0
20160503 040800,155.752000,155.862000,155.749000,155.845000,0
20160503 040900,155.847000,155.906000,155.845000,155.889000,0
20160503 041000,155.889000,155.906000,155.834000,155.857000,0
20160503 041100,155.861000,155.926000,155.861000,155.913000,0
20160503 041200,155.914000,155.966000,155.914000,155.961000,0
20160503 041300,155.964000,156.067000,155.955000,156.039000,0
20160503 041400,156.037000,156.039000,155.925000,155.925000,0
20160503 041500,155.927000,155.932000,155.889000,155.931000,0
20160503 041600,155.936000,155.963000,155.912000,155.918000,0
20160503 041700,155.919000,155.949000,155.909000,155.941000,0
20160503 041800,155.941000,155.975000,155.907000,155.907000,0
20160503 041900,155.910000,155.912000,155.887000,155.887000,0
20160503 042000,155.885000,155.889000,155.832000,155.832000,0
20160503 042100,155.832000,155.875000,155.824000,155.832000,0
20160503 042200,155.828000,155.864000,155.826000,155.862000,0
20160503 042300,155.860000,155.884000,155.805000,155.881000,0
20160503 042400,155.893000,155.990000,155.883000,155.990000,0
20160503 042500,155.989000,156.004000,155.955000,155.955000,0
20160503 042600,155.953000,155.976000,155.924000,155.930000,0
20160503 042700,155.931000,156.048000,155.931000,156.017000,0
20160503 042800,156.019000,156.021000,155.972000,156.010000,0
20160503 042900,156.010000,156.019000,155.952000,155.963000,0
20160503 043000,155.865000,155.907000,155.735000,155.818000,0
20160503 043100,155.819000,155.871000,155.786000,155.786000,0
20160503 043200,155.783000,155.862000,155.783000,155.831000,0
20160503 043300,155.837000,155.849000,155.764000,155.775000,0
20160503 043400,155.767000,155.781000,155.719000,155.720000,0
20160503 043500,155.718000,155.732000,155.666000,155.720000,0
20160503 043600,155.722000,155.779000,155.722000,155.769000,0
20160503 043700,155.771000,155.786000,155.745000,155.768000,0
20160503 043800,155.768000,155.776000,155.735000,155.745000,0
20160503 043900,155.742000,155.742000,155.662000,155.663000,0
20160503 044000,155.662000,155.704000,155.661000,155.701000,0
20160503 044100,155.700000,155.743000,155.698000,155.719000,0
20160503 044200,155.715000,155.729000,155.661000,155.686000,0
20160503 044300,155.690000,155.691000,155.634000,155.640000,0
20160503 044400,155.640000,155.699000,155.632000,155.648000,0
20160503 044500,155.647000,155.656000,155.619000,155.646000,0
20160503 044600,155.646000,155.668000,155.603000,155.666000,0
20160503 044700,155.662000,155.683000,155.643000,155.670000,0
20160503 044800,155.669000,155.678000,155.624000,155.627000,0
20160503 044900,155.623000,155.623000,155.554000,155.558000,0
20160503 045000,155.561000,155.561000,155.402000,155.410000,0
20160503 045100,155.408000,155.514000,155.392000,155.493000,0
20160503 045200,155.495000,155.540000,155.483000,155.515000,0
20160503 045300,155.517000,155.522000,155.489000,155.489000,0
20160503 045400,155.492000,155.499000,155.430000,155.436000,0
20160503 045500,155.438000,155.474000,155.428000,155.428000,0
20160503 045600,155.430000,155.497000,155.427000,155.468000,0
20160503 045700,155.468000,155.477000,155.403000,155.414000,0
20160503 045800,155.416000,155.518000,155.412000,155.517000,0
20160503 045900,155.520000,155.560000,155.489000,155.525000,0
20160503 050000,155.506000,155.506000,155.417000,155.451000,0
20160503 050100,155.454000,155.495000,155.428000,155.429000,0
20160503 050200,155.429000,155.505000,155.425000,155.500000,0
20160503 050300,155.488000,155.539000,155.464000,155.477000,0
20160503 050400,155.479000,155.493000,155.447000,155.447000,0
20160503 050500,155.446000,155.449000,155.417000,155.421000,0
20160503 050600,155.421000,155.423000,155.389000,155.408000,0
20160503 050700,155.406000,155.439000,155.396000,155.424000,0
20160503 050800,155.422000,155.487000,155.401000,155.484000,0
20160503 050900,155.481000,155.543000,155.479000,155.543000,0
20160503 051000,155.543000,155.543000,155.502000,155.502000,0
20160503 051100,155.499000,155.500000,155.461000,155.497000,0
20160503 051200,155.501000,155.544000,155.495000,155.517000,0
20160503 051300,155.526000,155.605000,155.526000,155.590000,0
20160503 051400,155.590000,155.603000,155.545000,155.594000,0
20160503 051500,155.596000,155.604000,155.567000,155.577000,0
20160503 051600,155.577000,155.587000,155.552000,155.562000,0
20160503 051700,155.566000,155.567000,155.474000,155.518000,0
20160503 051800,155.517000,155.538000,155.498000,155.517000,0
20160503 051900,155.517000,155.591000,155.499000,155.586000,0
20160503 052000,155.582000,155.674000,155.560000,155.674000,0
20160503 052100,155.678000,155.689000,155.647000,155.678000,0
20160503 052200,155.679000,155.703000,155.675000,155.688000,0
20160503 052300,155.683000,155.683000,155.614000,155.635000,0
20160503 052400,155.637000,155.656000,155.618000,155.620000,0
20160503 052500,155.618000,155.667000,155.601000,155.636000,0
20160503 052600,155.634000,155.638000,155.583000,155.591000,0
20160503 052700,155.591000,155.677000,155.591000,155.665000,0
20160503 052800,155.668000,155.728000,155.663000,155.717000,0
20160503 052900,155.719000,155.736000,155.694000,155.700000,0
20160503 053000,155.700000,155.701000,155.628000,155.634000,0
20160503 053100,155.633000,155.655000,155.626000,155.630000,0
20160503 053200,155.633000,155.689000,155.630000,155.689000,0
20160503 053300,155.689000,155.713000,155.621000,155.641000,0
20160503 053400,155.638000,155.684000,155.632000,155.684000,0
20160503 053500,155.684000,155.684000,155.589000,155.610000,0
20160503 053600,155.608000,155.627000,155.600000,155.604000,0
20160503 053700,155.599000,155.606000,155.535000,155.545000,0
20160503 053800,155.542000,155.566000,155.494000,155.507000,0
20160503 053900,155.504000,155.514000,155.480000,155.496000,0
20160503 054000,155.496000,155.540000,155.470000,155.470000,0
20160503 054100,155.473000,155.515000,155.473000,155.502000,0
20160503 054200,155.504000,155.557000,155.504000,155.530000,0
20160503 054300,155.530000,155.530000,155.479000,155.479000,0
20160503 054400,155.481000,155.496000,155.431000,155.439000,0
20160503 054500,155.439000,155.439000,155.379000,155.392000,0
20160503 054600,155.392000,155.400000,155.385000,155.388000,0
20160503 054700,155.388000,155.406000,155.355000,155.398000,0
20160503 054800,155.401000,155.462000,155.401000,155.453000,0
20160503 054900,155.455000,155.455000,155.431000,155.436000,0
20160503 055000,155.435000,155.457000,155.433000,155.455000,0
20160503 055100,155.458000,155.458000,155.413000,155.453000,0
20160503 055200,155.451000,155.516000,155.446000,155.493000,0
20160503 055300,155.492000,155.499000,155.471000,155.477000,0
20160503 055400,155.480000,155.498000,155.466000,155.491000,0
20160503 055500,155.488000,155.491000,155.455000,155.465000,0
20160503 055600,155.463000,155.463000,155.389000,155.390000,0
20160503 055700,155.391000,155.413000,155.313000,155.313000,0
20160503 055800,155.311000,155.377000,155.307000,155.372000,0
20160503 055900,155.375000,155.401000,155.359000,155.393000,0
20160503 060000,155.357000,155.357000,155.292000,155.340000,0
20160503 060100,155.344000,155.361000,155.320000,155.339000,0
20160503 060200,155.339000,155.374000,155.339000,155.368000,0
20160503 060300,155.365000,155.365000,155.312000,155.315000,0
20160503 060400,155.319000,155.353000,155.289000,155.301000,0
20160503 060500,155.297000,155.297000,155.263000,155.273000,0
20160503 060600,155.276000,155.295000,155.255000,155.293000,0
20160503 060700,155.291000,155.309000,155.280000,155.298000,0
20160503 060800,155.302000,155.329000,155.266000,155.278000,0
20160503 060900,155.278000,155.308000,155.265000,155.308000,0
20160503 061000,155.311000,155.329000,155.303000,155.326000,0
20160503 061100,155.330000,155.336000,155.296000,155.300000,0
20160503 061200,155.303000,155.306000,155.278000,155.306000,0
20160503 061300,155.301000,155.315000,155.284000,155.284000,0
20160503 061400,155.283000,155.300000,155.213000,155.248000,0
20160503 061500,155.248000,155.274000,155.240000,155.258000,0
20160503 061600,155.259000,155.290000,155.259000,155.275000,0
20160503 061700,155.276000,155.281000,155.260000,155.270000,0
20160503 061800,155.265000,155.301000,155.252000,155.265000,0
20160503 061900,155.263000,155.265000,155.220000,155.227000,0
20160503 062000,155.225000,155.228000,155.182000,155.182000,0
20160503 062100,155.182000,155.204000,155.155000,155.194000,0
20160503 062200,155.191000,155.202000,155.170000,155.174000,0
20160503 062300,155.176000,155.191000,155.167000,155.178000,0
20160503 062400,155.180000,155.228000,155.180000,155.215000,0
20160503 062500,155.217000,155.217000,155.195000,155.195000,0
20160503 062600,155.198000,155.208000,155.194000,155.204000,0
20160503 062700,155.205000,155.235000,155.205000,155.233000,0
20160503 062800,155.231000,155.277000,155.225000,155.277000,0
20160503 062900,155.274000,155.303000,155.272000,155.292000,0
20160503 063000,155.295000,155.310000,155.285000,155.285000,0
20160503 063100,155.294000,155.305000,155.288000,155.303000,0
20160503 063200,155.303000,155.303000,155.269000,155.275000,0
20160503 063300,155.278000,155.289000,155.251000,155.251000,0
20160503 063400,155.247000,155.248000,155.218000,155.219000,0
20160503 063500,155.221000,155.265000,155.201000,155.212000,0
20160503 063600,155.214000,155.225000,155.200000,155.201000,0
20160503 063700,155.201000,155.201000,155.159000,155.165000,0
20160503 063800,155.165000,155.177000,155.115000,155.127000,0
20160503 063900,155.127000,155.165000,155.115000,155.131000,0
20160503 064000,155.133000,155.189000,155.133000,155.189000,0
20160503 064100,155.187000,155.207000,155.171000,155.173000,0
20160503 064200,155.176000,155.197000,155.136000,155.189000,0
20160503 064300,155.189000,155.206000,155.174000,155.195000,0
20160503 064400,155.201000,155.202000,155.187000,155.194000,0
20160503 064500,155.194000,155.194000,155.106000,155.140000,0
20160503 064600,155.138000,155.162000,155.132000,155.156000,0
20160503 064700,155.154000,155.163000,155.131000,155.163000,0
20160503 064800,155.166000,155.204000,155.146000,155.198000,0
20160503 064900,155.195000,155.226000,155.188000,155.217000,0
20160503 065000,155.214000,155.223000,155.155000,155.181000,0
20160503 065100,155.184000,155.235000,155.166000,155.221000,0
20160503 065200,155.218000,155.225000,155.195000,155.198000,0
20160503 065300,155.240000,155.265000,155.214000,155.232000,0
20160503 065400,155.232000,155.233000,155.194000,155.222000,0
20160503 065500,155.222000,155.263000,155.219000,155.232000,0
20160503 065600,155.232000,155.262000,155.212000,155.257000,0
20160503 065700,155.254000,155.326000,155.248000,155.324000,0
20160503 065800,155.322000,155.340000,155.306000,155.325000,0
20160503 065900,155.328000,155.339000,155.253000,155.268000,0
20160503 070000,155.263000,155.310000,155.259000,155.295000,0
20160503 070100,155.298000,155.309000,155.279000,155.303000,0
20160503 070200,155.303000,155.324000,155.274000,155.274000,0
20160503 070300,155.276000,155.276000,155.182000,155.213000,0
20160503 070400,155.213000,155.242000,155.200000,155.200000,0
20160503 070500,155.194000,155.202000,155.164000,155.190000,0
20160503 070600,155.190000,155.193000,155.172000,155.182000,0
20160503 070700,155.178000,155.200000,155.168000,155.168000,0
20160503 070800,155.168000,155.178000,155.141000,155.149000,0
20160503 070900,155.152000,155.172000,155.146000,155.172000,0
20160503 071000,155.174000,155.174000,155.108000,155.137000,0
20160503 071100,155.137000,155.230000,155.137000,155.230000,0
20160503 071200,155.229000,155.278000,155.229000,155.271000,0
20160503 071300,155.268000,155.299000,155.264000,155.298000,0
20160503 071400,155.296000,155.339000,155.295000,155.325000,0
20160503 071500,155.325000,155.328000,155.303000,155.314000,0
20160503 071600,155.312000,155.320000,155.304000,155.305000,0
20160503 071700,155.307000,155.326000,155.297000,155.299000,0
20160503 071800,155.297000,155.315000,155.268000,155.271000,0
20160503 071900,155.273000,155.303000,155.273000,155.288000,0
20160503 072000,155.288000,155.301000,155.282000,155.301000,0
20160503 072100,155.304000,155.351000,155.304000,155.351000,0
20160503 072200,155.351000,155.398000,155.351000,155.394000,0
20160503 072300,155.391000,155.404000,155.364000,155.371000,0
20160503 072400,155.368000,155.401000,155.356000,155.373000,0
20160503 072500,155.377000,155.388000,155.255000,155.255000,0
20160503 072600,155.255000,155.258000,155.223000,155.224000,0
20160503 072700,155.223000,155.247000,155.213000,155.230000,0
20160503 072800,155.228000,155.247000,155.216000,155.220000,0
20160503 072900,155.221000,155.237000,155.188000,155.194000,0
20160503 073000,155.192000,155.192000,155.135000,155.144000,0
20160503 073100,155.144000,155.207000,155.144000,155.179000,0
20160503 073200,155.181000,155.197000,155.140000,155.167000,0
20160503 073300,155.168000,155.185000,155.137000,155.185000,0
20160503 073400,155.189000,155.200000,155.174000,155.179000,0
20160503 073500,155.182000,155.202000,155.182000,155.183000,0
20160503 073600,155.183000,155.192000,155.168000,155.170000,0
20160503 073700,155.172000,155.187000,155.153000,155.164000,0
20160503 073800,155.161000,155.176000,155.142000,155.176000,0
20160503 073900,155.179000,155.188000,155.145000,155.188000,0
20160503 074000,155.192000,155.198000,155.098000,155.110000,0
20160503 074100,155.109000,155.109000,155.043000,155.050000,0
20160503 074200,155.044000,155.049000,154.921000,154.989000,0
20160503 074300,154.986000,154.990000,154.937000,154.987000,0
20160503 074400,154.985000,155.003000,154.976000,155.003000,0
20160503 074500,155.006000,155.028000,154.991000,155.000000,0
20160503 074600,155.003000,155.026000,154.954000,154.967000,0
20160503 074700,154.967000,154.995000,154.967000,154.978000,0
20160503 074800,154.986000,154.992000,154.970000,154.990000,0
20160503 074900,154.988000,154.989000,154.968000,154.988000,0
20160503 075000,154.997000,155.027000,154.988000,155.010000,0
20160503 075100,155.010000,155.023000,154.989000,154.992000,0
20160503 075200,154.992000,155.005000,154.977000,154.987000,0
20160503 075300,154.989000,154.998000,154.951000,154.960000,0
20160503 075400,154.963000,154.968000,154.760000,154.796000,0
20160503 075500,154.797000,154.856000,154.797000,154.852000,0
20160503 075600,154.850000,154.914000,154.837000,154.892000,0
20160503 075700,154.888000,154.898000,154.840000,154.861000,0
20160503 075800,154.852000,154.875000,154.843000,154.853000,0
20160503 075900,154.851000,154.904000,154.850000,154.887000,0
20160503 080000,154.885000,154.885000,154.837000,154.847000,0
20160503 080100,154.846000,154.926000,154.833000,154.889000,0
20160503 080200,154.894000,154.894000,154.735000,154.762000,0
20160503 080300,154.760000,154.767000,154.708000,154.741000,0
20160503 080400,154.743000,154.789000,154.715000,154.722000,0
20160503 080500,154.719000,154.759000,154.715000,154.738000,0
20160503 080600,154.739000,154.741000,154.688000,154.688000,0
20160503 080700,154.687000,154.736000,154.685000,154.733000,0
20160503 080800,154.731000,154.841000,154.713000,154.832000,0
20160503 080900,154.832000,154.836000,154.803000,154.815000,0
20160503 081000,154.821000,154.839000,154.806000,154.806000,0
20160503 081100,154.806000,154.844000,154.786000,154.844000,0
20160503 081200,154.841000,154.901000,154.833000,154.892000,0
20160503 081300,154.887000,154.919000,154.884000,154.902000,0
20160503 081400,154.904000,154.930000,154.873000,154.878000,0
20160503 081500,154.880000,154.934000,154.861000,154.928000,0
20160503 081600,154.928000,154.944000,154.864000,154.886000,0
20160503 081700,154.883000,154.907000,154.858000,154.881000,0
20160503 081800,154.881000,154.881000,154.793000,154.794000,0
20160503 081900,154.796000,154.836000,154.777000,154.793000,0
20160503 082000,154.796000,154.849000,154.759000,154.843000,0
20160503 082100,154.841000,154.906000,154.825000,154.863000,0
20160503 082200,154.865000,154.914000,154.865000,154.903000,0
20160503 082300,154.899000,154.953000,154.891000,154.927000,0
20160503 082400,154.928000,154.960000,154.920000,154.952000,0
20160503 082500,154.953000,154.957000,154.880000,154.888000,0
20160503 082600,154.885000,154.954000,154.878000,154.942000,0
20160503 082700,154.945000,154.987000,154.945000,154.963000,0
20160503 082800,154.964000,155.038000,154.964000,155.006000,0
20160503 082900,155.008000,155.044000,154.978000,155.032000,0
20160503 083000,155.032000,155.053000,155.026000,155.038000,0
20160503 083100,155.039000,155.042000,154.942000,154.954000,0
20160503 083200,154.954000,154.972000,154.954000,154.959000,0
20160503 083300,154.957000,154.976000,154.941000,154.966000,0
20160503 083400,154.962000,154.981000,154.932000,154.948000,0
20160503 083500,154.951000,154.953000,154.905000,154.921000,0
20160503 083600,154.923000,154.945000,154.883000,154.908000,0
20160503 083700,154.909000,154.925000,154.870000,154.878000,0
20160503 083800,154.884000,154.903000,154.858000,154.897000,0
20160503 083900,154.900000,154.929000,154.893000,154.929000,0
20160503 084000,154.931000,154.954000,154.893000,154.906000,0
20160503 084100,154.905000,154.972000,154.901000,154.970000,0
20160503 084200,154.970000,155.009000,154.961000,154.964000,0
20160503 084300,154.965000,155.009000,154.965000,154.985000,0
20160503 084400,154.985000,154.994000,154.958000,154.974000,0
20160503 084500,154.967000,155.006000,154.945000,154.995000,0
20160503 084600,154.993000,154.993000,154.932000,154.936000,0
20160503 084700,154.936000,154.951000,154.904000,154.925000,0
20160503 084800,154.926000,154.930000,154.899000,154.917000,0
20160503 084900,154.920000,154.947000,154.919000,154.938000,0
20160503 085000,154.935000,154.939000,154.907000,154.911000,0
20160503 085100,154.914000,154.964000,154.908000,154.958000,0
20160503 085200,154.960000,155.009000,154.943000,154.945000,0
20160503 085300,154.947000,154.996000,154.941000,154.985000,0
20160503 085400,154.988000,155.017000,154.988000,155.011000,0
20160503 085500,155.008000,155.092000,155.008000,155.082000,0
20160503 085600,155.079000,155.096000,155.062000,155.090000,0
20160503 085700,155.093000,155.102000,155.056000,155.074000,0
20160503 085800,155.070000,155.080000,154.998000,155.027000,0
20160503 085900,155.024000,155.055000,155.013000,155.037000,0
20160503 090000,155.033000,155.040000,155.010000,155.018000,0
20160503 090100,155.018000,155.055000,154.973000,154.994000,0
20160503 090200,154.993000,154.998000,154.964000,154.968000,0
20160503 090300,154.965000,154.983000,154.952000,154.973000,0
20160503 090400,154.973000,155.000000,154.950000,154.995000,0
20160503 090500,154.997000,155.030000,154.973000,154.973000,0
20160503 090600,154.971000,154.997000,154.966000,154.970000,0
20160503 090700,154.966000,154.969000,154.900000,154.902000,0
20160503 090800,154.904000,154.947000,154.904000,154.947000,0
20160503 090900,154.944000,154.947000,154.914000,154.918000,0
20160503 091000,154.918000,154.951000,154.915000,154.951000,0
20160503 091100,154.953000,154.984000,154.948000,154.974000,0
20160503 091200,154.972000,154.975000,154.948000,154.958000,0
20160503 091300,154.954000,154.954000,154.921000,154.929000,0
20160503 091400,154.931000,154.952000,154.923000,154.945000,0
20160503 091500,154.947000,154.965000,154.940000,154.944000,0
20160503 091600,154.944000,154.944000,154.913000,154.926000,0
20160503 091700,154.929000,154.929000,154.887000,154.889000,0
20160503 091800,154.893000,154.897000,154.830000,154.848000,0
20160503 091900,154.846000,154.854000,154.830000,154.834000,0
20160503 092000,154.835000,154.871000,154.822000,154.831000,0
20160503 092100,154.830000,154.866000,154.823000,154.859000,0
20160503 092200,154.855000,154.858000,154.750000,154.771000,0
20160503 092300,154.777000,154.862000,154.770000,154.861000,0
20160503 092400,154.865000,154.901000,154.847000,154.882000,0
20160503 092500,154.884000,154.907000,154.869000,154.896000,0
20160503 092600,154.890000,154.960000,154.887000,154.955000,0
20160503 092700,154.952000,154.959000,154.925000,154.926000,0
20160503 092800,154.923000,154.945000,154.898000,154.933000,0
20160503 092900,154.930000,154.955000,154.919000,154.925000,0
20160503 093000,154.922000,154.922000,154.780000,154.882000,0
20160503 093100,154.885000,154.996000,154.883000,154.973000,0
20160503 093200,154.973000,154.989000,154.871000,154.918000,0
20160503 093300,154.913000,154.939000,154.906000,154.913000,0
20160503 093400,154.911000,154.957000,154.903000,154.946000,0
20160503 093500,154.950000,154.970000,154.914000,154.914000,0
20160503 093600,154.914000,154.934000,154.886000,154.906000,0
20160503 093700,154.904000,154.953000,154.865000,154.946000,0
20160503 093800,154.951000,154.951000,154.914000,154.945000,0
20160503 093900,154.944000,154.966000,154.927000,154.947000,0
20160503 094000,154.945000,154.954000,154.897000,154.910000,0
20160503 094100,154.907000,154.940000,154.902000,154.925000,0
20160503 094200,154.928000,154.941000,154.899000,154.899000,0
20160503 094300,154.902000,154.934000,154.893000,154.929000,0
20160503 094400,154.931000,154.931000,154.896000,154.917000,0
20160503 094500,154.914000,154.920000,154.842000,154.852000,0
20160503 094600,154.848000,154.876000,154.806000,154.818000,0
20160503 094700,154.816000,154.854000,154.816000,154.850000,0
20160503 094800,154.847000,154.849000,154.775000,154.807000,0
20160503 094900,154.804000,154.825000,154.779000,154.788000,0
20160503 095000,154.786000,154.794000,154.749000,154.764000,0
20160503 095100,154.762000,154.766000,154.728000,154.741000,0
20160503 095200,154.738000,154.738000,154.654000,154.687000,0
20160503 095300,154.688000,154.699000,154.635000,154.682000,0
20160503 095400,154.679000,154.683000,154.644000,154.662000,0
20160503 095500,154.665000,154.706000,154.665000,154.680000,0
20160503 095600,154.682000,154.753000,154.675000,154.751000,0
20160503 095700,154.753000,154.779000,154.687000,154.689000,0
20160503 095800,154.688000,154.688000,154.620000,154.655000,0
20160503 095900,154.654000,154.783000,154.643000,154.783000,0
20160503 100000,154.786000,154.837000,154.782000,154.823000,0
20160503 100100,154.825000,154.825000,154.772000,154.818000,0
20160503 100200,154.821000,154.841000,154.806000,154.816000,0
20160503 100300,154.813000,154.813000,154.742000,154.748000,0
20160503 100400,154.747000,154.747000,154.703000,154.714000,0
20160503 100500,154.711000,154.751000,154.664000,154.699000,0
20160503 100600,154.697000,154.697000,154.599000,154.636000,0
20160503 100700,154.632000,154.664000,154.627000,154.652000,0
20160503 100800,154.651000,154.667000,154.568000,154.581000,0
20160503 100900,154.584000,154.587000,154.514000,154.527000,0
20160503 101000,154.527000,154.527000,154.457000,154.491000,0
20160503 101100,154.490000,154.589000,154.490000,154.578000,0
20160503 101200,154.575000,154.576000,154.553000,154.567000,0
20160503 101300,154.573000,154.593000,154.462000,154.471000,0
20160503 101400,154.471000,154.522000,154.435000,154.499000,0
20160503 101500,154.493000,154.545000,154.470000,154.505000,0
20160503 101600,154.503000,154.546000,154.490000,154.519000,0
20160503 101700,154.522000,154.566000,154.522000,154.531000,0
20160503 101800,154.532000,154.566000,154.495000,154.558000,0
20160503 101900,154.559000,154.599000,154.543000,154.589000,0
20160503 102000,154.592000,154.623000,154.563000,154.607000,0
20160503 102100,154.604000,154.635000,154.582000,154.594000,0
20160503 102200,154.598000,154.603000,154.549000,154.603000,0
20160503 102300,154.604000,154.619000,154.575000,154.599000,0
20160503 102400,154.599000,154.642000,154.576000,154.610000,0
20160503 102500,154.602000,154.709000,154.599000,154.709000,0
20160503 102600,154.709000,154.738000,154.693000,154.699000,0
20160503 102700,154.704000,154.706000,154.673000,154.677000,0
20160503 102800,154.683000,154.766000,154.678000,154.753000,0
20160503 102900,154.753000,154.760000,154.719000,154.719000,0
20160503 103000,154.719000,154.719000,154.591000,154.592000,0
20160503 103100,154.590000,154.619000,154.564000,154.602000,0
20160503 103200,154.602000,154.621000,154.576000,154.597000,0
20160503 103300,154.595000,154.595000,154.552000,154.558000,0
20160503 103400,154.562000,154.590000,154.544000,154.556000,0
20160503 103500,154.554000,154.573000,154.462000,154.467000,0
20160503 103600,154.464000,154.496000,154.440000,154.496000,0
20160503 103700,154.488000,154.497000,154.469000,154.482000,0
20160503 103800,154.485000,154.491000,154.442000,154.463000,0
20160503 103900,154.463000,154.486000,154.450000,154.469000,0
20160503 104000,154.464000,154.513000,154.463000,154.505000,0
20160503 104100,154.501000,154.532000,154.450000,154.528000,0
20160503 104200,154.527000,154.552000,154.515000,154.552000,0
20160503 104300,154.557000,154.574000,154.522000,154.572000,0
20160503 104400,154.574000,154.637000,154.574000,154.604000,0
20160503 104500,154.607000,154.621000,154.564000,154.571000,0
20160503 104600,154.567000,154.567000,154.538000,154.556000,0
20160503 104700,154.559000,154.614000,154.552000,154.614000,0
20160503 104800,154.617000,154.645000,154.578000,154.596000,0
20160503 104900,154.596000,154.603000,154.570000,154.590000,0
20160503 105000,154.588000,154.590000,154.558000,154.570000,0
20160503 105100,154.568000,154.657000,154.565000,154.619000,0
20160503 105200,154.622000,154.679000,154.603000,154.662000,0
20160503 105300,154.660000,154.681000,154.627000,154.627000,0
20160503 105400,154.624000,154.654000,154.605000,154.643000,0
20160503 105500,154.646000,154.707000,154.635000,154.674000,0
20160503 105600,154.674000,154.693000,154.614000,154.671000,0
20160503 105700,154.669000,154.680000,154.525000,154.586000,0
20160503 105800,154.591000,154.593000,154.499000,154.530000,0
20160503 105900,154.528000,154.568000,154.506000,154.520000,0
20160503 110000,154.528000,154.564000,154.498000,154.498000,0
20160503 110100,154.498000,154.514000,154.432000,154.446000,0
20160503 110200,154.451000,154.490000,154.422000,154.490000,0
20160503 110300,154.490000,154.583000,154.485000,154.551000,0
20160503 110400,154.551000,154.590000,154.541000,154.590000,0
20160503 110500,154.590000,154.590000,154.556000,154.590000,0
20160503 110600,154.587000,154.626000,154.547000,154.603000,0
20160503 110700,154.610000,154.696000,154.598000,154.684000,0
20160503 110800,154.680000,154.693000,154.603000,154.621000,0
20160503 110900,154.624000,154.676000,154.620000,154.669000,0
20160503 111000,154.669000,154.679000,154.618000,154.624000,0
20160503 111100,154.621000,154.628000,154.569000,154.586000,0
20160503 111200,154.586000,154.645000,154.585000,154.629000,0
20160503 111300,154.631000,154.673000,154.625000,154.655000,0
20160503 111400,154.652000,154.681000,154.650000,154.667000,0
20160503 111500,154.663000,154.663000,154.631000,154.651000,0
20160503 111600,154.655000,154.726000,154.655000,154.693000,0
20160503 111700,154.694000,154.700000,154.639000,154.656000,0
20160503 111800,154.660000,154.690000,154.653000,154.683000,0
20160503 111900,154.680000,154.680000,154.605000,154.607000,0
20160503 112000,154.607000,154.628000,154.591000,154.619000,0
20160503 112100,154.614000,154.625000,154.589000,154.611000,0
20160503 112200,154.614000,154.614000,154.593000,154.602000,0
20160503 112300,154.605000,154.605000,154.569000,154.578000,0
20160503 112400,154.587000,154.598000,154.556000,154.562000,0
20160503 112500,154.562000,154.576000,154.534000,154.558000,0
20160503 112600,154.560000,154.561000,154.523000,154.539000,0
20160503 112700,154.533000,154.547000,154.512000,154.525000,0
20160503 112800,154.525000,154.546000,154.509000,154.521000,0
20160503 112900,154.518000,154.539000,154.473000,154.500000,0
20160503 113000,154.503000,154.521000,154.452000,154.453000,0
20160503 113100,154.452000,154.466000,154.439000,154.465000,0
20160503 113200,154.464000,154.530000,154.461000,154.527000,0
20160503 113300,154.526000,154.545000,154.501000,154.541000,0
20160503 113400,154.538000,154.571000,154.532000,154.560000,0
20160503 113500,154.559000,154.611000,154.528000,154.528000,0
20160503 113600,154.528000,154.544000,154.491000,154.517000,0
20160503 113700,154.526000,154.572000,154.507000,154.534000,0
20160503 113800,154.530000,154.546000,154.512000,154.535000,0
20160503 113900,154.540000,154.573000,154.531000,154.573000,0
20160503 114000,154.574000,154.605000,154.557000,154.557000,0
20160503 114100,154.554000,154.554000,154.519000,154.519000,0
20160503 114200,154.519000,154.623000,154.519000,154.618000,0
20160503 114300,154.621000,154.665000,154.621000,154.663000,0
20160503 114400,154.664000,154.686000,154.642000,154.668000,0
20160503 114500,154.665000,154.686000,154.622000,154.681000,0
20160503 114600,154.679000,154.679000,154.641000,154.659000,0
20160503 114700,154.662000,154.679000,154.648000,154.670000,0
20160503 114800,154.666000,154.731000,154.666000,154.702000,0
20160503 114900,154.702000,154.712000,154.693000,154.697000,0
20160503 115000,154.702000,154.714000,154.644000,154.656000,0
20160503 115100,154.652000,154.664000,154.627000,154.653000,0
20160503 115200,154.650000,154.676000,154.623000,154.628000,0
20160503 115300,154.628000,154.632000,154.602000,154.615000,0
20160503 115400,154.617000,154.650000,154.608000,154.608000,0
20160503 115500,154.606000,154.617000,154.552000,154.573000,0
20160503 115600,154.573000,154.594000,154.558000,154.594000,0
20160503 115700,154.597000,154.639000,154.592000,154.624000,0
20160503 115800,154.626000,154.672000,154.620000,154.659000,0
20160503 115900,154.664000,154.679000,154.642000,154.646000,0
20160503 120000,154.643000,154.671000,154.629000,154.661000,0
20160503 120100,154.662000,154.688000,154.657000,154.681000,0
20160503 120200,154.679000,154.689000,154.622000,154.685000,0
20160503 120300,154.682000,154.719000,154.679000,154.718000,0
20160503 120400,154.718000,154.718000,154.668000,154.689000,0
20160503 120500,154.686000,154.720000,154.656000,154.710000,0
20160503 120600,154.710000,154.710000,154.682000,154.682000,0
20160503 120700,154.682000,154.687000,154.620000,154.646000,0
20160503 120800,154.650000,154.679000,154.637000,154.679000,0
20160503 120900,154.682000,154.682000,154.662000,154.665000,0
20160503 121000,154.667000,154.669000,154.634000,154.658000,0
20160503 121100,154.663000,154.666000,154.634000,154.635000,0
20160503 121200,154.635000,154.647000,154.627000,154.630000,0
20160503 121300,154.633000,154.634000,154.614000,154.614000,0
20160503 121400,154.612000,154.631000,154.594000,154.628000,0
20160503 121500,154.625000,154.646000,154.612000,154.638000,0
20160503 121600,154.636000,154.676000,154.636000,154.654000,0
20160503 121700,154.656000,154.658000,154.633000,154.633000,0
20160503 121800,154.639000,154.659000,154.638000,154.642000,0
20160503 121900,154.643000,154.644000,154.628000,154.644000,0
20160503 122000,154.644000,154.664000,154.638000,154.664000,0
20160503 122100,154.668000,154.668000,154.647000,154.656000,0
20160503 122200,154.660000,154.690000,154.657000,154.686000,0
20160503 122300,154.688000,154.688000,154.660000,154.662000,0
20160503 122400,154.661000,154.661000,154.609000,154.609000,0
20160503 122500,154.610000,154.630000,154.610000,154.630000,0
20160503 122600,154.627000,154.637000,154.620000,154.624000,0
20160503 122700,154.627000,154.627000,154.587000,154.587000,0
20160503 122800,154.582000,154.604000,154.537000,154.572000,0
20160503 122900,154.575000,154.607000,154.575000,154.607000,0
20160503 123000,154.609000,154.621000,154.592000,154.598000,0
20160503 123100,154.600000,154.670000,154.600000,154.670000,0
20160503 123200,154.668000,154.669000,154.636000,154.647000,0
20160503 123300,154.650000,154.666000,154.644000,154.654000,0
20160503 123400,154.651000,154.663000,154.643000,154.645000,0
20160503 123500,154.642000,154.642000,154.596000,154.601000,0
20160503 123600,154.598000,154.607000,154.580000,154.587000,0
20160503 123700,154.584000,154.630000,154.584000,154.623000,0
20160503 123800,154.621000,154.676000,154.621000,154.665000,0
20160503 123900,154.665000,154.702000,154.664000,154.686000,0
20160503 124000,154.682000,154.711000,154.681000,154.696000,0
20160503 124100,154.696000,154.705000,154.658000,154.658000,0
20160503 124200,154.661000,154.702000,154.656000,154.692000,0
20160503 124300,154.692000,154.706000,154.684000,154.702000,0
20160503 124400,154.702000,154.707000,154.649000,154.649000,0
20160503 124500,154.652000,154.652000,154.598000,154.603000,0
20160503 124600,154.604000,154.606000,154.584000,154.600000,0
20160503 124700,154.603000,154.608000,154.583000,154.606000,0
20160503 124800,154.608000,154.609000,154.572000,154.576000,0
20160503 124900,154.579000,154.618000,154.579000,154.588000,0
20160503 125000,154.584000,154.624000,154.578000,154.624000,0
20160503 125100,154.621000,154.678000,154.618000,154.678000,0
20160503 125200,154.677000,154.690000,154.634000,154.652000,0
20160503 125300,154.653000,154.689000,154.645000,154.679000,0
20160503 125400,154.681000,154.687000,154.663000,154.678000,0
20160503 125500,154.680000,154.740000,154.680000,154.736000,0
20160503 125600,154.736000,154.757000,154.727000,154.753000,0
20160503 125700,154.760000,154.790000,154.760000,154.776000,0
20160503 125800,154.779000,154.798000,154.766000,154.791000,0
20160503 125900,154.794000,154.839000,154.794000,154.828000,0
20160503 130000,154.828000,154.847000,154.818000,154.846000,0
20160503 130100,154.842000,154.842000,154.764000,154.768000,0
20160503 130200,154.768000,154.810000,154.761000,154.800000,0
20160503 130300,154.803000,154.816000,154.780000,154.784000,0
20160503 130400,154.788000,154.814000,154.784000,154.811000,0
20160503 130500,154.801000,154.832000,154.801000,154.824000,0
20160503 130600,154.821000,154.829000,154.783000,154.798000,0
20160503 130700,154.797000,154.838000,154.776000,154.833000,0
20160503 130800,154.833000,154.877000,154.824000,154.845000,0
20160503 130900,154.848000,154.853000,154.824000,154.839000,0
20160503 131000,154.840000,154.857000,154.823000,154.841000,0
20160503 131100,154.841000,154.841000,154.802000,154.809000,0
20160503 131200,154.809000,154.814000,154.771000,154.771000,0
20160503 131300,154.771000,154.790000,154.770000,154.790000,0
20160503 131400,154.790000,154.803000,154.776000,154.776000,0
20160503 131500,154.777000,154.806000,154.777000,154.806000,0
20160503 131600,154.806000,154.810000,154.793000,154.796000,0
20160503 131700,154.798000,154.823000,154.798000,154.814000,0
20160503 131800,154.810000,154.813000,154.804000,154.813000,0
20160503 131900,154.811000,154.816000,154.789000,154.804000,0
20160503 132000,154.800000,154.817000,154.784000,154.804000,0
20160503 132100,154.804000,154.810000,154.764000,154.764000,0
20160503 132200,154.766000,154.784000,154.763000,154.773000,0
20160503 132300,154.770000,154.778000,154.738000,154.745000,0
20160503 132400,154.742000,154.752000,154.670000,154.676000,0
20160503 132500,154.677000,154.680000,154.652000,154.672000,0
20160503 132600,154.669000,154.679000,154.644000,154.647000,0
20160503 132700,154.647000,154.656000,154.635000,154.654000,0
20160503 132800,154.654000,154.666000,154.642000,154.652000,0
20160503 132900,154.654000,154.687000,154.638000,154.686000,0
20160503 133000,154.682000,154.685000,154.668000,154.678000,0
20160503 133100,154.676000,154.689000,154.676000,154.689000,0
20160503 133200,154.695000,154.707000,154.680000,154.688000,0
20160503 133300,154.686000,154.686000,154.628000,154.631000,0
20160503 133400,154.634000,154.664000,154.634000,154.664000,0
20160503 133500,154.661000,154.663000,154.629000,154.642000,0
20160503 133600,154.645000,154.656000,154.618000,154.645000,0
20160503 133700,154.648000,154.670000,154.644000,154.664000,0
20160503 133800,154.666000,154.730000,154.666000,154.730000,0
20160503 133900,154.727000,154.733000,154.716000,154.727000,0
20160503 134000,154.728000,154.740000,154.727000,154.736000,0
20160503 134100,154.736000,154.745000,154.731000,154.736000,0
20160503 134200,154.734000,154.751000,154.702000,154.702000,0
20160503 134300,154.698000,154.723000,154.695000,154.718000,0
20160503 134400,154.718000,154.733000,154.713000,154.724000,0
20160503 134500,154.728000,154.736000,154.713000,154.726000,0
20160503 134600,154.730000,154.734000,154.704000,154.717000,0
20160503 134700,154.719000,154.752000,154.719000,154.728000,0
20160503 134800,154.729000,154.731000,154.726000,154.726000,0
20160503 134900,154.726000,154.737000,154.726000,154.737000,0
20160503 135000,154.740000,154.778000,154.740000,154.778000,0
20160503 135100,154.778000,154.780000,154.739000,154.740000,0
20160503 135200,154.743000,154.757000,154.733000,154.745000,0
20160503 135300,154.748000,154.756000,154.739000,154.739000,0
20160503 135400,154.741000,154.744000,154.689000,154.689000,0
20160503 135500,154.687000,154.766000,154.681000,154.735000,0
20160503 135600,154.731000,154.745000,154.731000,154.735000,0
20160503 135700,154.732000,154.742000,154.701000,154.717000,0
20160503 135800,154.714000,154.724000,154.695000,154.724000,0
20160503 135900,154.727000,154.737000,154.699000,154.720000,0
20160503 140000,154.724000,154.727000,154.690000,154.699000,0
20160503 140100,154.699000,154.719000,154.684000,154.696000,0
20160503 140200,154.693000,154.695000,154.677000,154.695000,0
20160503 140300,154.697000,154.709000,154.676000,154.676000,0
20160503 140400,154.676000,154.693000,154.665000,154.677000,0
20160503 140500,154.679000,154.688000,154.659000,154.687000,0
20160503 140600,154.685000,154.685000,154.661000,154.672000,0
20160503 140700,154.668000,154.668000,154.627000,154.627000,0
20160503 140800,154.625000,154.633000,154.610000,154.629000,0
20160503 140900,154.633000,154.648000,154.632000,154.634000,0
20160503 141000,154.636000,154.681000,154.636000,154.681000,0
20160503 141100,154.682000,154.682000,154.665000,154.678000,0
20160503 141200,154.679000,154.681000,154.631000,154.635000,0
20160503 141300,154.633000,154.639000,154.615000,154.624000,0
20160503 141400,154.621000,154.633000,154.621000,154.631000,0
20160503 141500,154.634000,154.658000,154.634000,154.655000,0
20160503 141600,154.657000,154.665000,154.656000,154.658000,0
20160503 141700,154.660000,154.664000,154.616000,154.619000,0
20160503 141800,154.617000,154.617000,154.605000,154.606000,0
20160503 141900,154.611000,154.634000,154.608000,154.634000,0
20160503 142000,154.636000,154.645000,154.632000,154.637000,0
20160503 142100,154.633000,154.673000,154.629000,154.666000,0
20160503 142200,154.668000,154.688000,154.659000,154.674000,0
20160503 142300,154.671000,154.680000,154.654000,154.664000,0
20160503 142400,154.667000,154.709000,154.667000,154.703000,0
20160503 142500,154.707000,154.711000,154.685000,154.685000,0
20160503 142600,154.681000,154.681000,154.646000,154.657000,0
20160503 142700,154.654000,154.698000,154.649000,154.695000,0
20160503 142800,154.698000,154.728000,154.698000,154.714000,0
20160503 142900,154.712000,154.714000,154.679000,154.705000,0
20160503 143000,154.705000,154.715000,154.691000,154.692000,0
20160503 143100,154.695000,154.699000,154.688000,154.691000,0
20160503 143200,154.692000,154.709000,154.687000,154.701000,0
20160503 143300,154.700000,154.738000,154.686000,154.737000,0
20160503 143400,154.733000,154.756000,154.729000,154.749000,0
20160503 143500,154.753000,154.769000,154.746000,154.754000,0
20160503 143600,154.751000,154.761000,154.735000,154.750000,0
20160503 143700,154.751000,154.775000,154.746000,154.765000,0
20160503 143800,154.768000,154.777000,154.721000,154.722000,0
20160503 143900,154.723000,154.731000,154.700000,154.711000,0
20160503 144000,154.714000,154.721000,154.690000,154.708000,0
20160503 144100,154.711000,154.719000,154.694000,154.719000,0
20160503 144200,154.716000,154.731000,154.704000,154.717000,0
20160503 144300,154.714000,154.717000,154.702000,154.714000,0
20160503 144400,154.717000,154.726000,154.714000,154.726000,0
20160503 144500,154.728000,154.769000,154.728000,154.769000,0
20160503 144600,154.766000,154.819000,154.763000,154.805000,0
20160503 144700,154.804000,154.804000,154.759000,154.759000,0
20160503 144800,154.761000,154.769000,154.725000,154.728000,0
20160503 144900,154.725000,154.727000,154.703000,154.727000,0
20160503 145000,154.729000,154.732000,154.712000,154.732000,0
20160503 145100,154.734000,154.741000,154.699000,154.735000,0
20160503 145200,154.731000,154.755000,154.721000,154.755000,0
20160503 145300,154.755000,154.755000,154.720000,154.742000,0
20160503 145400,154.739000,154.787000,154.736000,154.772000,0
20160503 145500,154.770000,154.804000,154.759000,154.764000,0
20160503 145600,154.770000,154.796000,154.770000,154.784000,0
20160503 145700,154.787000,154.806000,154.786000,154.791000,0
20160503 145800,154.789000,154.794000,154.764000,154.782000,0
20160503 145900,154.784000,154.788000,154.722000,154.739000,0
20160503 150000,154.744000,154.773000,154.739000,154.773000,0
20160503 150100,154.775000,154.803000,154.772000,154.792000,0
20160503 150200,154.789000,154.823000,154.789000,154.800000,0
20160503 150300,154.798000,154.798000,154.765000,154.773000,0
20160503 150400,154.771000,154.771000,154.727000,154.745000,0
20160503 150500,154.752000,154.767000,154.670000,154.689000,0
20160503 150600,154.689000,154.689000,154.672000,154.674000,0
20160503 150700,154.676000,154.704000,154.646000,154.704000,0
20160503 150800,154.701000,154.723000,154.701000,154.703000,0
20160503 150900,154.699000,154.699000,154.693000,154.698000,0
20160503 151000,154.697000,154.728000,154.696000,154.712000,0
20160503 151100,154.711000,154.712000,154.642000,154.642000,0
20160503 151200,154.643000,154.657000,154.624000,154.624000,0
20160503 151300,154.628000,154.657000,154.628000,154.649000,0
20160503 151400,154.647000,154.649000,154.621000,154.632000,0
20160503 151500,154.636000,154.649000,154.633000,154.640000,0
20160503 151600,154.638000,154.646000,154.632000,154.646000,0
20160503 151700,154.642000,154.668000,154.642000,154.664000,0
20160503 151800,154.666000,154.683000,154.666000,154.672000,0
20160503 151900,154.669000,154.669000,154.667000,154.667000,0
20160503 152000,154.670000,154.722000,154.670000,154.722000,0
20160503 152100,154.719000,154.728000,154.712000,154.716000,0
20160503 152200,154.714000,154.732000,154.709000,154.724000,0
20160503 152300,154.720000,154.751000,154.707000,154.725000,0
20160503 152400,154.723000,154.752000,154.720000,154.747000,0
20160503 152500,154.750000,154.767000,154.717000,154.723000,0
20160503 152600,154.720000,154.723000,154.694000,154.694000,0
20160503 152700,154.696000,154.706000,154.694000,154.695000,0
20160503 152800,154.698000,154.748000,154.695000,154.733000,0
20160503 152900,154.735000,154.752000,154.721000,154.730000,0
20160503 153000,154.725000,154.736000,154.704000,154.712000,0
20160503 153100,154.714000,154.714000,154.698000,154.710000,0
20160503 153200,154.707000,154.708000,154.698000,154.702000,0
20160503 153300,154.699000,154.701000,154.672000,154.680000,0
20160503 153400,154.678000,154.696000,154.678000,154.693000,0
20160503 153500,154.690000,154.690000,154.631000,154.655000,0
20160503 153600,154.658000,154.681000,154.655000,154.681000,0
20160503 153700,154.678000,154.707000,154.678000,154.696000,0
20160503 153800,154.694000,154.698000,154.683000,154.683000,0
20160503 153900,154.680000,154.710000,154.680000,154.698000,0
20160503 154000,154.696000,154.712000,154.696000,154.708000,0
20160503 154100,154.710000,154.719000,154.685000,154.719000,0
20160503 154200,154.716000,154.716000,154.694000,154.696000,0
20160503 154300,154.700000,154.737000,154.694000,154.694000,0
20160503 154400,154.698000,154.711000,154.696000,154.711000,0
20160503 154500,154.708000,154.744000,154.697000,154.734000,0
20160503 154600,154.738000,154.764000,154.728000,154.728000,0
20160503 154700,154.724000,154.754000,154.724000,154.751000,0
20160503 154800,154.754000,154.775000,154.746000,154.772000,0
20160503 154900,154.786000,154.803000,154.786000,154.803000,0
20160503 155000,154.807000,154.819000,154.796000,154.799000,0
20160503 155100,154.796000,154.798000,154.788000,154.790000,0
20160503 155200,154.788000,154.788000,154.760000,154.782000,0
20160503 155300,154.778000,154.778000,154.759000,154.766000,0
20160503 155400,154.766000,154.793000,154.763000,154.793000,0
20160503 155500,154.790000,154.809000,154.785000,154.806000,0
20160503 155600,154.803000,154.803000,154.779000,154.781000,0
20160503 155700,154.785000,154.785000,154.761000,154.763000,0
20160503 155800,154.766000,154.776000,154.758000,154.776000,0
20160503 155900,154.778000,154.778000,154.743000,154.743000,0
20160503 160000,154.747000,154.784000,154.747000,154.771000,0
20160503 160100,154.773000,154.773000,154.754000,154.754000,0
20160503 160200,154.755000,154.755000,154.744000,154.747000,0
20160503 160300,154.747000,154.776000,154.747000,154.776000,0
20160503 160400,154.779000,154.788000,154.779000,154.788000,0
20160503 160500,154.791000,154.791000,154.783000,154.784000,0
20160503 160600,154.785000,154.786000,154.771000,154.771000,0
20160503 160700,154.773000,154.774000,154.766000,154.769000,0
20160503 160800,154.767000,154.790000,154.764000,154.790000,0
20160503 160900,154.790000,154.814000,154.790000,154.813000,0
20160503 161000,154.817000,154.817000,154.804000,154.806000,0
20160503 161100,154.809000,154.815000,154.809000,154.815000,0
20160503 161200,154.812000,154.824000,154.812000,154.821000,0
20160503 161300,154.824000,154.845000,154.824000,154.842000,0
20160503 161400,154.840000,154.840000,154.818000,154.818000,0
20160503 161500,154.815000,154.824000,154.815000,154.822000,0
20160503 161600,154.825000,154.831000,154.823000,154.825000,0
20160503 161700,154.828000,154.828000,154.828000,154.828000,0
20160503 161800,154.828000,154.828000,154.821000,154.821000,0
20160503 161900,154.824000,154.827000,154.813000,154.825000,0
20160503 162000,154.822000,154.865000,154.815000,154.865000,0
20160503 162100,154.863000,154.900000,154.845000,154.900000,0
20160503 162200,154.901000,154.905000,154.876000,154.876000,0
20160503 162300,154.873000,154.881000,154.849000,154.853000,0
20160503 162400,154.856000,154.862000,154.856000,154.862000,0
20160503 162500,154.856000,154.856000,154.848000,154.851000,0
20160503 162600,154.849000,154.852000,154.839000,154.842000,0
20160503 162700,154.845000,154.854000,154.842000,154.852000,0
20160503 162800,154.854000,154.861000,154.854000,154.861000,0
20160503 162900,154.860000,154.882000,154.858000,154.875000,0
20160503 163000,154.872000,154.886000,154.857000,154.886000,0
20160503 163100,154.888000,154.897000,154.872000,154.874000,0
20160503 163200,154.876000,154.876000,154.860000,154.870000,0
20160503 163300,154.869000,154.869000,154.855000,154.855000,0
20160503 163400,154.855000,154.855000,154.842000,154.843000,0
20160503 163500,154.843000,154.847000,154.835000,154.847000,0
20160503 163600,154.849000,154.858000,154.849000,154.856000,0
20160503 163700,154.855000,154.865000,154.843000,154.844000,0
20160503 163800,154.841000,154.842000,154.836000,154.842000,0
20160503 163900,154.843000,154.844000,154.829000,154.835000,0
20160503 164000,154.834000,154.848000,154.832000,154.843000,0
20160503 164100,154.845000,154.861000,154.845000,154.861000,0
20160503 164200,154.863000,154.867000,154.861000,154.867000,0
20160503 164300,154.863000,154.866000,154.857000,154.861000,0
20160503 164400,154.858000,154.858000,154.842000,154.845000,0
20160503 164500,154.847000,154.855000,154.844000,154.855000,0
20160503 164600,154.856000,154.862000,154.854000,154.860000,0
20160503 164700,154.858000,154.882000,154.858000,154.880000,0
20160503 164800,154.883000,154.884000,154.883000,154.883000,0
20160503 164900,154.886000,154.943000,154.886000,154.942000,0
20160503 165000,154.944000,155.042000,154.937000,155.034000,0
20160503 165100,155.034000,155.045000,155.015000,155.015000,0
20160503 165200,155.017000,155.059000,155.013000,155.057000,0
20160503 165300,155.057000,155.073000,155.046000,155.053000,0
20160503 165400,155.052000,155.069000,155.045000,155.067000,0
20160503 165500,155.070000,155.078000,155.047000,155.060000,0
20160503 165600,155.060000,155.061000,155.042000,155.042000,0
20160503 165700,155.042000,155.043000,154.991000,155.000000,0
20160503 165800,155.002000,155.021000,154.949000,154.954000,0
20160503 165900,154.950000,154.950000,154.889000,154.894000,0
20160503 170000,154.892000,154.953000,154.890000,154.937000,0
20160503 170100,154.939000,154.996000,154.910000,154.996000,0
20160503 170200,154.999000,155.003000,154.968000,154.971000,0
20160503 170300,154.972000,154.979000,154.972000,154.974000,0
20160503 170400,154.974000,155.020000,154.965000,154.987000,0
20160503 170500,154.989000,154.989000,154.944000,154.944000,0
20160503 170600,154.944000,154.947000,154.931000,154.931000,0
20160503 170700,154.929000,154.939000,154.906000,154.907000,0
20160503 170800,154.910000,154.937000,154.909000,154.915000,0
20160503 170900,154.922000,154.929000,154.914000,154.922000,0
20160503 171000,154.918000,154.955000,154.918000,154.955000,0
20160503 171100,154.955000,154.967000,154.939000,154.948000,0
20160503 171200,154.948000,154.948000,154.943000,154.943000,0
20160503 171300,154.943000,154.970000,154.943000,154.970000,0
20160503 171400,154.970000,154.977000,154.943000,154.952000,0
20160503 171500,154.951000,154.968000,154.927000,154.968000,0
20160503 171600,154.969000,154.992000,154.969000,154.991000,0
20160503 171700,154.991000,154.998000,154.991000,154.995000,0
20160503 171800,154.998000,155.039000,154.998000,155.039000,0
20160503 171900,155.040000,155.107000,155.040000,155.086000,0
20160503 172000,155.091000,155.186000,155.075000,155.167000,0
20160503 172100,155.169000,155.187000,155.156000,155.187000,0
20160503 172200,155.190000,155.199000,155.167000,155.195000,0
20160503 172300,155.197000,155.200000,155.181000,155.185000,0
20160503 172400,155.185000,155.192000,155.172000,155.174000,0
20160503 172500,155.169000,155.175000,155.155000,155.172000,0
20160503 172600,155.172000,155.176000,155.155000,155.161000,0
20160503 172700,155.161000,155.171000,155.151000,155.151000,0
20160503 172800,155.151000,155.215000,155.151000,155.202000,0
20160503 172900,155.201000,155.201000,155.179000,155.179000,0
20160503 173000,155.179000,155.198000,155.179000,155.191000,0
20160503 173100,155.192000,155.194000,155.190000,155.194000,0
20160503 173200,155.193000,155.212000,155.188000,155.212000,0
20160503 173300,155.201000,155.202000,155.195000,155.201000,0
20160503 173400,155.200000,155.206000,155.200000,155.204000,0
20160503 173500,155.200000,155.236000,155.200000,155.236000,0
20160503 173600,155.231000,155.236000,155.189000,155.199000,0
20160503 173700,155.196000,155.228000,155.196000,155.209000,0
20160503 173800,155.206000,156.151000,155.202000,156.149000,0
20160503 173900,156.149000,156.149000,155.702000,155.767000,0
20160503 174000,155.767000,155.768000,155.700000,155.703000,0
20160503 174100,155.705000,155.716000,155.685000,155.701000,0
20160503 174200,155.698000,155.698000,155.683000,155.686000,0
20160503 174300,155.668000,155.671000,155.530000,155.557000,0
20160503 174400,155.558000,155.579000,155.545000,155.579000,0
20160503 174500,155.582000,155.706000,155.582000,155.695000,0
20160503 174600,155.696000,155.696000,155.586000,155.586000,0
20160503 174700,155.586000,155.586000,155.466000,155.466000,0
20160503 174800,155.467000,155.514000,155.452000,155.471000,0
20160503 174900,155.472000,155.496000,155.464000,155.473000,0
20160503 175000,155.473000,155.534000,155.473000,155.517000,0
20160503 175100,155.517000,155.607000,155.517000,155.591000,0
20160503 175200,155.589000,155.610000,155.578000,155.595000,0
20160503 175300,155.591000,155.595000,155.581000,155.589000,0
20160503 175400,155.587000,155.632000,155.565000,155.617000,0
20160503 175500,155.611000,155.645000,155.564000,155.616000,0
20160503 175600,155.631000,155.636000,155.576000,155.576000,0
20160503 175700,155.574000,155.576000,155.494000,155.503000,0
20160503 175800,155.503000,155.522000,155.416000,155.522000,0
20160503 175900,155.531000,155.531000,155.412000,155.414000,0
20160503 180000,155.414000,155.414000,155.278000,155.304000,0
20160503 180100,155.304000,155.304000,155.277000,155.292000,0
20160503 180200,155.285000,155.316000,155.283000,155.316000,0
20160503 180300,155.310000,155.311000,155.290000,155.292000,0
20160503 180400,155.302000,155.315000,155.296000,155.310000,0
20160503 180500,155.312000,155.314000,155.294000,155.294000,0
20160503 180600,155.290000,155.290000,155.283000,155.287000,0
20160503 180700,155.279000,155.302000,155.279000,155.293000,0
20160503 180800,155.297000,155.363000,155.289000,155.350000,0
20160503 180900,155.353000,155.353000,155.318000,155.345000,0
20160503 181000,155.351000,155.359000,155.296000,155.325000,0
20160503 181100,155.330000,155.360000,155.326000,155.335000,0
20160503 181200,155.336000,155.339000,155.316000,155.329000,0
20160503 181300,155.329000,155.362000,155.317000,155.344000,0
20160503 181400,155.339000,155.341000,155.318000,155.319000,0
20160503 181500,155.319000,155.336000,155.305000,155.333000,0
20160503 181600,155.333000,155.337000,155.321000,155.326000,0
20160503 181700,155.326000,155.347000,155.326000,155.347000,0
20160503 181800,155.346000,155.353000,155.338000,155.349000,0
20160503 181900,155.362000,155.381000,155.362000,155.378000,0
20160503 182000,155.378000,155.378000,155.348000,155.366000,0
20160503 182100,155.370000,155.374000,155.340000,155.343000,0
20160503 182200,155.339000,155.348000,155.301000,155.302000,0
20160503 182300,155.298000,155.298000,155.277000,155.280000,0
20160503 182400,155.280000,155.284000,155.269000,155.271000,0
20160503 182500,155.271000,155.279000,155.253000,155.257000,0
20160503 182600,155.256000,155.267000,155.249000,155.251000,0
20160503 182700,155.251000,155.254000,155.208000,155.208000,0
20160503 182800,155.209000,155.216000,155.174000,155.177000,0
20160503 182900,155.175000,155.181000,155.106000,155.127000,0
20160503 183000,155.131000,155.150000,155.118000,155.149000,0
20160503 183100,155.146000,155.199000,155.144000,155.191000,0
20160503 183200,155.192000,155.281000,155.185000,155.268000,0
20160503 183300,155.266000,155.286000,155.225000,155.266000,0
20160503 183400,155.266000,155.288000,155.231000,155.237000,0
20160503 183500,155.237000,155.237000,155.187000,155.192000,0
20160503 183600,155.192000,155.211000,155.187000,155.188000,0
20160503 183700,155.188000,155.225000,155.186000,155.222000,0
20160503 183800,155.220000,155.224000,155.199000,155.211000,0
20160503 183900,155.212000,155.258000,155.212000,155.255000,0
20160503 184000,155.259000,155.259000,155.241000,155.253000,0
20160503 184100,155.251000,155.316000,155.249000,155.303000,0
20160503 184200,155.310000,155.330000,155.289000,155.325000,0
20160503 184300,155.324000,155.345000,155.319000,155.339000,0
20160503 184400,155.339000,155.345000,155.303000,155.317000,0
20160503 184500,155.320000,155.326000,155.297000,155.320000,0
20160503 184600,155.314000,155.327000,155.314000,155.326000,0
20160503 184700,155.322000,155.340000,155.311000,155.333000,0
20160503 184800,155.333000,155.345000,155.331000,155.332000,0
20160503 184900,155.331000,155.344000,155.256000,155.282000,0
20160503 185000,155.281000,155.300000,155.281000,155.283000,0
20160503 185100,155.284000,155.289000,155.256000,155.258000,0
20160503 185200,155.258000,155.275000,155.254000,155.272000,0
20160503 185300,155.271000,155.272000,155.270000,155.270000,0
20160503 185400,155.273000,155.278000,155.271000,155.278000,0
20160503 185500,155.278000,155.300000,155.271000,155.300000,0
20160503 185600,155.307000,155.324000,155.307000,155.321000,0
20160503 185700,155.331000,155.373000,155.331000,155.373000,0
20160503 185800,155.376000,155.407000,155.376000,155.388000,0
20160503 185900,155.394000,155.413000,155.387000,155.396000,0
20160503 190000,155.405000,155.419000,155.339000,155.342000,0
20160503 190100,155.340000,155.340000,155.310000,155.310000,0
20160503 190200,155.307000,155.307000,155.250000,155.260000,0
20160503 190300,155.260000,155.342000,155.253000,155.329000,0
20160503 190400,155.326000,155.376000,155.326000,155.361000,0
20160503 190500,155.366000,155.367000,155.311000,155.311000,0
20160503 190600,155.313000,155.328000,155.312000,155.317000,0
20160503 190700,155.322000,155.340000,155.292000,155.298000,0
20160503 190800,155.292000,155.292000,155.256000,155.266000,0
20160503 190900,155.269000,155.282000,155.269000,155.275000,0
20160503 191000,155.277000,155.286000,155.277000,155.284000,0
20160503 191100,155.283000,155.285000,155.233000,155.234000,0
20160503 191200,155.230000,155.249000,155.210000,155.243000,0
20160503 191300,155.247000,155.255000,155.234000,155.234000,0
20160503 191400,155.231000,155.231000,155.192000,155.193000,0
20160503 191500,155.192000,155.212000,155.192000,155.200000,0
20160503 191600,155.202000,155.206000,155.186000,155.187000,0
20160503 191700,155.185000,155.185000,155.158000,155.174000,0
20160503 191800,155.174000,155.196000,155.174000,155.180000,0
20160503 191900,155.178000,155.201000,155.178000,155.198000,0
20160503 192000,155.204000,155.230000,155.204000,155.230000,0
20160503 192100,155.234000,155.234000,155.230000,155.230000,0
20160503 192200,155.226000,155.226000,155.168000,155.170000,0
20160503 192300,155.172000,155.179000,155.161000,155.177000,0
20160503 192400,155.182000,155.198000,155.178000,155.198000,0
20160503 192500,155.196000,155.199000,155.187000,155.187000,0
20160503 192600,155.189000,155.204000,155.160000,155.166000,0
20160503 192700,155.169000,155.175000,155.168000,155.170000,0
20160503 192800,155.167000,155.167000,155.167000,155.167000,0
20160503 192900,155.165000,155.169000,155.162000,155.162000,0
20160503 193000,155.162000,155.179000,155.157000,155.175000,0
20160503 193100,155.167000,155.171000,155.165000,155.166000,0
20160503 193200,155.165000,155.171000,155.163000,155.169000,0
20160503 193300,155.165000,155.167000,155.066000,155.094000,0
20160503 193400,155.094000,155.137000,155.077000,155.080000,0
20160503 193500,155.086000,155.131000,155.086000,155.102000,0
20160503 193600,155.100000,155.105000,155.098000,155.100000,0
20160503 193700,155.103000,155.119000,155.084000,155.084000,0
20160503 193800,155.086000,155.124000,155.086000,155.104000,0
20160503 193900,155.107000,155.129000,155.107000,155.125000,0
20160503 194000,155.125000,155.208000,155.125000,155.208000,0
20160503 194100,155.206000,155.232000,155.196000,155.200000,0
20160503 194200,155.198000,155.206000,155.198000,155.204000,0
20160503 194300,155.201000,155.201000,155.092000,155.094000,0
20160503 194400,155.094000,155.120000,155.075000,155.075000,0
20160503 194500,155.074000,155.149000,155.063000,155.148000,0
20160503 194600,155.157000,155.231000,155.157000,155.194000,0
20160503 194700,155.192000,155.202000,155.151000,155.173000,0
20160503 194800,155.175000,155.190000,155.168000,155.187000,0
20160503 194900,155.193000,155.203000,155.133000,155.154000,0
20160503 195000,155.154000,155.154000,155.136000,155.151000,0
20160503 195100,155.148000,155.184000,155.148000,155.184000,0
20160503 195200,155.187000,155.243000,155.181000,155.239000,0
20160503 195300,155.239000,155.239000,155.134000,155.139000,0
20160503 195400,155.139000,155.213000,155.137000,155.171000,0
20160503 195500,155.174000,155.180000,155.152000,155.173000,0
20160503 195600,155.168000,155.176000,155.124000,155.144000,0
20160503 195700,155.142000,155.196000,155.142000,155.196000,0
20160503 195800,155.196000,155.211000,155.183000,155.186000,0
20160503 195900,155.187000,155.191000,155.141000,155.173000,0
20160503 200000,155.169000,155.221000,155.160000,155.167000,0
20160503 200100,155.170000,155.173000,155.064000,155.094000,0
20160503 200200,155.098000,155.136000,155.069000,155.129000,0
20160503 200300,155.126000,155.129000,155.106000,155.129000,0
20160503 200400,155.127000,155.127000,155.107000,155.120000,0
20160503 200500,155.117000,155.117000,155.078000,155.096000,0
20160503 200600,155.099000,155.108000,155.078000,155.108000,0
20160503 200700,155.118000,155.130000,155.118000,155.126000,0
20160503 200800,155.130000,155.142000,155.098000,155.101000,0
20160503 200900,155.102000,155.127000,155.096000,155.099000,0
20160503 201000,155.096000,155.116000,155.045000,155.045000,0
20160503 201100,155.045000,155.069000,155.040000,155.046000,0
20160503 201200,155.042000,155.054000,155.017000,155.020000,0
20160503 201300,155.016000,155.057000,155.016000,155.051000,0
20160503 201400,155.049000,155.053000,155.032000,155.051000,0
20160503 201500,155.048000,155.068000,155.048000,155.062000,0
20160503 201600,155.065000,155.083000,155.050000,155.050000,0
20160503 201700,155.053000,155.053000,155.015000,155.018000,0
20160503 201800,155.021000,155.032000,154.993000,154.996000,0
20160503 201900,154.993000,155.017000,154.988000,155.008000,0
20160503 202000,155.010000,155.020000,154.972000,155.020000,0
20160503 202100,155.017000,155.035000,155.001000,155.035000,0
20160503 202200,155.035000,155.035000,154.992000,155.000000,0
20160503 202300,155.000000,155.007000,154.949000,154.954000,0
20160503 202400,154.960000,155.027000,154.960000,155.003000,0
20160503 202500,154.998000,155.004000,154.972000,154.993000,0
20160503 202600,154.993000,155.023000,154.993000,155.014000,0
20160503 202700,155.019000,155.031000,155.009000,155.031000,0
20160503 202800,155.031000,155.031000,154.997000,154.999000,0
20160503 202900,155.000000,155.008000,155.000000,155.004000,0
20160503 203000,155.007000,155.034000,155.004000,155.029000,0
20160503 203100,155.033000,155.100000,155.033000,155.087000,0
20160503 203200,155.089000,155.113000,155.066000,155.095000,0
20160503 203300,155.092000,155.109000,155.070000,155.070000,0
20160503 203400,155.069000,155.084000,155.065000,155.068000,0
20160503 203500,155.071000,155.098000,155.056000,155.094000,0
20160503 203600,155.090000,155.090000,155.078000,155.086000,0
20160503 203700,155.090000,155.119000,155.087000,155.087000,0
20160503 203800,155.085000,155.085000,155.072000,155.084000,0
20160503 203900,155.089000,155.106000,155.088000,155.090000,0
20160503 204000,155.091000,155.114000,155.091000,155.111000,0
20160503 204100,155.112000,155.112000,155.099000,155.105000,0
20160503 204200,155.107000,155.133000,155.107000,155.121000,0
20160503 204300,155.123000,155.123000,155.108000,155.111000,0
20160503 204400,155.114000,155.114000,155.076000,155.079000,0
20160503 204500,155.079000,155.096000,155.047000,155.048000,0
20160503 204600,155.043000,155.073000,155.043000,155.053000,0
20160503 204700,155.056000,155.069000,155.056000,155.060000,0
20160503 204800,155.058000,155.071000,155.046000,155.069000,0
20160503 204900,155.072000,155.076000,155.027000,155.040000,0
20160503 205000,155.045000,155.051000,155.019000,155.049000,0
20160503 205100,155.052000,155.063000,155.052000,155.058000,0
20160503 205200,155.059000,155.059000,154.998000,154.998000,0
20160503 205300,155.003000,155.020000,154.995000,155.003000,0
20160503 205400,155.000000,155.016000,154.987000,155.013000,0
20160503 205500,155.015000,155.050000,155.001000,155.032000,0
20160503 205600,155.030000,155.033000,155.023000,155.027000,0
20160503 205700,155.030000,155.038000,155.022000,155.029000,0
20160503 205800,155.032000,155.033000,155.021000,155.031000,0
20160503 205900,155.027000,155.058000,155.027000,155.058000,0
20160503 210000,155.055000,155.062000,155.040000,155.055000,0
20160503 210100,155.057000,155.072000,155.052000,155.058000,0
20160503 210200,155.055000,155.069000,155.037000,155.044000,0
20160503 210300,155.040000,155.046000,155.029000,155.046000,0
20160503 210400,155.048000,155.072000,155.042000,155.068000,0
20160503 210500,155.065000,155.070000,155.062000,155.065000,0
20160503 210600,155.069000,155.069000,155.057000,155.057000,0
20160503 210700,155.059000,155.059000,155.059000,155.059000,0
20160503 210800,155.065000,155.077000,155.065000,155.071000,0
20160503 210900,155.074000,155.083000,155.064000,155.081000,0
20160503 211000,155.080000,155.085000,155.044000,155.053000,0
20160503 211100,155.056000,155.077000,155.056000,155.069000,0
20160503 211200,155.071000,155.100000,155.066000,155.100000,0
20160503 211300,155.100000,155.134000,155.093000,155.131000,0
20160503 211400,155.134000,155.169000,155.134000,155.169000,0
20160503 211500,155.172000,155.195000,155.167000,155.178000,0
20160503 211600,155.181000,155.196000,155.179000,155.196000,0
20160503 211700,155.192000,155.213000,155.190000,155.190000,0
20160503 211800,155.193000,155.203000,155.156000,155.160000,0
20160503 211900,155.158000,155.160000,155.140000,155.149000,0
20160503 212000,155.152000,155.179000,155.148000,155.179000,0
20160503 212100,155.177000,155.196000,155.167000,155.185000,0
20160503 212200,155.189000,155.483000,155.189000,155.425000,0
20160503 212300,155.422000,155.427000,155.305000,155.339000,0
20160503 212400,155.342000,155.365000,155.297000,155.309000,0
20160503 212500,155.307000,155.307000,155.227000,155.264000,0
20160503 212600,155.271000,155.319000,155.257000,155.312000,0
20160503 212700,155.307000,155.327000,155.279000,155.297000,0
20160503 212800,155.302000,155.369000,155.272000,155.347000,0
20160503 212900,155.344000,155.476000,155.312000,155.464000,0
20160503 213000,155.467000,155.517000,155.442000,155.491000,0
20160503 213100,155.496000,155.507000,155.427000,155.435000,0
20160503 213200,155.447000,155.481000,155.419000,155.425000,0
20160503 213300,155.423000,155.482000,155.420000,155.440000,0
20160503 213400,155.438000,155.547000,155.434000,155.534000,0
20160503 213500,155.534000,155.548000,155.495000,155.508000,0
20160503 213600,155.511000,155.603000,155.510000,155.589000,0
20160503 213700,155.600000,155.650000,155.549000,155.646000,0
20160503 213800,155.642000,155.642000,155.590000,155.609000,0
20160503 213900,155.605000,155.614000,155.555000,155.557000,0
20160503 214000,155.559000,155.565000,155.523000,155.529000,0
20160503 214100,155.528000,155.561000,155.527000,155.540000,0
20160503 214200,155.537000,155.542000,155.511000,155.518000,0
20160503 214300,155.521000,155.539000,155.519000,155.523000,0
20160503 214400,155.520000,155.520000,155.475000,155.489000,0
20160503 214500,155.487000,155.542000,155.484000,155.513000,0
20160503 214600,155.511000,155.518000,155.501000,155.502000,0
20160503 214700,155.494000,155.494000,155.454000,155.472000,0
20160503 214800,155.479000,155.513000,155.479000,155.510000,0
20160503 214900,155.508000,155.508000,155.479000,155.486000,0
20160503 215000,155.488000,155.510000,155.487000,155.490000,0
20160503 215100,155.494000,155.521000,155.493000,155.518000,0
20160503 215200,155.522000,155.565000,155.517000,155.565000,0
20160503 215300,155.567000,155.567000,155.521000,155.537000,0
20160503 215400,155.540000,155.558000,155.486000,155.486000,0
20160503 215500,155.484000,155.524000,155.471000,155.513000,0
20160503 215600,155.515000,155.515000,155.476000,155.499000,0
20160503 215700,155.502000,155.541000,155.497000,155.533000,0
20160503 215800,155.535000,155.570000,155.535000,155.539000,0
20160503 215900,155.537000,155.668000,155.516000,155.666000,0
20160503 220000,155.662000,155.664000,155.611000,155.611000,0
20160503 220100,155.611000,155.724000,155.611000,155.701000,0
20160503 220200,155.704000,155.754000,155.690000,155.741000,0
20160503 220300,155.741000,155.768000,155.721000,155.740000,0
20160503 220400,155.743000,155.744000,155.706000,155.706000,0
20160503 220500,155.704000,155.733000,155.697000,155.725000,0
20160503 220600,155.728000,155.728000,155.665000,155.715000,0
20160503 220700,155.707000,155.729000,155.646000,155.729000,0
20160503 220800,155.726000,155.746000,155.698000,155.701000,0
20160503 220900,155.698000,155.698000,155.656000,155.688000,0
20160503 221000,155.685000,155.690000,155.645000,155.682000,0
20160503 221100,155.677000,155.694000,155.617000,155.681000,0
20160503 221200,155.683000,155.693000,155.668000,155.687000,0
20160503 221300,155.685000,155.692000,155.641000,155.655000,0
20160503 221400,155.659000,155.663000,155.631000,155.638000,0
20160503 221500,155.642000,155.653000,155.631000,155.643000,0
20160503 221600,155.640000,155.640000,155.614000,155.618000,0
20160503 221700,155.620000,155.626000,155.616000,155.621000,0
20160503 221800,155.624000,155.679000,155.624000,155.664000,0
20160503 221900,155.661000,155.661000,155.613000,155.614000,0
20160503 222000,155.611000,155.630000,155.610000,155.624000,0
20160503 222100,155.624000,155.625000,155.572000,155.580000,0
20160503 222200,155.580000,155.610000,155.575000,155.575000,0
20160503 222300,155.573000,155.573000,155.549000,155.552000,0
20160503 222400,155.553000,155.585000,155.551000,155.556000,0
20160503 222500,155.555000,155.555000,155.534000,155.550000,0
20160503 222600,155.539000,155.539000,155.520000,155.530000,0
20160503 222700,155.527000,155.554000,155.519000,155.553000,0
20160503 222800,155.553000,155.553000,155.517000,155.518000,0
20160503 222900,155.519000,155.527000,155.492000,155.492000,0
20160503 223000,155.489000,155.513000,155.486000,155.498000,0
20160503 223100,155.502000,155.532000,155.499000,155.523000,0
20160503 223200,155.526000,155.540000,155.513000,155.514000,0
20160503 223300,155.513000,155.523000,155.506000,155.510000,0
20160503 223400,155.507000,155.507000,155.468000,155.482000,0
20160503 223500,155.484000,155.521000,155.484000,155.521000,0
20160503 223600,155.524000,155.545000,155.524000,155.541000,0
20160503 223700,155.542000,155.556000,155.531000,155.556000,0
20160503 223800,155.555000,155.559000,155.551000,155.551000,0
20160503 223900,155.555000,155.563000,155.529000,155.535000,0
20160503 224000,155.537000,155.580000,155.537000,155.561000,0
20160503 224100,155.564000,155.581000,155.562000,155.569000,0
20160503 224200,155.575000,155.576000,155.544000,155.547000,0
20160503 224300,155.550000,155.605000,155.550000,155.561000,0
20160503 224400,155.563000,155.566000,155.538000,155.564000,0
20160503 224500,155.561000,155.564000,155.554000,155.559000,0
20160503 224600,155.554000,155.562000,155.523000,155.539000,0
20160503 224700,155.535000,155.535000,155.496000,155.496000,0
20160503 224800,155.499000,155.510000,155.487000,155.489000,0
20160503 224900,155.486000,155.506000,155.479000,155.502000,0
20160503 225000,155.506000,155.525000,155.494000,155.522000,0
20160503 225100,155.525000,155.535000,155.518000,155.533000,0
20160503 225200,155.531000,155.531000,155.495000,155.508000,0
20160503 225300,155.511000,155.551000,155.503000,155.551000,0
20160503 225400,155.548000,155.548000,155.539000,155.547000,0
20160503 225500,155.545000,155.555000,155.545000,155.552000,0
20160503 225600,155.554000,155.554000,155.546000,155.547000,0
20160503 225700,155.551000,155.560000,155.547000,155.550000,0
20160503 225800,155.547000,155.582000,155.537000,155.579000,0
20160503 225900,155.580000,155.581000,155.536000,155.539000,0
20160503 230000,155.543000,155.551000,155.519000,155.521000,0
20160503 230100,155.524000,155.539000,155.522000,155.539000,0
20160503 230200,155.546000,155.555000,155.527000,155.532000,0
20160503 230300,155.528000,155.537000,155.527000,155.537000,0
20160503 230400,155.540000,155.546000,155.523000,155.537000,0
20160503 230500,155.529000,155.539000,155.515000,155.525000,0
20160503 230600,155.522000,155.544000,155.519000,155.526000,0
20160503 230700,155.530000,155.557000,155.526000,155.527000,0
20160503 230800,155.521000,155.537000,155.518000,155.537000,0
20160503 230900,155.541000,155.574000,155.541000,155.574000,0
20160503 231000,155.579000,155.583000,155.562000,155.565000,0
20160503 231100,155.567000,155.580000,155.561000,155.571000,0
20160503 231200,155.574000,155.588000,155.570000,155.575000,0
20160503 231300,155.578000,155.578000,155.560000,155.562000,0
20160503 231400,155.559000,155.563000,155.540000,155.541000,0
20160503 231500,155.541000,155.555000,155.541000,155.552000,0
20160503 231600,155.549000,155.571000,155.537000,155.544000,0
20160503 231700,155.548000,155.565000,155.547000,155.563000,0
20160503 231800,155.560000,155.560000,155.558000,155.559000,0
20160503 231900,155.562000,155.573000,155.562000,155.570000,0
20160503 232000,155.570000,155.594000,155.570000,155.594000,0
20160503 232100,155.597000,155.602000,155.570000,155.570000,0
20160503 232200,155.572000,155.576000,155.560000,155.560000,0
20160503 232300,155.558000,155.578000,155.558000,155.578000,0
20160503 232400,155.580000,155.601000,155.580000,155.582000,0
20160503 232500,155.584000,155.630000,155.584000,155.616000,0
20160503 232600,155.619000,155.634000,155.619000,155.632000,0
20160503 232700,155.635000,155.641000,155.619000,155.619000,0
20160503 232800,155.621000,155.632000,155.619000,155.626000,0
20160503 232900,155.629000,155.633000,155.606000,155.613000,0
20160503 233000,155.610000,155.643000,155.610000,155.638000,0
20160503 233100,155.636000,155.662000,155.636000,155.657000,0
20160503 233200,155.670000,155.670000,155.652000,155.665000,0
20160503 233300,155.661000,155.675000,155.661000,155.672000,0
20160503 233400,155.669000,155.702000,155.666000,155.679000,0
20160503 233500,155.677000,155.700000,155.658000,155.700000,0
20160503 233600,155.703000,155.721000,155.691000,155.715000,0
20160503 233700,155.705000,155.705000,155.689000,155.696000,0
20160503 233800,155.694000,155.704000,155.690000,155.698000,0
20160503 233900,155.695000,155.719000,155.695000,155.695000,0
20160503 234000,155.692000,155.711000,155.692000,155.711000,0
20160503 234100,155.714000,155.789000,155.714000,155.789000,0
20160503 234200,155.789000,155.791000,155.737000,155.779000,0
20160503 234300,155.776000,155.777000,155.760000,155.762000,0
20160503 234400,155.759000,155.818000,155.755000,155.818000,0
20160503 234500,155.821000,155.867000,155.821000,155.867000,0
20160503 234600,155.864000,155.868000,155.828000,155.848000,0
20160503 234700,155.850000,155.851000,155.828000,155.828000,0
20160503 234800,155.827000,155.827000,155.798000,155.800000,0
20160503 234900,155.801000,155.832000,155.799000,155.827000,0
20160503 235000,155.829000,155.867000,155.829000,155.856000,0
20160503 235100,155.857000,155.882000,155.849000,155.882000,0
20160503 235200,155.878000,155.903000,155.871000,155.886000,0
20160503 235300,155.879000,155.879000,155.863000,155.863000,0
20160503 235400,155.863000,155.863000,155.842000,155.845000,0
20160503 235500,155.849000,155.849000,155.794000,155.794000,0
20160503 235600,155.792000,155.801000,155.783000,155.787000,0
20160503 235700,155.789000,155.833000,155.789000,155.833000,0
20160503 235800,155.835000,155.843000,155.817000,155.843000,0
20160503 235900,155.844000,155.846000,155.838000,155.838000,0
