20111229 000000,77.751000,77.754000,77.747000,77.747000,0
20111229 000100,77.748000,77.748000,77.745000,77.746000,0
20111229 000200,77.745000,77.751000,77.745000,77.745000,0
20111229 000300,77.746000,77.746000,77.744000,77.744000,0
20111229 000400,77.745000,77.746000,77.738000,77.739000,0
20111229 000500,77.738000,77.749000,77.738000,77.741000,0
20111229 000600,77.742000,77.744000,77.739000,77.739000,0
20111229 000700,77.738000,77.738000,77.737000,77.737000,0
20111229 000800,77.736000,77.741000,77.736000,77.738000,0
20111229 000900,77.740000,77.741000,77.739000,77.739000,0
20111229 001000,77.740000,77.740000,77.739000,77.739000,0
20111229 001100,77.737000,77.742000,77.737000,77.738000,0
20111229 001200,77.739000,77.756000,77.739000,77.755000,0
20111229 001300,77.754000,77.754000,77.751000,77.752000,0
20111229 001400,77.753000,77.754000,77.753000,77.754000,0
20111229 001500,77.753000,77.753000,77.751000,77.753000,0
20111229 001600,77.748000,77.748000,77.747000,77.748000,0
20111229 001800,77.747000,77.748000,77.747000,77.748000,0
20111229 002000,77.750000,77.753000,77.750000,77.752000,0
20111229 002100,77.751000,77.751000,77.751000,77.751000,0
20111229 002200,77.752000,77.753000,77.748000,77.748000,0
20111229 002300,77.749000,77.749000,77.747000,77.747000,0
20111229 002400,77.748000,77.748000,77.746000,77.748000,0
20111229 002600,77.749000,77.750000,77.749000,77.750000,0
20111229 002700,77.752000,77.757000,77.748000,77.753000,0
20111229 002800,77.754000,77.754000,77.749000,77.751000,0
20111229 002900,77.749000,77.750000,77.747000,77.747000,0
20111229 003000,77.748000,77.753000,77.748000,77.752000,0
20111229 003100,77.751000,77.761000,77.751000,77.759000,0
20111229 003200,77.758000,77.773000,77.758000,77.768000,0
20111229 003300,77.767000,77.767000,77.756000,77.767000,0
20111229 003400,77.768000,77.769000,77.766000,77.767000,0
20111229 003500,77.766000,77.770000,77.766000,77.766000,0
20111229 003600,77.765000,77.770000,77.761000,77.767000,0
20111229 003700,77.769000,77.771000,77.764000,77.764000,0
20111229 003800,77.766000,77.767000,77.759000,77.759000,0
20111229 003900,77.758000,77.762000,77.758000,77.759000,0
20111229 004000,77.760000,77.762000,77.758000,77.760000,0
20111229 004100,77.761000,77.761000,77.758000,77.758000,0
20111229 004200,77.757000,77.757000,77.752000,77.755000,0
20111229 004300,77.753000,77.754000,77.750000,77.753000,0
20111229 004400,77.754000,77.754000,77.751000,77.753000,0
20111229 004500,77.752000,77.752000,77.752000,77.752000,0
20111229 004600,77.751000,77.751000,77.750000,77.750000,0
20111229 004700,77.751000,77.752000,77.751000,77.752000,0
20111229 004800,77.753000,77.753000,77.752000,77.752000,0
20111229 004900,77.753000,77.754000,77.753000,77.753000,0
20111229 005000,77.752000,77.755000,77.752000,77.754000,0
20111229 005100,77.755000,77.758000,77.755000,77.758000,0
20111229 005200,77.759000,77.759000,77.758000,77.759000,0
20111229 005300,77.758000,77.762000,77.758000,77.761000,0
20111229 005400,77.762000,77.764000,77.762000,77.764000,0
20111229 005500,77.765000,77.767000,77.763000,77.766000,0
20111229 005600,77.768000,77.768000,77.766000,77.766000,0
20111229 005700,77.765000,77.765000,77.764000,77.765000,0
20111229 005800,77.764000,77.765000,77.753000,77.760000,0
20111229 005900,77.762000,77.762000,77.748000,77.749000,0
20111229 010000,77.750000,77.754000,77.748000,77.753000,0
20111229 010100,77.752000,77.757000,77.752000,77.757000,0
20111229 010200,77.759000,77.759000,77.754000,77.754000,0
20111229 010300,77.759000,77.766000,77.748000,77.753000,0
20111229 010400,77.749000,77.750000,77.745000,77.749000,0
20111229 010500,77.750000,77.752000,77.735000,77.743000,0
20111229 010600,77.742000,77.742000,77.695000,77.722000,0
20111229 010700,77.712000,77.734000,77.706000,77.725000,0
20111229 010800,77.729000,77.729000,77.715000,77.721000,0
20111229 010900,77.722000,77.725000,77.718000,77.719000,0
20111229 011000,77.718000,77.718000,77.718000,77.718000,0
20111229 011100,77.721000,77.723000,77.716000,77.716000,0
20111229 011200,77.717000,77.721000,77.717000,77.720000,0
20111229 011300,77.721000,77.728000,77.718000,77.723000,0
20111229 011400,77.724000,77.728000,77.717000,77.717000,0
20111229 011500,77.718000,77.718000,77.701000,77.708000,0
20111229 011600,77.707000,77.707000,77.694000,77.699000,0
20111229 011700,77.702000,77.702000,77.689000,77.697000,0
20111229 011800,77.696000,77.710000,77.696000,77.704000,0
20111229 011900,77.703000,77.703000,77.702000,77.703000,0
20111229 012000,77.702000,77.706000,77.697000,77.698000,0
20111229 012100,77.699000,77.705000,77.698000,77.700000,0
20111229 012200,77.701000,77.704000,77.701000,77.703000,0
20111229 012300,77.704000,77.704000,77.703000,77.704000,0
20111229 012400,77.705000,77.708000,77.704000,77.708000,0
20111229 012500,77.711000,77.711000,77.698000,77.703000,0
20111229 012600,77.702000,77.707000,77.700000,77.703000,0
20111229 012700,77.700000,77.703000,77.698000,77.702000,0
20111229 012800,77.703000,77.703000,77.685000,77.688000,0
20111229 012900,77.690000,77.692000,77.689000,77.692000,0
20111229 013000,77.684000,77.710000,77.683000,77.710000,0
20111229 013100,77.709000,77.715000,77.709000,77.713000,0
20111229 013200,77.714000,77.724000,77.712000,77.722000,0
20111229 013300,77.721000,77.725000,77.720000,77.725000,0
20111229 013400,77.723000,77.723000,77.720000,77.720000,0
20111229 013500,77.718000,77.729000,77.716000,77.728000,0
20111229 013600,77.727000,77.728000,77.727000,77.728000,0
20111229 013700,77.729000,77.736000,77.729000,77.735000,0
20111229 013800,77.734000,77.760000,77.734000,77.752000,0
20111229 013900,77.751000,77.752000,77.746000,77.746000,0
20111229 014000,77.745000,77.747000,77.744000,77.746000,0
20111229 014100,77.747000,77.756000,77.747000,77.750000,0
20111229 014200,77.749000,77.749000,77.745000,77.745000,0
20111229 014300,77.744000,77.745000,77.743000,77.743000,0
20111229 014400,77.744000,77.750000,77.744000,77.749000,0
20111229 014500,77.750000,77.750000,77.750000,77.750000,0
20111229 014700,77.749000,77.756000,77.749000,77.751000,0
20111229 014800,77.750000,77.751000,77.750000,77.751000,0
20111229 014900,77.750000,77.750000,77.744000,77.744000,0
20111229 015000,77.745000,77.745000,77.731000,77.735000,0
20111229 015100,77.734000,77.734000,77.722000,77.726000,0
20111229 015200,77.725000,77.731000,77.723000,77.727000,0
20111229 015300,77.729000,77.731000,77.727000,77.729000,0
20111229 015400,77.728000,77.728000,77.722000,77.725000,0
20111229 015500,77.726000,77.727000,77.716000,77.719000,0
20111229 015600,77.720000,77.725000,77.719000,77.721000,0
20111229 015700,77.723000,77.726000,77.719000,77.722000,0
20111229 015800,77.721000,77.726000,77.717000,77.717000,0
20111229 015900,77.719000,77.720000,77.714000,77.716000,0
20111229 020000,77.715000,77.715000,77.703000,77.703000,0
20111229 020100,77.702000,77.707000,77.702000,77.704000,0
20111229 020200,77.705000,77.705000,77.695000,77.700000,0
20111229 020300,77.701000,77.708000,77.697000,77.706000,0
20111229 020400,77.705000,77.707000,77.704000,77.706000,0
20111229 020500,77.700000,77.713000,77.698000,77.713000,0
20111229 020600,77.711000,77.714000,77.706000,77.713000,0
20111229 020700,77.714000,77.715000,77.705000,77.709000,0
20111229 020800,77.710000,77.711000,77.708000,77.709000,0
20111229 020900,77.711000,77.711000,77.708000,77.709000,0
20111229 021000,77.708000,77.708000,77.701000,77.702000,0
20111229 021100,77.698000,77.699000,77.695000,77.695000,0
20111229 021200,77.696000,77.702000,77.696000,77.701000,0
20111229 021300,77.702000,77.704000,77.698000,77.698000,0
20111229 021400,77.699000,77.699000,77.696000,77.698000,0
20111229 021500,77.694000,77.699000,77.694000,77.697000,0
20111229 021600,77.698000,77.699000,77.692000,77.699000,0
20111229 021700,77.698000,77.699000,77.694000,77.698000,0
20111229 021800,77.697000,77.698000,77.694000,77.697000,0
20111229 021900,77.696000,77.707000,77.693000,77.703000,0
20111229 022000,77.705000,77.705000,77.699000,77.699000,0
20111229 022100,77.701000,77.702000,77.697000,77.700000,0
20111229 022200,77.699000,77.699000,77.696000,77.697000,0
20111229 022300,77.694000,77.699000,77.692000,77.699000,0
20111229 022400,77.702000,77.713000,77.702000,77.711000,0
20111229 022500,77.710000,77.710000,77.703000,77.703000,0
20111229 022600,77.704000,77.706000,77.701000,77.706000,0
20111229 022700,77.704000,77.712000,77.703000,77.711000,0
20111229 022800,77.710000,77.710000,77.697000,77.698000,0
20111229 022900,77.697000,77.702000,77.697000,77.698000,0
20111229 023000,77.699000,77.701000,77.695000,77.697000,0
20111229 023100,77.698000,77.699000,77.686000,77.692000,0
20111229 023200,77.688000,77.692000,77.682000,77.683000,0
20111229 023300,77.682000,77.687000,77.682000,77.685000,0
20111229 023400,77.684000,77.684000,77.676000,77.682000,0
20111229 023500,77.683000,77.690000,77.682000,77.687000,0
20111229 023600,77.691000,77.691000,77.688000,77.688000,0
20111229 023700,77.687000,77.687000,77.684000,77.684000,0
20111229 023800,77.685000,77.690000,77.685000,77.689000,0
20111229 023900,77.686000,77.688000,77.682000,77.686000,0
20111229 024000,77.687000,77.690000,77.684000,77.684000,0
20111229 024100,77.685000,77.685000,77.683000,77.685000,0
20111229 024200,77.684000,77.684000,77.684000,77.684000,0
20111229 024300,77.683000,77.690000,77.683000,77.689000,0
20111229 024400,77.687000,77.693000,77.687000,77.689000,0
20111229 024500,77.691000,77.691000,77.688000,77.688000,0
20111229 024600,77.689000,77.691000,77.688000,77.689000,0
20111229 024700,77.688000,77.689000,77.667000,77.669000,0
20111229 024800,77.670000,77.678000,77.669000,77.678000,0
20111229 024900,77.679000,77.687000,77.674000,77.675000,0
20111229 025000,77.676000,77.679000,77.676000,77.679000,0
20111229 025100,77.678000,77.686000,77.678000,77.680000,0
20111229 025200,77.678000,77.682000,77.673000,77.681000,0
20111229 025300,77.682000,77.685000,77.679000,77.683000,0
20111229 025400,77.684000,77.685000,77.683000,77.683000,0
20111229 025500,77.682000,77.684000,77.678000,77.683000,0
20111229 025600,77.688000,77.697000,77.687000,77.697000,0
20111229 025700,77.698000,77.699000,77.698000,77.699000,0
20111229 025800,77.700000,77.702000,77.699000,77.700000,0
20111229 025900,77.698000,77.700000,77.697000,77.697000,0
20111229 030000,77.698000,77.702000,77.697000,77.699000,0
20111229 030100,77.698000,77.698000,77.695000,77.696000,0
20111229 030200,77.693000,77.693000,77.682000,77.684000,0
20111229 030300,77.683000,77.686000,77.682000,77.685000,0
20111229 030400,77.683000,77.692000,77.683000,77.689000,0
20111229 030500,77.685000,77.688000,77.684000,77.686000,0
20111229 030600,77.687000,77.688000,77.684000,77.686000,0
20111229 030700,77.687000,77.692000,77.686000,77.691000,0
20111229 030800,77.694000,77.698000,77.694000,77.697000,0
20111229 030900,77.696000,77.697000,77.692000,77.693000,0
20111229 031000,77.694000,77.695000,77.690000,77.693000,0
20111229 031100,77.694000,77.696000,77.690000,77.693000,0
20111229 031200,77.694000,77.695000,77.691000,77.693000,0
20111229 031300,77.692000,77.698000,77.691000,77.696000,0
20111229 031400,77.695000,77.700000,77.693000,77.698000,0
20111229 031500,77.697000,77.697000,77.694000,77.695000,0
20111229 031600,77.696000,77.710000,77.695000,77.699000,0
20111229 031700,77.698000,77.698000,77.694000,77.697000,0
20111229 031800,77.696000,77.699000,77.695000,77.697000,0
20111229 031900,77.698000,77.699000,77.695000,77.698000,0
20111229 032000,77.700000,77.703000,77.700000,77.701000,0
20111229 032100,77.702000,77.702000,77.691000,77.695000,0
20111229 032200,77.696000,77.699000,77.693000,77.697000,0
20111229 032300,77.696000,77.697000,77.696000,77.696000,0
20111229 032400,77.698000,77.699000,77.697000,77.697000,0
20111229 032500,77.696000,77.697000,77.694000,77.695000,0
20111229 032600,77.696000,77.697000,77.696000,77.696000,0
20111229 032700,77.697000,77.698000,77.697000,77.697000,0
20111229 032800,77.696000,77.697000,77.696000,77.697000,0
20111229 032900,77.698000,77.698000,77.697000,77.698000,0
20111229 033000,77.699000,77.699000,77.693000,77.698000,0
20111229 033100,77.696000,77.700000,77.696000,77.698000,0
20111229 033200,77.700000,77.707000,77.699000,77.705000,0
20111229 033300,77.706000,77.707000,77.704000,77.707000,0
20111229 033400,77.704000,77.707000,77.703000,77.703000,0
20111229 033500,77.702000,77.702000,77.696000,77.696000,0
20111229 033600,77.697000,77.702000,77.697000,77.701000,0
20111229 033700,77.702000,77.708000,77.702000,77.702000,0
20111229 033900,77.704000,77.709000,77.704000,77.709000,0
20111229 034000,77.710000,77.719000,77.710000,77.718000,0
20111229 034100,77.719000,77.727000,77.719000,77.724000,0
20111229 034200,77.723000,77.726000,77.716000,77.720000,0
20111229 034300,77.718000,77.721000,77.717000,77.717000,0
20111229 034400,77.718000,77.721000,77.699000,77.699000,0
20111229 034500,77.698000,77.700000,77.697000,77.699000,0
20111229 034600,77.700000,77.702000,77.700000,77.702000,0
20111229 034700,77.701000,77.702000,77.699000,77.699000,0
20111229 034800,77.698000,77.699000,77.695000,77.698000,0
20111229 034900,77.697000,77.699000,77.695000,77.699000,0
20111229 035000,77.698000,77.700000,77.698000,77.700000,0
20111229 035100,77.702000,77.704000,77.702000,77.702000,0
20111229 035200,77.704000,77.704000,77.701000,77.701000,0
20111229 035300,77.702000,77.705000,77.702000,77.703000,0
20111229 035400,77.702000,77.703000,77.685000,77.685000,0
20111229 035500,77.688000,77.697000,77.685000,77.697000,0
20111229 035600,77.695000,77.696000,77.695000,77.696000,0
20111229 035700,77.697000,77.697000,77.690000,77.694000,0
20111229 035800,77.693000,77.693000,77.680000,77.686000,0
20111229 035900,77.688000,77.704000,77.688000,77.701000,0
20111229 040000,77.699000,77.708000,77.699000,77.707000,0
20111229 040100,77.709000,77.718000,77.709000,77.718000,0
20111229 040200,77.717000,77.741000,77.708000,77.741000,0
20111229 040300,77.745000,77.765000,77.733000,77.749000,0
20111229 040400,77.750000,77.755000,77.750000,77.754000,0
20111229 040500,77.755000,77.756000,77.734000,77.743000,0
20111229 040600,77.744000,77.766000,77.744000,77.753000,0
20111229 040700,77.754000,77.757000,77.735000,77.743000,0
20111229 040800,77.744000,77.757000,77.744000,77.754000,0
20111229 040900,77.755000,77.765000,77.748000,77.758000,0
20111229 041000,77.756000,77.757000,77.749000,77.756000,0
20111229 041100,77.755000,77.772000,77.755000,77.769000,0
20111229 041200,77.767000,77.770000,77.765000,77.765000,0
20111229 041300,77.766000,77.766000,77.762000,77.764000,0
20111229 041400,77.763000,77.763000,77.734000,77.742000,0
20111229 041500,77.744000,77.746000,77.740000,77.745000,0
20111229 041600,77.744000,77.745000,77.738000,77.744000,0
20111229 041700,77.742000,77.772000,77.742000,77.761000,0
20111229 041800,77.762000,77.763000,77.759000,77.760000,0
20111229 041900,77.758000,77.766000,77.755000,77.766000,0
20111229 042000,77.763000,77.785000,77.760000,77.777000,0
20111229 042100,77.775000,77.775000,77.757000,77.761000,0
20111229 042200,77.762000,77.774000,77.762000,77.774000,0
20111229 042300,77.772000,77.772000,77.769000,77.770000,0
20111229 042400,77.764000,77.773000,77.761000,77.772000,0
20111229 042500,77.771000,77.772000,77.769000,77.770000,0
20111229 042600,77.771000,77.771000,77.754000,77.758000,0
20111229 042700,77.759000,77.772000,77.759000,77.771000,0
20111229 042900,77.772000,77.776000,77.772000,77.776000,0
20111229 043000,77.778000,77.778000,77.772000,77.772000,0
20111229 043100,77.771000,77.774000,77.771000,77.774000,0
20111229 043200,77.777000,77.782000,77.777000,77.780000,0
20111229 043300,77.781000,77.781000,77.779000,77.781000,0
20111229 043400,77.780000,77.781000,77.780000,77.781000,0
20111229 043500,77.780000,77.781000,77.779000,77.781000,0
20111229 043600,77.785000,77.786000,77.785000,77.785000,0
20111229 043700,77.784000,77.784000,77.784000,77.784000,0
20111229 043800,77.783000,77.783000,77.778000,77.778000,0
20111229 043900,77.779000,77.782000,77.779000,77.781000,0
20111229 044000,77.780000,77.781000,77.780000,77.781000,0
20111229 044100,77.780000,77.780000,77.767000,77.767000,0
20111229 044200,77.761000,77.761000,77.756000,77.759000,0
20111229 044300,77.758000,77.763000,77.757000,77.763000,0
20111229 044400,77.762000,77.766000,77.762000,77.766000,0
20111229 044500,77.759000,77.761000,77.758000,77.761000,0
20111229 044600,77.763000,77.767000,77.758000,77.759000,0
20111229 044700,77.758000,77.763000,77.756000,77.760000,0
20111229 044800,77.761000,77.763000,77.754000,77.760000,0
20111229 044900,77.759000,77.759000,77.751000,77.754000,0
20111229 045000,77.755000,77.770000,77.746000,77.763000,0
20111229 045100,77.764000,77.764000,77.747000,77.751000,0
20111229 045200,77.752000,77.757000,77.747000,77.756000,0
20111229 045300,77.760000,77.780000,77.760000,77.777000,0
20111229 045400,77.776000,77.780000,77.774000,77.779000,0
20111229 045500,77.780000,77.787000,77.780000,77.786000,0
20111229 045600,77.787000,77.793000,77.785000,77.787000,0
20111229 045700,77.786000,77.788000,77.786000,77.787000,0
20111229 045800,77.786000,77.789000,77.786000,77.789000,0
20111229 045900,77.788000,77.790000,77.787000,77.788000,0
20111229 050000,77.790000,77.790000,77.789000,77.789000,0
20111229 050100,77.790000,77.808000,77.789000,77.807000,0
20111229 050200,77.808000,77.811000,77.805000,77.808000,0
20111229 050300,77.805000,77.837000,77.800000,77.818000,0
20111229 050400,77.822000,77.835000,77.817000,77.835000,0
20111229 050500,77.836000,77.845000,77.833000,77.839000,0
20111229 050600,77.842000,77.855000,77.831000,77.832000,0
20111229 050700,77.831000,77.832000,77.818000,77.822000,0
20111229 050800,77.818000,77.820000,77.802000,77.802000,0
20111229 050900,77.803000,77.804000,77.794000,77.795000,0
20111229 051000,77.794000,77.818000,77.794000,77.812000,0
20111229 051100,77.815000,77.825000,77.815000,77.823000,0
20111229 051200,77.822000,77.823000,77.816000,77.816000,0
20111229 051300,77.818000,77.821000,77.786000,77.786000,0
20111229 051400,77.795000,77.818000,77.795000,77.811000,0
20111229 051500,77.812000,77.812000,77.806000,77.809000,0
20111229 051600,77.808000,77.812000,77.802000,77.809000,0
20111229 051700,77.808000,77.812000,77.806000,77.806000,0
20111229 051800,77.805000,77.811000,77.798000,77.804000,0
20111229 051900,77.803000,77.803000,77.797000,77.797000,0
20111229 052000,77.799000,77.800000,77.789000,77.791000,0
20111229 052100,77.792000,77.799000,77.791000,77.799000,0
20111229 052200,77.797000,77.800000,77.794000,77.795000,0
20111229 052300,77.796000,77.802000,77.795000,77.798000,0
20111229 052400,77.797000,77.811000,77.788000,77.804000,0
20111229 052500,77.803000,77.809000,77.800000,77.807000,0
20111229 052600,77.806000,77.840000,77.805000,77.834000,0
20111229 052700,77.838000,77.846000,77.836000,77.842000,0
20111229 052800,77.841000,77.842000,77.819000,77.826000,0
20111229 052900,77.828000,77.832000,77.826000,77.828000,0
20111229 053000,77.832000,77.854000,77.832000,77.845000,0
20111229 053100,77.843000,77.866000,77.842000,77.863000,0
20111229 053200,77.858000,77.868000,77.851000,77.864000,0
20111229 053300,77.862000,77.862000,77.847000,77.849000,0
20111229 053400,77.851000,77.852000,77.846000,77.848000,0
20111229 053500,77.847000,77.852000,77.847000,77.850000,0
20111229 053600,77.848000,77.850000,77.841000,77.842000,0
20111229 053700,77.841000,77.842000,77.839000,77.839000,0
20111229 053800,77.840000,77.843000,77.839000,77.840000,0
20111229 053900,77.841000,77.852000,77.840000,77.849000,0
20111229 054000,77.848000,77.848000,77.844000,77.846000,0
20111229 054100,77.845000,77.849000,77.840000,77.845000,0
20111229 054200,77.840000,77.848000,77.837000,77.847000,0
20111229 054300,77.849000,77.850000,77.848000,77.848000,0
20111229 054400,77.849000,77.849000,77.848000,77.848000,0
20111229 054500,77.850000,77.852000,77.845000,77.845000,0
20111229 054600,77.844000,77.845000,77.843000,77.844000,0
20111229 054700,77.846000,77.847000,77.843000,77.845000,0
20111229 054800,77.846000,77.847000,77.846000,77.846000,0
20111229 054900,77.847000,77.853000,77.847000,77.851000,0
20111229 055000,77.853000,77.853000,77.847000,77.847000,0
20111229 055100,77.845000,77.846000,77.845000,77.845000,0
20111229 055200,77.847000,77.847000,77.846000,77.847000,0
20111229 055300,77.852000,77.853000,77.843000,77.845000,0
20111229 055400,77.846000,77.847000,77.821000,77.829000,0
20111229 055500,77.827000,77.837000,77.827000,77.835000,0
20111229 055600,77.833000,77.833000,77.816000,77.816000,0
20111229 055700,77.818000,77.818000,77.816000,77.818000,0
20111229 055800,77.816000,77.833000,77.804000,77.828000,0
20111229 055900,77.827000,77.829000,77.827000,77.827000,0
20111229 060000,77.829000,77.829000,77.824000,77.826000,0
20111229 060100,77.827000,77.827000,77.812000,77.813000,0
20111229 060200,77.812000,77.818000,77.812000,77.814000,0
20111229 060300,77.816000,77.823000,77.814000,77.820000,0
20111229 060400,77.818000,77.820000,77.818000,77.820000,0
20111229 060500,77.818000,77.830000,77.816000,77.825000,0
20111229 060600,77.824000,77.832000,77.824000,77.831000,0
20111229 060700,77.830000,77.830000,77.824000,77.828000,0
20111229 060800,77.826000,77.836000,77.826000,77.834000,0
20111229 060900,77.833000,77.833000,77.816000,77.817000,0
20111229 061000,77.818000,77.833000,77.817000,77.833000,0
20111229 061100,77.832000,77.832000,77.810000,77.813000,0
20111229 061200,77.812000,77.818000,77.812000,77.818000,0
20111229 061300,77.820000,77.821000,77.811000,77.811000,0
20111229 061400,77.809000,77.814000,77.805000,77.814000,0
20111229 061500,77.815000,77.827000,77.815000,77.819000,0
20111229 061600,77.821000,77.822000,77.810000,77.812000,0
20111229 061700,77.815000,77.828000,77.815000,77.822000,0
20111229 061800,77.818000,77.818000,77.797000,77.797000,0
20111229 061900,77.785000,77.790000,77.780000,77.788000,0
20111229 062000,77.789000,77.791000,77.772000,77.791000,0
20111229 062100,77.790000,77.799000,77.789000,77.796000,0
20111229 062200,77.799000,77.817000,77.793000,77.817000,0
20111229 062300,77.816000,77.846000,77.813000,77.840000,0
20111229 062400,77.839000,77.844000,77.835000,77.838000,0
20111229 062500,77.839000,77.840000,77.826000,77.826000,0
20111229 062600,77.825000,77.825000,77.815000,77.821000,0
20111229 062700,77.824000,77.842000,77.824000,77.838000,0
20111229 062800,77.840000,77.841000,77.837000,77.838000,0
20111229 062900,77.836000,77.836000,77.824000,77.826000,0
20111229 063000,77.829000,77.832000,77.822000,77.825000,0
20111229 063100,77.827000,77.828000,77.827000,77.827000,0
20111229 063200,77.828000,77.828000,77.823000,77.827000,0
20111229 063300,77.825000,77.833000,77.825000,77.831000,0
20111229 063400,77.830000,77.844000,77.830000,77.835000,0
20111229 063500,77.837000,77.838000,77.828000,77.829000,0
20111229 063600,77.828000,77.828000,77.827000,77.827000,0
20111229 063700,77.828000,77.829000,77.823000,77.827000,0
20111229 063800,77.826000,77.835000,77.824000,77.835000,0
20111229 063900,77.834000,77.835000,77.834000,77.834000,0
20111229 064000,77.835000,77.846000,77.833000,77.846000,0
20111229 064100,77.844000,77.844000,77.831000,77.834000,0
20111229 064200,77.835000,77.835000,77.823000,77.823000,0
20111229 064300,77.825000,77.833000,77.825000,77.833000,0
20111229 064400,77.832000,77.832000,77.821000,77.821000,0
20111229 064500,77.822000,77.837000,77.821000,77.832000,0
20111229 064600,77.830000,77.832000,77.830000,77.832000,0
20111229 064800,77.831000,77.831000,77.821000,77.831000,0
20111229 064900,77.832000,77.834000,77.832000,77.834000,0
20111229 065000,77.833000,77.833000,77.827000,77.827000,0
20111229 065100,77.826000,77.827000,77.824000,77.824000,0
20111229 065200,77.826000,77.826000,77.812000,77.816000,0
20111229 065300,77.814000,77.820000,77.799000,77.818000,0
20111229 065400,77.815000,77.815000,77.815000,77.815000,0
20111229 065500,77.814000,77.814000,77.806000,77.809000,0
20111229 065600,77.806000,77.808000,77.803000,77.803000,0
20111229 065700,77.802000,77.803000,77.793000,77.797000,0
20111229 065800,77.798000,77.800000,77.779000,77.781000,0
20111229 065900,77.783000,77.802000,77.782000,77.783000,0
20111229 070000,77.781000,77.811000,77.777000,77.787000,0
20111229 070100,77.786000,77.804000,77.781000,77.804000,0
20111229 070200,77.805000,77.823000,77.800000,77.819000,0
20111229 070300,77.817000,77.817000,77.805000,77.809000,0
20111229 070400,77.806000,77.812000,77.800000,77.812000,0
20111229 070500,77.814000,77.820000,77.814000,77.817000,0
20111229 070600,77.818000,77.818000,77.813000,77.815000,0
20111229 070700,77.813000,77.814000,77.808000,77.814000,0
20111229 070800,77.813000,77.817000,77.813000,77.814000,0
20111229 070900,77.813000,77.820000,77.812000,77.820000,0
20111229 071000,77.818000,77.821000,77.816000,77.820000,0
20111229 071100,77.818000,77.822000,77.817000,77.817000,0
20111229 071200,77.815000,77.820000,77.809000,77.817000,0
20111229 071300,77.818000,77.834000,77.817000,77.829000,0
20111229 071400,77.827000,77.827000,77.814000,77.815000,0
20111229 071500,77.817000,77.817000,77.810000,77.810000,0
20111229 071600,77.814000,77.821000,77.814000,77.816000,0
20111229 071700,77.821000,77.821000,77.821000,77.821000,0
20111229 071900,77.820000,77.822000,77.819000,77.819000,0
20111229 072000,77.818000,77.818000,77.815000,77.815000,0
20111229 072100,77.817000,77.820000,77.817000,77.820000,0
20111229 072300,77.819000,77.828000,77.819000,77.828000,0
20111229 072400,77.826000,77.826000,77.826000,77.826000,0
20111229 072500,77.824000,77.824000,77.819000,77.819000,0
20111229 072600,77.818000,77.836000,77.818000,77.828000,0
20111229 072700,77.824000,77.824000,77.810000,77.810000,0
20111229 072800,77.811000,77.813000,77.811000,77.813000,0
20111229 072900,77.801000,77.806000,77.768000,77.775000,0
20111229 073000,77.774000,77.782000,77.756000,77.760000,0
20111229 073100,77.758000,77.763000,77.736000,77.754000,0
20111229 073200,77.753000,77.758000,77.749000,77.756000,0
20111229 073300,77.754000,77.754000,77.752000,77.752000,0
20111229 073400,77.754000,77.762000,77.754000,77.759000,0
20111229 073500,77.758000,77.763000,77.758000,77.763000,0
20111229 073600,77.758000,77.768000,77.758000,77.768000,0
20111229 073700,77.767000,77.779000,77.767000,77.777000,0
20111229 073800,77.771000,77.771000,77.768000,77.770000,0
20111229 073900,77.768000,77.768000,77.764000,77.765000,0
20111229 074100,77.771000,77.771000,77.768000,77.770000,0
20111229 074200,77.769000,77.772000,77.767000,77.772000,0
20111229 074300,77.775000,77.780000,77.775000,77.780000,0
20111229 074400,77.781000,77.782000,77.780000,77.780000,0
20111229 074500,77.779000,77.781000,77.779000,77.781000,0
20111229 074600,77.779000,77.797000,77.779000,77.781000,0
20111229 074700,77.779000,77.782000,77.779000,77.782000,0
20111229 074800,77.779000,77.779000,77.774000,77.777000,0
20111229 074900,77.775000,77.775000,77.759000,77.759000,0
20111229 075000,77.753000,77.758000,77.750000,77.758000,0
20111229 075100,77.756000,77.758000,77.754000,77.756000,0
20111229 075300,77.758000,77.762000,77.755000,77.756000,0
20111229 075400,77.755000,77.756000,77.754000,77.754000,0
20111229 075500,77.755000,77.755000,77.747000,77.747000,0
20111229 075600,77.751000,77.759000,77.751000,77.759000,0
20111229 075700,77.758000,77.758000,77.752000,77.752000,0
20111229 075800,77.754000,77.760000,77.754000,77.760000,0
20111229 075900,77.759000,77.760000,77.756000,77.756000,0
20111229 080000,77.758000,77.758000,77.748000,77.756000,0
20111229 080100,77.752000,77.752000,77.750000,77.751000,0
20111229 080200,77.752000,77.763000,77.752000,77.757000,0
20111229 080300,77.758000,77.759000,77.757000,77.757000,0
20111229 080400,77.756000,77.757000,77.755000,77.756000,0
20111229 080500,77.757000,77.759000,77.753000,77.758000,0
20111229 080600,77.757000,77.758000,77.756000,77.757000,0
20111229 080700,77.758000,77.778000,77.758000,77.777000,0
20111229 080800,77.775000,77.775000,77.762000,77.771000,0
20111229 080900,77.769000,77.769000,77.761000,77.765000,0
20111229 081000,77.764000,77.769000,77.758000,77.768000,0
20111229 081100,77.770000,77.781000,77.761000,77.761000,0
20111229 081200,77.762000,77.769000,77.759000,77.769000,0
20111229 081300,77.772000,77.786000,77.772000,77.783000,0
20111229 081400,77.784000,77.785000,77.764000,77.765000,0
20111229 081500,77.767000,77.772000,77.767000,77.767000,0
20111229 081600,77.768000,77.769000,77.753000,77.757000,0
20111229 081700,77.758000,77.772000,77.758000,77.772000,0
20111229 081800,77.771000,77.772000,77.771000,77.771000,0
20111229 081900,77.767000,77.770000,77.761000,77.764000,0
20111229 082000,77.762000,77.763000,77.756000,77.763000,0
20111229 082100,77.762000,77.770000,77.756000,77.757000,0
20111229 082200,77.762000,77.777000,77.759000,77.772000,0
20111229 082300,77.773000,77.786000,77.766000,77.784000,0
20111229 082400,77.783000,77.783000,77.747000,77.747000,0
20111229 082500,77.743000,77.753000,77.742000,77.747000,0
20111229 082600,77.748000,77.763000,77.747000,77.763000,0
20111229 082700,77.761000,77.773000,77.759000,77.759000,0
20111229 082800,77.757000,77.757000,77.748000,77.751000,0
20111229 082900,77.749000,77.749000,77.735000,77.745000,0
20111229 083000,77.743000,77.751000,77.734000,77.738000,0
20111229 083100,77.739000,77.739000,77.737000,77.737000,0
20111229 083200,77.738000,77.738000,77.724000,77.724000,0
20111229 083300,77.722000,77.724000,77.719000,77.720000,0
20111229 083400,77.722000,77.732000,77.720000,77.730000,0
20111229 083500,77.729000,77.729000,77.708000,77.708000,0
20111229 083600,77.705000,77.718000,77.705000,77.709000,0
20111229 083700,77.707000,77.710000,77.705000,77.707000,0
20111229 083800,77.706000,77.706000,77.692000,77.696000,0
20111229 083900,77.694000,77.708000,77.693000,77.707000,0
20111229 084000,77.708000,77.709000,77.700000,77.708000,0
20111229 084100,77.707000,77.714000,77.705000,77.714000,0
20111229 084200,77.713000,77.713000,77.709000,77.711000,0
20111229 084300,77.709000,77.715000,77.709000,77.709000,0
20111229 084400,77.710000,77.719000,77.706000,77.719000,0
20111229 084500,77.721000,77.729000,77.721000,77.728000,0
20111229 084600,77.730000,77.743000,77.730000,77.743000,0
20111229 084700,77.742000,77.742000,77.742000,77.742000,0
20111229 084800,77.738000,77.739000,77.735000,77.735000,0
20111229 084900,77.731000,77.737000,77.727000,77.735000,0
20111229 085000,77.734000,77.738000,77.729000,77.737000,0
20111229 085100,77.738000,77.745000,77.737000,77.745000,0
20111229 085200,77.753000,77.753000,77.741000,77.742000,0
20111229 085300,77.741000,77.742000,77.735000,77.740000,0
20111229 085400,77.742000,77.742000,77.742000,77.742000,0
20111229 085600,77.741000,77.741000,77.740000,77.741000,0
20111229 085700,77.742000,77.744000,77.742000,77.742000,0
20111229 085800,77.743000,77.744000,77.743000,77.744000,0
20111229 085900,77.741000,77.744000,77.741000,77.744000,0
20111229 090000,77.746000,77.763000,77.746000,77.763000,0
20111229 090100,77.762000,77.762000,77.761000,77.762000,0
20111229 090200,77.763000,77.771000,77.763000,77.771000,0
20111229 090300,77.769000,77.776000,77.767000,77.776000,0
20111229 090400,77.774000,77.782000,77.774000,77.778000,0
20111229 090500,77.776000,77.777000,77.770000,77.770000,0
20111229 090600,77.769000,77.773000,77.755000,77.755000,0
20111229 090700,77.752000,77.753000,77.750000,77.752000,0
20111229 090800,77.748000,77.748000,77.727000,77.733000,0
20111229 090900,77.731000,77.733000,77.723000,77.729000,0
20111229 091000,77.728000,77.739000,77.725000,77.729000,0
20111229 091100,77.730000,77.741000,77.730000,77.741000,0
20111229 091200,77.743000,77.743000,77.718000,77.718000,0
20111229 091300,77.725000,77.740000,77.725000,77.738000,0
20111229 091400,77.740000,77.750000,77.740000,77.749000,0
20111229 091500,77.751000,77.765000,77.751000,77.762000,0
20111229 091600,77.761000,77.763000,77.749000,77.753000,0
20111229 091700,77.756000,77.759000,77.756000,77.757000,0
20111229 091800,77.759000,77.759000,77.757000,77.757000,0
20111229 091900,77.752000,77.753000,77.744000,77.746000,0
20111229 092000,77.747000,77.764000,77.747000,77.759000,0
20111229 092100,77.761000,77.765000,77.759000,77.759000,0
20111229 092200,77.761000,77.761000,77.761000,77.761000,0
20111229 092300,77.757000,77.757000,77.751000,77.753000,0
20111229 092400,77.747000,77.749000,77.747000,77.749000,0
20111229 092500,77.750000,77.772000,77.750000,77.772000,0
20111229 092600,77.774000,77.774000,77.771000,77.771000,0
20111229 092700,77.763000,77.763000,77.759000,77.759000,0
20111229 092800,77.756000,77.756000,77.742000,77.743000,0
20111229 092900,77.741000,77.741000,77.725000,77.731000,0
20111229 093000,77.732000,77.784000,77.730000,77.783000,0
20111229 093100,77.782000,77.783000,77.757000,77.759000,0
20111229 093200,77.760000,77.772000,77.760000,77.762000,0
20111229 093300,77.761000,77.763000,77.752000,77.758000,0
20111229 093400,77.759000,77.765000,77.759000,77.762000,0
20111229 093500,77.761000,77.761000,77.746000,77.746000,0
20111229 093600,77.744000,77.749000,77.740000,77.748000,0
20111229 093700,77.747000,77.749000,77.744000,77.745000,0
20111229 093800,77.747000,77.754000,77.747000,77.749000,0
20111229 093900,77.753000,77.763000,77.753000,77.763000,0
20111229 094000,77.766000,77.779000,77.766000,77.774000,0
20111229 094100,77.777000,77.784000,77.772000,77.772000,0
20111229 094200,77.771000,77.771000,77.759000,77.767000,0
20111229 094300,77.775000,77.784000,77.775000,77.776000,0
20111229 094400,77.778000,77.778000,77.770000,77.778000,0
20111229 094500,77.777000,77.781000,77.758000,77.774000,0
20111229 094600,77.775000,77.782000,77.773000,77.776000,0
20111229 094700,77.775000,77.781000,77.775000,77.778000,0
20111229 094800,77.777000,77.802000,77.777000,77.794000,0
20111229 094900,77.792000,77.807000,77.782000,77.806000,0
20111229 095000,77.807000,77.807000,77.800000,77.800000,0
20111229 095100,77.799000,77.803000,77.766000,77.768000,0
20111229 095200,77.766000,77.790000,77.766000,77.790000,0
20111229 095300,77.787000,77.787000,77.771000,77.775000,0
20111229 095400,77.776000,77.799000,77.775000,77.785000,0
20111229 095500,77.787000,77.787000,77.778000,77.784000,0
20111229 095600,77.783000,77.783000,77.763000,77.766000,0
20111229 095700,77.764000,77.766000,77.756000,77.760000,0
20111229 095800,77.763000,77.789000,77.763000,77.782000,0
20111229 095900,77.781000,77.785000,77.755000,77.779000,0
20111229 100000,77.781000,77.789000,77.779000,77.782000,0
20111229 100100,77.783000,77.783000,77.764000,77.765000,0
20111229 100200,77.764000,77.767000,77.763000,77.767000,0
20111229 100300,77.764000,77.764000,77.752000,77.764000,0
20111229 100400,77.763000,77.763000,77.747000,77.760000,0
20111229 100500,77.754000,77.754000,77.728000,77.729000,0
20111229 100600,77.723000,77.746000,77.723000,77.744000,0
20111229 100700,77.743000,77.743000,77.731000,77.740000,0
20111229 100800,77.744000,77.746000,77.726000,77.727000,0
20111229 100900,77.730000,77.741000,77.728000,77.741000,0
20111229 101000,77.742000,77.742000,77.729000,77.730000,0
20111229 101100,77.727000,77.751000,77.722000,77.747000,0
20111229 101200,77.749000,77.762000,77.736000,77.743000,0
20111229 101300,77.745000,77.763000,77.741000,77.760000,0
20111229 101400,77.759000,77.762000,77.735000,77.743000,0
20111229 101500,77.741000,77.747000,77.739000,77.746000,0
20111229 101600,77.749000,77.753000,77.743000,77.746000,0
20111229 101700,77.744000,77.744000,77.738000,77.738000,0
20111229 101800,77.740000,77.746000,77.740000,77.745000,0
20111229 101900,77.740000,77.754000,77.738000,77.753000,0
20111229 102000,77.751000,77.751000,77.750000,77.751000,0
20111229 102200,77.746000,77.746000,77.740000,77.740000,0
20111229 102400,77.741000,77.741000,77.740000,77.740000,0
20111229 102500,77.741000,77.741000,77.738000,77.740000,0
20111229 102600,77.742000,77.742000,77.741000,77.741000,0
20111229 102700,77.740000,77.740000,77.733000,77.733000,0
20111229 102800,77.735000,77.735000,77.725000,77.729000,0
20111229 102900,77.727000,77.735000,77.727000,77.735000,0
20111229 103000,77.734000,77.735000,77.722000,77.731000,0
20111229 103100,77.729000,77.734000,77.718000,77.732000,0
20111229 103200,77.730000,77.734000,77.728000,77.730000,0
20111229 103300,77.728000,77.735000,77.728000,77.733000,0
20111229 103400,77.731000,77.744000,77.727000,77.744000,0
20111229 103500,77.740000,77.741000,77.734000,77.734000,0
20111229 103600,77.732000,77.733000,77.726000,77.728000,0
20111229 103700,77.729000,77.738000,77.729000,77.729000,0
20111229 103800,77.731000,77.731000,77.728000,77.728000,0
20111229 103900,77.729000,77.729000,77.718000,77.720000,0
20111229 104000,77.719000,77.719000,77.711000,77.712000,0
20111229 104100,77.713000,77.713000,77.705000,77.705000,0
20111229 104200,77.706000,77.711000,77.706000,77.706000,0
20111229 104300,77.708000,77.708000,77.706000,77.708000,0
20111229 104400,77.706000,77.706000,77.704000,77.706000,0
20111229 104500,77.705000,77.705000,77.704000,77.704000,0
20111229 104600,77.701000,77.706000,77.701000,77.701000,0
20111229 104700,77.702000,77.703000,77.697000,77.698000,0
20111229 104800,77.696000,77.697000,77.691000,77.697000,0
20111229 104900,77.696000,77.696000,77.693000,77.696000,0
20111229 105000,77.695000,77.703000,77.688000,77.702000,0
20111229 105100,77.701000,77.708000,77.700000,77.708000,0
20111229 105200,77.705000,77.712000,77.698000,77.698000,0
20111229 105300,77.697000,77.697000,77.678000,77.688000,0
20111229 105400,77.685000,77.691000,77.672000,77.690000,0
20111229 105500,77.691000,77.691000,77.685000,77.687000,0
20111229 105600,77.686000,77.710000,77.686000,77.705000,0
20111229 105700,77.704000,77.718000,77.704000,77.714000,0
20111229 105800,77.718000,77.741000,77.715000,77.740000,0
20111229 105900,77.737000,77.739000,77.706000,77.706000,0
20111229 110000,77.705000,77.713000,77.694000,77.710000,0
20111229 110100,77.708000,77.715000,77.707000,77.715000,0
20111229 110200,77.714000,77.719000,77.713000,77.718000,0
20111229 110300,77.716000,77.726000,77.706000,77.706000,0
20111229 110400,77.707000,77.722000,77.706000,77.721000,0
20111229 110500,77.722000,77.738000,77.720000,77.731000,0
20111229 110600,77.736000,77.736000,77.734000,77.734000,0
20111229 110700,77.730000,77.735000,77.726000,77.729000,0
20111229 110800,77.730000,77.730000,77.706000,77.712000,0
20111229 110900,77.716000,77.737000,77.716000,77.731000,0
20111229 111000,77.730000,77.732000,77.725000,77.732000,0
20111229 111100,77.733000,77.736000,77.719000,77.724000,0
20111229 111200,77.722000,77.738000,77.722000,77.737000,0
20111229 111300,77.734000,77.737000,77.727000,77.730000,0
20111229 111400,77.731000,77.738000,77.728000,77.733000,0
20111229 111500,77.734000,77.746000,77.733000,77.745000,0
20111229 111600,77.747000,77.760000,77.735000,77.736000,0
20111229 111700,77.730000,77.731000,77.720000,77.726000,0
20111229 111800,77.728000,77.738000,77.717000,77.727000,0
20111229 111900,77.728000,77.735000,77.728000,77.732000,0
20111229 112000,77.731000,77.744000,77.729000,77.739000,0
20111229 112100,77.738000,77.743000,77.724000,77.726000,0
20111229 112200,77.727000,77.733000,77.717000,77.724000,0
20111229 112300,77.722000,77.723000,77.707000,77.708000,0
20111229 112400,77.709000,77.725000,77.709000,77.725000,0
20111229 112500,77.724000,77.740000,77.721000,77.739000,0
20111229 112600,77.741000,77.741000,77.728000,77.731000,0
20111229 112700,77.729000,77.736000,77.729000,77.731000,0
20111229 112800,77.730000,77.736000,77.730000,77.733000,0
20111229 112900,77.732000,77.733000,77.719000,77.720000,0
20111229 113000,77.719000,77.723000,77.714000,77.719000,0
20111229 113100,77.720000,77.726000,77.718000,77.724000,0
20111229 113200,77.723000,77.723000,77.713000,77.714000,0
20111229 113300,77.713000,77.717000,77.699000,77.699000,0
20111229 113400,77.700000,77.719000,77.700000,77.719000,0
20111229 113500,77.720000,77.722000,77.718000,77.718000,0
20111229 113600,77.719000,77.723000,77.714000,77.718000,0
20111229 113700,77.717000,77.718000,77.709000,77.710000,0
20111229 113800,77.709000,77.721000,77.703000,77.721000,0
20111229 113900,77.723000,77.728000,77.723000,77.727000,0
20111229 114000,77.726000,77.733000,77.722000,77.733000,0
20111229 114100,77.732000,77.738000,77.726000,77.726000,0
20111229 114200,77.727000,77.755000,77.726000,77.749000,0
20111229 114300,77.746000,77.746000,77.744000,77.744000,0
20111229 114400,77.740000,77.740000,77.719000,77.719000,0
20111229 114500,77.720000,77.728000,77.720000,77.722000,0
20111229 114600,77.723000,77.723000,77.723000,77.723000,0
20111229 114700,77.726000,77.730000,77.726000,77.730000,0
20111229 114800,77.728000,77.733000,77.726000,77.733000,0
20111229 114900,77.731000,77.739000,77.731000,77.737000,0
20111229 115000,77.735000,77.735000,77.724000,77.724000,0
20111229 115100,77.723000,77.730000,77.723000,77.729000,0
20111229 115200,77.730000,77.733000,77.728000,77.733000,0
20111229 115300,77.734000,77.736000,77.730000,77.731000,0
20111229 115400,77.729000,77.730000,77.725000,77.725000,0
20111229 115500,77.726000,77.726000,77.726000,77.726000,0
20111229 115600,77.727000,77.730000,77.726000,77.729000,0
20111229 115700,77.732000,77.739000,77.732000,77.739000,0
20111229 115800,77.736000,77.737000,77.719000,77.721000,0
20111229 115900,77.719000,77.722000,77.698000,77.704000,0
20111229 120000,77.705000,77.714000,77.699000,77.701000,0
20111229 120100,77.712000,77.722000,77.712000,77.719000,0
20111229 120200,77.718000,77.722000,77.702000,77.703000,0
20111229 120300,77.701000,77.710000,77.680000,77.708000,0
20111229 120400,77.706000,77.707000,77.695000,77.695000,0
20111229 120500,77.693000,77.696000,77.686000,77.687000,0
20111229 120600,77.688000,77.708000,77.687000,77.699000,0
20111229 120700,77.701000,77.715000,77.701000,77.714000,0
20111229 120800,77.712000,77.713000,77.710000,77.710000,0
20111229 120900,77.706000,77.706000,77.703000,77.704000,0
20111229 121000,77.706000,77.707000,77.706000,77.706000,0
20111229 121100,77.707000,77.722000,77.706000,77.716000,0
20111229 121200,77.719000,77.725000,77.719000,77.724000,0
20111229 121300,77.725000,77.725000,77.716000,77.718000,0
20111229 121400,77.717000,77.718000,77.709000,77.717000,0
20111229 121500,77.716000,77.717000,77.711000,77.712000,0
20111229 121600,77.708000,77.710000,77.700000,77.710000,0
20111229 121700,77.712000,77.712000,77.703000,77.705000,0
20111229 121800,77.704000,77.711000,77.704000,77.709000,0
20111229 121900,77.710000,77.718000,77.709000,77.718000,0
20111229 122000,77.722000,77.724000,77.720000,77.723000,0
20111229 122100,77.720000,77.725000,77.718000,77.719000,0
20111229 122200,77.718000,77.727000,77.713000,77.724000,0
20111229 122300,77.725000,77.731000,77.725000,77.728000,0
20111229 122400,77.727000,77.730000,77.723000,77.730000,0
20111229 122500,77.729000,77.729000,77.722000,77.722000,0
20111229 122600,77.723000,77.723000,77.717000,77.718000,0
20111229 122700,77.717000,77.730000,77.717000,77.729000,0
20111229 122800,77.728000,77.728000,77.723000,77.724000,0
20111229 122900,77.725000,77.726000,77.725000,77.725000,0
20111229 123000,77.724000,77.725000,77.724000,77.725000,0
20111229 123100,77.726000,77.728000,77.726000,77.728000,0
20111229 123300,77.723000,77.723000,77.701000,77.704000,0
20111229 123400,77.705000,77.706000,77.699000,77.706000,0
20111229 123500,77.705000,77.705000,77.698000,77.702000,0
20111229 123600,77.701000,77.706000,77.701000,77.706000,0
20111229 123700,77.707000,77.707000,77.706000,77.706000,0
20111229 123800,77.707000,77.707000,77.706000,77.706000,0
20111229 123900,77.705000,77.707000,77.699000,77.707000,0
20111229 124000,77.706000,77.706000,77.704000,77.704000,0
20111229 124100,77.705000,77.705000,77.704000,77.704000,0
20111229 124200,77.705000,77.705000,77.704000,77.704000,0
20111229 124300,77.703000,77.706000,77.703000,77.705000,0
20111229 124400,77.706000,77.706000,77.704000,77.706000,0
20111229 124500,77.705000,77.706000,77.704000,77.705000,0
20111229 124600,77.704000,77.705000,77.704000,77.704000,0
20111229 124700,77.706000,77.706000,77.704000,77.704000,0
20111229 124800,77.705000,77.706000,77.704000,77.705000,0
20111229 124900,77.704000,77.704000,77.704000,77.704000,0
20111229 125000,77.703000,77.703000,77.699000,77.703000,0
20111229 125100,77.705000,77.711000,77.705000,77.711000,0
20111229 125300,77.710000,77.712000,77.702000,77.706000,0
20111229 125400,77.705000,77.706000,77.704000,77.705000,0
20111229 125500,77.703000,77.703000,77.699000,77.700000,0
20111229 125600,77.704000,77.705000,77.698000,77.698000,0
20111229 125700,77.699000,77.699000,77.699000,77.699000,0
20111229 125800,77.697000,77.698000,77.697000,77.697000,0
20111229 125900,77.698000,77.701000,77.698000,77.699000,0
20111229 130000,77.710000,77.718000,77.710000,77.711000,0
20111229 130100,77.710000,77.710000,77.701000,77.701000,0
20111229 130200,77.702000,77.702000,77.697000,77.697000,0
20111229 130300,77.700000,77.709000,77.695000,77.704000,0
20111229 130400,77.705000,77.707000,77.698000,77.705000,0
20111229 130500,77.703000,77.705000,77.699000,77.699000,0
20111229 130600,77.701000,77.711000,77.701000,77.711000,0
20111229 130700,77.707000,77.707000,77.701000,77.701000,0
20111229 130800,77.705000,77.711000,77.694000,77.694000,0
20111229 130900,77.695000,77.696000,77.695000,77.696000,0
20111229 131100,77.698000,77.698000,77.697000,77.697000,0
20111229 131200,77.698000,77.698000,77.698000,77.698000,0
20111229 131300,77.697000,77.697000,77.697000,77.697000,0
20111229 131400,77.695000,77.696000,77.688000,77.693000,0
20111229 131500,77.692000,77.709000,77.690000,77.708000,0
20111229 131600,77.709000,77.716000,77.708000,77.716000,0
20111229 131700,77.714000,77.715000,77.714000,77.715000,0
20111229 131800,77.714000,77.716000,77.714000,77.714000,0
20111229 132000,77.713000,77.713000,77.703000,77.704000,0
20111229 132100,77.705000,77.705000,77.705000,77.705000,0
20111229 132200,77.704000,77.705000,77.704000,77.705000,0
20111229 132300,77.704000,77.704000,77.704000,77.704000,0
20111229 132400,77.702000,77.702000,77.694000,77.696000,0
20111229 132500,77.695000,77.695000,77.689000,77.693000,0
20111229 132600,77.692000,77.692000,77.691000,77.691000,0
20111229 132700,77.686000,77.686000,77.686000,77.686000,0
20111229 132800,77.685000,77.688000,77.675000,77.685000,0
20111229 132900,77.684000,77.684000,77.677000,77.680000,0
20111229 133000,77.679000,77.679000,77.670000,77.673000,0
20111229 133100,77.671000,77.672000,77.671000,77.672000,0
20111229 133200,77.673000,77.674000,77.672000,77.673000,0
20111229 133300,77.672000,77.682000,77.672000,77.682000,0
20111229 133400,77.683000,77.684000,77.672000,77.672000,0
20111229 133500,77.673000,77.673000,77.671000,77.671000,0
20111229 133600,77.672000,77.683000,77.671000,77.680000,0
20111229 133700,77.678000,77.695000,77.677000,77.695000,0
20111229 133800,77.694000,77.694000,77.692000,77.692000,0
20111229 133900,77.691000,77.693000,77.690000,77.691000,0
20111229 134000,77.692000,77.693000,77.689000,77.692000,0
20111229 134100,77.691000,77.692000,77.690000,77.690000,0
20111229 134200,77.691000,77.691000,77.681000,77.684000,0
20111229 134300,77.683000,77.698000,77.683000,77.697000,0
20111229 134400,77.695000,77.705000,77.695000,77.705000,0
20111229 134500,77.702000,77.702000,77.695000,77.701000,0
20111229 134600,77.702000,77.703000,77.701000,77.703000,0
20111229 134700,77.706000,77.708000,77.705000,77.705000,0
20111229 134800,77.702000,77.702000,77.693000,77.693000,0
20111229 134900,77.694000,77.695000,77.694000,77.694000,0
20111229 135000,77.695000,77.695000,77.693000,77.693000,0
20111229 135100,77.692000,77.696000,77.692000,77.694000,0
20111229 135200,77.693000,77.696000,77.693000,77.696000,0
20111229 135300,77.697000,77.697000,77.697000,77.697000,0
20111229 135400,77.696000,77.697000,77.695000,77.697000,0
20111229 135500,77.695000,77.697000,77.685000,77.687000,0
20111229 135600,77.686000,77.700000,77.686000,77.700000,0
20111229 135700,77.698000,77.699000,77.695000,77.695000,0
20111229 135800,77.696000,77.698000,77.696000,77.698000,0
20111229 135900,77.697000,77.697000,77.695000,77.695000,0
20111229 140000,77.696000,77.697000,77.691000,77.692000,0
20111229 140100,77.693000,77.693000,77.692000,77.692000,0
20111229 140200,77.693000,77.693000,77.692000,77.692000,0
20111229 140300,77.691000,77.691000,77.691000,77.691000,0
20111229 140400,77.690000,77.690000,77.680000,77.681000,0
20111229 140600,77.679000,77.680000,77.679000,77.680000,0
20111229 140700,77.678000,77.678000,77.674000,77.677000,0
20111229 140800,77.678000,77.691000,77.678000,77.690000,0
20111229 140900,77.692000,77.692000,77.682000,77.682000,0
20111229 141000,77.681000,77.681000,77.679000,77.679000,0
20111229 141100,77.680000,77.681000,77.679000,77.681000,0
20111229 141300,77.682000,77.682000,77.680000,77.681000,0
20111229 141400,77.682000,77.682000,77.682000,77.682000,0
20111229 141500,77.681000,77.682000,77.672000,77.681000,0
20111229 141600,77.680000,77.680000,77.680000,77.680000,0
20111229 141700,77.678000,77.679000,77.672000,77.672000,0
20111229 141800,77.674000,77.674000,77.669000,77.669000,0
20111229 142000,77.670000,77.672000,77.670000,77.670000,0
20111229 142100,77.668000,77.668000,77.665000,77.667000,0
20111229 142200,77.666000,77.668000,77.664000,77.667000,0
20111229 142300,77.668000,77.669000,77.667000,77.669000,0
20111229 142400,77.668000,77.669000,77.657000,77.667000,0
20111229 142500,77.668000,77.669000,77.657000,77.659000,0
20111229 142600,77.658000,77.658000,77.646000,77.649000,0
20111229 142700,77.648000,77.650000,77.646000,77.646000,0
20111229 142800,77.647000,77.651000,77.647000,77.647000,0
20111229 143000,77.646000,77.646000,77.646000,77.646000,0
20111229 143100,77.647000,77.647000,77.640000,77.644000,0
20111229 143200,77.645000,77.646000,77.645000,77.646000,0
20111229 143300,77.649000,77.672000,77.649000,77.669000,0
20111229 143400,77.668000,77.682000,77.668000,77.678000,0
20111229 143500,77.679000,77.679000,77.654000,77.656000,0
20111229 143600,77.654000,77.654000,77.650000,77.650000,0
20111229 143700,77.649000,77.650000,77.648000,77.650000,0
20111229 143800,77.649000,77.650000,77.649000,77.650000,0
20111229 143900,77.651000,77.651000,77.651000,77.651000,0
20111229 144000,77.650000,77.651000,77.648000,77.650000,0
20111229 144200,77.651000,77.651000,77.650000,77.650000,0
20111229 144300,77.651000,77.651000,77.650000,77.650000,0
20111229 144400,77.651000,77.656000,77.651000,77.655000,0
20111229 144600,77.654000,77.655000,77.653000,77.654000,0
20111229 144700,77.653000,77.654000,77.650000,77.651000,0
20111229 144800,77.650000,77.650000,77.647000,77.648000,0
20111229 145000,77.649000,77.668000,77.644000,77.667000,0
20111229 145100,77.669000,77.680000,77.667000,77.673000,0
20111229 145200,77.675000,77.677000,77.674000,77.675000,0
20111229 145300,77.674000,77.674000,77.673000,77.673000,0
20111229 145400,77.672000,77.673000,77.672000,77.673000,0
20111229 145500,77.672000,77.673000,77.672000,77.672000,0
20111229 145600,77.671000,77.671000,77.671000,77.671000,0
20111229 145700,77.672000,77.680000,77.672000,77.679000,0
20111229 145800,77.678000,77.681000,77.672000,77.672000,0
20111229 145900,77.670000,77.670000,77.637000,77.639000,0
20111229 150000,77.640000,77.645000,77.637000,77.645000,0
20111229 150100,77.647000,77.652000,77.645000,77.652000,0
20111229 150200,77.653000,77.656000,77.652000,77.653000,0
20111229 150300,77.652000,77.652000,77.649000,77.649000,0
20111229 150400,77.651000,77.652000,77.635000,77.636000,0
20111229 150500,77.638000,77.641000,77.637000,77.638000,0
20111229 150600,77.637000,77.639000,77.637000,77.638000,0
20111229 150700,77.637000,77.640000,77.637000,77.638000,0
20111229 150800,77.636000,77.638000,77.630000,77.631000,0
20111229 151000,77.627000,77.631000,77.627000,77.629000,0
20111229 151100,77.630000,77.630000,77.628000,77.628000,0
20111229 151200,77.629000,77.639000,77.620000,77.626000,0
20111229 151300,77.627000,77.627000,77.624000,77.625000,0
20111229 151400,77.626000,77.630000,77.626000,77.630000,0
20111229 151500,77.632000,77.636000,77.631000,77.633000,0
20111229 151600,77.632000,77.640000,77.628000,77.634000,0
20111229 151700,77.637000,77.639000,77.635000,77.639000,0
20111229 151800,77.638000,77.639000,77.627000,77.627000,0
20111229 151900,77.626000,77.628000,77.625000,77.628000,0
20111229 152000,77.630000,77.634000,77.630000,77.633000,0
20111229 152100,77.634000,77.634000,77.634000,77.634000,0
20111229 152300,77.633000,77.633000,77.616000,77.623000,0
20111229 152400,77.622000,77.624000,77.606000,77.608000,0
20111229 152500,77.611000,77.628000,77.611000,77.628000,0
20111229 152700,77.627000,77.627000,77.627000,77.627000,0
20111229 152800,77.628000,77.629000,77.627000,77.627000,0
20111229 152900,77.626000,77.629000,77.626000,77.627000,0
20111229 153000,77.628000,77.628000,77.628000,77.628000,0
20111229 153100,77.623000,77.623000,77.619000,77.619000,0
20111229 153200,77.618000,77.620000,77.615000,77.619000,0
20111229 153300,77.620000,77.623000,77.619000,77.621000,0
20111229 153400,77.623000,77.623000,77.621000,77.623000,0
20111229 153500,77.621000,77.623000,77.619000,77.620000,0
20111229 153600,77.619000,77.620000,77.617000,77.618000,0
20111229 153700,77.619000,77.636000,77.619000,77.635000,0
20111229 153800,77.636000,77.636000,77.628000,77.628000,0
20111229 153900,77.629000,77.629000,77.626000,77.626000,0
20111229 154000,77.627000,77.627000,77.614000,77.616000,0
20111229 154100,77.617000,77.619000,77.617000,77.618000,0
20111229 154200,77.615000,77.616000,77.614000,77.615000,0
20111229 154300,77.614000,77.614000,77.607000,77.608000,0
20111229 154400,77.609000,77.611000,77.608000,77.609000,0
20111229 154500,77.610000,77.615000,77.608000,77.614000,0
20111229 154600,77.613000,77.615000,77.613000,77.614000,0
20111229 154700,77.613000,77.613000,77.603000,77.604000,0
20111229 154800,77.603000,77.604000,77.600000,77.604000,0
20111229 154900,77.603000,77.607000,77.602000,77.607000,0
20111229 155000,77.606000,77.608000,77.603000,77.607000,0
20111229 155100,77.606000,77.607000,77.606000,77.607000,0
20111229 155200,77.605000,77.605000,77.602000,77.602000,0
20111229 155300,77.598000,77.598000,77.595000,77.597000,0
20111229 155400,77.598000,77.602000,77.597000,77.602000,0
20111229 155500,77.600000,77.601000,77.600000,77.601000,0
20111229 155600,77.602000,77.603000,77.602000,77.602000,0
20111229 155700,77.603000,77.605000,77.597000,77.605000,0
20111229 155800,77.606000,77.609000,77.599000,77.603000,0
20111229 155900,77.607000,77.622000,77.607000,77.610000,0
20111229 160000,77.609000,77.622000,77.609000,77.618000,0
20111229 160100,77.619000,77.626000,77.619000,77.624000,0
20111229 160200,77.623000,77.624000,77.621000,77.621000,0
20111229 160300,77.622000,77.630000,77.622000,77.624000,0
20111229 160400,77.625000,77.627000,77.624000,77.626000,0
20111229 160500,77.625000,77.626000,77.622000,77.625000,0
20111229 160600,77.628000,77.638000,77.623000,77.626000,0
20111229 160700,77.628000,77.632000,77.614000,77.618000,0
20111229 160800,77.621000,77.636000,77.614000,77.636000,0
20111229 160900,77.635000,77.635000,77.625000,77.632000,0
20111229 161000,77.628000,77.633000,77.626000,77.629000,0
20111229 161100,77.628000,77.634000,77.626000,77.626000,0
20111229 161200,77.627000,77.627000,77.615000,77.616000,0
20111229 161300,77.617000,77.621000,77.616000,77.617000,0
20111229 161400,77.618000,77.618000,77.618000,77.618000,0
20111229 161500,77.620000,77.626000,77.620000,77.626000,0
20111229 161600,77.625000,77.626000,77.624000,77.625000,0
20111229 161700,77.626000,77.627000,77.625000,77.626000,0
20111229 161800,77.627000,77.627000,77.622000,77.622000,0
20111229 161900,77.623000,77.623000,77.607000,77.607000,0
20111229 162000,77.608000,77.612000,77.608000,77.608000,0
20111229 162100,77.610000,77.611000,77.610000,77.611000,0
20111229 162200,77.608000,77.609000,77.601000,77.603000,0
20111229 162300,77.602000,77.604000,77.599000,77.600000,0
20111229 162400,77.601000,77.603000,77.601000,77.602000,0
20111229 162500,77.601000,77.604000,77.598000,77.603000,0
20111229 162600,77.604000,77.606000,77.602000,77.605000,0
20111229 162700,77.603000,77.605000,77.603000,77.605000,0
20111229 162800,77.609000,77.612000,77.605000,77.605000,0
20111229 162900,77.606000,77.611000,77.606000,77.611000,0
20111229 163000,77.609000,77.614000,77.609000,77.612000,0
20111229 163100,77.613000,77.614000,77.612000,77.612000,0
20111229 163200,77.613000,77.616000,77.611000,77.613000,0
20111229 163300,77.611000,77.611000,77.602000,77.607000,0
20111229 163400,77.603000,77.606000,77.594000,77.606000,0
20111229 163500,77.605000,77.606000,77.594000,77.597000,0
20111229 163600,77.596000,77.610000,77.596000,77.610000,0
20111229 163700,77.609000,77.612000,77.601000,77.607000,0
20111229 163800,77.609000,77.609000,77.608000,77.608000,0
20111229 163900,77.607000,77.609000,77.606000,77.609000,0
20111229 164000,77.606000,77.607000,77.605000,77.607000,0
20111229 164100,77.606000,77.609000,77.606000,77.609000,0
20111229 164200,77.608000,77.609000,77.608000,77.609000,0
20111229 164300,77.630000,77.630000,77.619000,77.620000,0
20111229 164400,77.619000,77.619000,77.615000,77.615000,0
20111229 164500,77.614000,77.615000,77.614000,77.615000,0
20111229 164600,77.616000,77.628000,77.616000,77.627000,0
20111229 164700,77.626000,77.626000,77.615000,77.615000,0
20111229 164800,77.620000,77.621000,77.620000,77.620000,0
20111229 165000,77.623000,77.623000,77.623000,77.623000,0
20111229 165100,77.624000,77.624000,77.622000,77.623000,0
20111229 165200,77.622000,77.634000,77.620000,77.631000,0
20111229 165300,77.640000,77.643000,77.621000,77.622000,0
20111229 165400,77.621000,77.621000,77.621000,77.621000,0
20111229 165500,77.622000,77.624000,77.622000,77.622000,0
20111229 165600,77.624000,77.624000,77.621000,77.621000,0
20111229 165700,77.624000,77.625000,77.621000,77.624000,0
20111229 165800,77.622000,77.625000,77.622000,77.622000,0
20111229 165900,77.623000,77.631000,77.621000,77.626000,0
20111229 170000,77.627000,77.639000,77.624000,77.624000,0
20111229 170100,77.630000,77.645000,77.630000,77.638000,0
20111229 170200,77.635000,77.653000,77.626000,77.627000,0
20111229 170300,77.604000,77.604000,77.580000,77.598000,0
20111229 170400,77.599000,77.609000,77.598000,77.605000,0
20111229 170500,77.604000,77.622000,77.602000,77.616000,0
20111229 170600,77.615000,77.620000,77.615000,77.617000,0
20111229 170700,77.616000,77.622000,77.616000,77.622000,0
20111229 170800,77.625000,77.625000,77.624000,77.624000,0
20111229 170900,77.621000,77.627000,77.619000,77.619000,0
20111229 171000,77.609000,77.615000,77.609000,77.615000,0
20111229 171100,77.616000,77.616000,77.616000,77.616000,0
20111229 171200,77.623000,77.623000,77.623000,77.623000,0
20111229 171300,77.621000,77.628000,77.621000,77.627000,0
20111229 171400,77.625000,77.625000,77.625000,77.625000,0
20111229 171500,77.634000,77.634000,77.624000,77.624000,0
20111229 171800,77.625000,77.625000,77.622000,77.622000,0
20111229 171900,77.621000,77.621000,77.612000,77.612000,0
20111229 172000,77.614000,77.622000,77.612000,77.612000,0
20111229 172200,77.610000,77.611000,77.609000,77.609000,0
20111229 172300,77.613000,77.613000,77.611000,77.613000,0
20111229 172400,77.607000,77.617000,77.607000,77.617000,0
20111229 172500,77.616000,77.616000,77.616000,77.616000,0
20111229 172600,77.617000,77.631000,77.613000,77.622000,0
20111229 172700,77.621000,77.622000,77.621000,77.622000,0
20111229 172800,77.624000,77.624000,77.614000,77.614000,0
20111229 172900,77.615000,77.615000,77.614000,77.614000,0
20111229 173000,77.616000,77.616000,77.614000,77.614000,0
20111229 173100,77.597000,77.600000,77.589000,77.596000,0
20111229 173200,77.603000,77.610000,77.603000,77.610000,0
20111229 173300,77.612000,77.615000,77.608000,77.615000,0
20111229 173400,77.620000,77.623000,77.619000,77.623000,0
20111229 173500,77.620000,77.621000,77.620000,77.621000,0
20111229 173600,77.622000,77.622000,77.622000,77.622000,0
20111229 173700,77.630000,77.630000,77.623000,77.625000,0
20111229 173800,77.628000,77.628000,77.621000,77.621000,0
20111229 174000,77.619000,77.621000,77.619000,77.621000,0
20111229 174100,77.620000,77.620000,77.616000,77.616000,0
20111229 174400,77.617000,77.617000,77.616000,77.616000,0
20111229 174500,77.617000,77.617000,77.616000,77.617000,0
20111229 174700,77.620000,77.622000,77.620000,77.621000,0
20111229 174900,77.620000,77.624000,77.620000,77.624000,0
20111229 175000,77.625000,77.625000,77.624000,77.624000,0
20111229 175200,77.623000,77.627000,77.623000,77.627000,0
20111229 175300,77.626000,77.630000,77.604000,77.617000,0
20111229 175400,77.618000,77.618000,77.611000,77.618000,0
20111229 175500,77.625000,77.633000,77.617000,77.632000,0
20111229 175600,77.621000,77.638000,77.621000,77.628000,0
20111229 175700,77.627000,77.636000,77.625000,77.626000,0
20111229 175800,77.623000,77.633000,77.620000,77.626000,0
20111229 175900,77.625000,77.625000,77.618000,77.622000,0
20111229 180000,77.623000,77.628000,77.622000,77.628000,0
20111229 180100,77.627000,77.627000,77.623000,77.623000,0
20111229 180300,77.627000,77.635000,77.627000,77.634000,0
20111229 180400,77.635000,77.637000,77.635000,77.637000,0
20111229 180500,77.636000,77.637000,77.629000,77.633000,0
20111229 180700,77.632000,77.632000,77.632000,77.632000,0
20111229 180800,77.633000,77.635000,77.633000,77.634000,0
20111229 180900,77.635000,77.635000,77.634000,77.634000,0
20111229 181000,77.633000,77.634000,77.627000,77.632000,0
20111229 181100,77.638000,77.638000,77.637000,77.637000,0
20111229 181200,77.636000,77.637000,77.632000,77.633000,0
20111229 181300,77.634000,77.643000,77.633000,77.640000,0
20111229 181400,77.639000,77.640000,77.639000,77.640000,0
20111229 181500,77.641000,77.641000,77.638000,77.641000,0
20111229 181600,77.642000,77.645000,77.637000,77.637000,0
20111229 181900,77.639000,77.662000,77.639000,77.662000,0
20111229 182000,77.663000,77.665000,77.658000,77.658000,0
20111229 182100,77.659000,77.660000,77.658000,77.660000,0
20111229 182200,77.666000,77.683000,77.659000,77.665000,0
20111229 182300,77.666000,77.671000,77.645000,77.661000,0
20111229 182400,77.664000,77.665000,77.664000,77.665000,0
20111229 182500,77.664000,77.664000,77.649000,77.654000,0
20111229 182600,77.652000,77.654000,77.649000,77.654000,0
20111229 182700,77.653000,77.653000,77.653000,77.653000,0
20111229 182800,77.652000,77.652000,77.646000,77.647000,0
20111229 182900,77.646000,77.648000,77.646000,77.647000,0
20111229 183000,77.648000,77.648000,77.643000,77.643000,0
20111229 183100,77.642000,77.661000,77.642000,77.659000,0
20111229 183300,77.660000,77.661000,77.660000,77.661000,0
20111229 183400,77.662000,77.668000,77.662000,77.666000,0
20111229 183500,77.667000,77.667000,77.667000,77.667000,0
20111229 183600,77.666000,77.667000,77.666000,77.666000,0
20111229 183700,77.667000,77.667000,77.667000,77.667000,0
20111229 184000,77.666000,77.672000,77.666000,77.668000,0
20111229 184100,77.666000,77.673000,77.663000,77.671000,0
20111229 184200,77.670000,77.673000,77.669000,77.671000,0
20111229 184300,77.668000,77.671000,77.668000,77.670000,0
20111229 184400,77.671000,77.671000,77.670000,77.671000,0
20111229 184500,77.672000,77.672000,77.670000,77.670000,0
20111229 184600,77.671000,77.671000,77.660000,77.661000,0
20111229 184700,77.660000,77.661000,77.654000,77.654000,0
20111229 184900,77.655000,77.655000,77.655000,77.655000,0
20111229 185200,77.654000,77.654000,77.653000,77.653000,0
20111229 185300,77.655000,77.677000,77.655000,77.658000,0
20111229 185500,77.657000,77.657000,77.657000,77.657000,0
20111229 185600,77.658000,77.662000,77.653000,77.661000,0
20111229 185700,77.664000,77.664000,77.657000,77.657000,0
20111229 185800,77.658000,77.659000,77.655000,77.655000,0
20111229 185900,77.653000,77.663000,77.650000,77.663000,0
20111229 190000,77.661000,77.684000,77.656000,77.683000,0
20111229 190100,77.682000,77.682000,77.672000,77.672000,0
20111229 190200,77.673000,77.682000,77.669000,77.679000,0
20111229 190300,77.678000,77.678000,77.661000,77.664000,0
20111229 190400,77.663000,77.664000,77.656000,77.661000,0
20111229 190500,77.663000,77.665000,77.656000,77.665000,0
20111229 190600,77.664000,77.667000,77.661000,77.664000,0
20111229 190700,77.665000,77.673000,77.663000,77.672000,0
20111229 190800,77.673000,77.676000,77.671000,77.672000,0
20111229 190900,77.670000,77.672000,77.665000,77.668000,0
20111229 191000,77.669000,77.671000,77.669000,77.670000,0
20111229 191100,77.671000,77.677000,77.671000,77.672000,0
20111229 191200,77.674000,77.674000,77.666000,77.666000,0
20111229 191300,77.669000,77.669000,77.666000,77.669000,0
20111229 191400,77.667000,77.672000,77.665000,77.667000,0
20111229 191500,77.666000,77.671000,77.666000,77.671000,0
20111229 191600,77.670000,77.670000,77.664000,77.664000,0
20111229 191700,77.665000,77.665000,77.654000,77.655000,0
20111229 191800,77.656000,77.656000,77.650000,77.654000,0
20111229 191900,77.656000,77.658000,77.654000,77.657000,0
20111229 192000,77.656000,77.656000,77.649000,77.656000,0
20111229 192100,77.655000,77.655000,77.642000,77.644000,0
20111229 192200,77.645000,77.649000,77.645000,77.649000,0
20111229 192300,77.648000,77.650000,77.639000,77.641000,0
20111229 192400,77.640000,77.641000,77.634000,77.640000,0
20111229 192500,77.637000,77.641000,77.634000,77.641000,0
20111229 192600,77.640000,77.642000,77.636000,77.642000,0
20111229 192700,77.641000,77.658000,77.640000,77.658000,0
20111229 192800,77.657000,77.662000,77.654000,77.660000,0
20111229 192900,77.661000,77.664000,77.659000,77.659000,0
20111229 193000,77.660000,77.662000,77.659000,77.662000,0
20111229 193100,77.661000,77.662000,77.646000,77.652000,0
20111229 193200,77.653000,77.654000,77.652000,77.654000,0
20111229 193300,77.653000,77.655000,77.652000,77.653000,0
20111229 193400,77.652000,77.654000,77.652000,77.653000,0
20111229 193500,77.654000,77.654000,77.652000,77.653000,0
20111229 193600,77.650000,77.650000,77.647000,77.649000,0
20111229 193700,77.650000,77.652000,77.650000,77.652000,0
20111229 193800,77.653000,77.653000,77.652000,77.652000,0
20111229 193900,77.653000,77.653000,77.647000,77.647000,0
20111229 194000,77.645000,77.651000,77.644000,77.650000,0
20111229 194100,77.651000,77.652000,77.648000,77.652000,0
20111229 194200,77.653000,77.661000,77.653000,77.661000,0
20111229 194300,77.662000,77.670000,77.658000,77.666000,0
20111229 194400,77.665000,77.674000,77.665000,77.673000,0
20111229 194500,77.672000,77.683000,77.672000,77.678000,0
20111229 194600,77.677000,77.678000,77.667000,77.669000,0
20111229 194700,77.667000,77.672000,77.667000,77.671000,0
20111229 194800,77.674000,77.683000,77.665000,77.672000,0
20111229 194900,77.670000,77.681000,77.666000,77.674000,0
20111229 195000,77.675000,77.681000,77.671000,77.675000,0
20111229 195100,77.674000,77.695000,77.674000,77.695000,0
20111229 195200,77.694000,77.701000,77.687000,77.690000,0
20111229 195300,77.691000,77.702000,77.688000,77.701000,0
20111229 195400,77.700000,77.707000,77.698000,77.701000,0
20111229 195500,77.702000,77.713000,77.700000,77.702000,0
20111229 195600,77.701000,77.703000,77.697000,77.702000,0
20111229 195700,77.703000,77.704000,77.687000,77.687000,0
20111229 195800,77.688000,77.692000,77.682000,77.688000,0
20111229 195900,77.687000,77.704000,77.685000,77.703000,0
20111229 200000,77.702000,77.708000,77.696000,77.706000,0
20111229 200100,77.707000,77.718000,77.706000,77.708000,0
20111229 200200,77.707000,77.717000,77.707000,77.716000,0
20111229 200300,77.714000,77.714000,77.710000,77.711000,0
20111229 200400,77.712000,77.715000,77.711000,77.715000,0
20111229 200500,77.714000,77.714000,77.713000,77.714000,0
20111229 200600,77.713000,77.720000,77.713000,77.720000,0
20111229 200700,77.721000,77.732000,77.719000,77.730000,0
20111229 200800,77.729000,77.730000,77.721000,77.721000,0
20111229 200900,77.720000,77.724000,77.720000,77.723000,0
20111229 201000,77.721000,77.723000,77.720000,77.721000,0
20111229 201100,77.720000,77.721000,77.717000,77.720000,0
20111229 201200,77.719000,77.721000,77.708000,77.716000,0
20111229 201300,77.714000,77.714000,77.706000,77.706000,0
20111229 201400,77.707000,77.711000,77.701000,77.708000,0
20111229 201500,77.705000,77.711000,77.701000,77.706000,0
20111229 201600,77.707000,77.714000,77.699000,77.706000,0
20111229 201700,77.707000,77.707000,77.700000,77.700000,0
20111229 201800,77.701000,77.706000,77.699000,77.706000,0
20111229 201900,77.707000,77.708000,77.701000,77.703000,0
20111229 202000,77.700000,77.708000,77.700000,77.702000,0
20111229 202100,77.701000,77.701000,77.698000,77.698000,0
20111229 202200,77.694000,77.702000,77.694000,77.695000,0
20111229 202300,77.698000,77.701000,77.690000,77.697000,0
20111229 202400,77.693000,77.699000,77.689000,77.693000,0
20111229 202500,77.692000,77.701000,77.690000,77.693000,0
20111229 202600,77.694000,77.694000,77.680000,77.680000,0
20111229 202700,77.681000,77.683000,77.680000,77.680000,0
20111229 202800,77.681000,77.683000,77.680000,77.683000,0
20111229 202900,77.682000,77.683000,77.681000,77.683000,0
20111229 203000,77.681000,77.683000,77.681000,77.683000,0
20111229 203100,77.682000,77.683000,77.681000,77.683000,0
20111229 203200,77.682000,77.682000,77.681000,77.682000,0
20111229 203300,77.683000,77.686000,77.683000,77.685000,0
20111229 203400,77.684000,77.689000,77.684000,77.689000,0
20111229 203500,77.691000,77.693000,77.688000,77.692000,0
20111229 203600,77.693000,77.693000,77.686000,77.686000,0
20111229 203700,77.689000,77.693000,77.689000,77.692000,0
20111229 203800,77.693000,77.693000,77.691000,77.691000,0
20111229 203900,77.692000,77.693000,77.684000,77.690000,0
20111229 204000,77.691000,77.692000,77.681000,77.684000,0
20111229 204100,77.683000,77.684000,77.680000,77.683000,0
20111229 204200,77.682000,77.682000,77.678000,77.682000,0
20111229 204300,77.681000,77.685000,77.680000,77.682000,0
20111229 204400,77.681000,77.682000,77.680000,77.681000,0
20111229 204500,77.680000,77.682000,77.680000,77.682000,0
20111229 204600,77.681000,77.681000,77.679000,77.681000,0
20111229 204700,77.682000,77.682000,77.677000,77.680000,0
20111229 204800,77.678000,77.683000,77.677000,77.679000,0
20111229 204900,77.680000,77.684000,77.680000,77.683000,0
20111229 205000,77.682000,77.683000,77.682000,77.683000,0
20111229 205100,77.682000,77.682000,77.680000,77.681000,0
20111229 205200,77.683000,77.683000,77.683000,77.683000,0
20111229 205300,77.682000,77.683000,77.673000,77.675000,0
20111229 205400,77.677000,77.678000,77.676000,77.677000,0
20111229 205500,77.676000,77.682000,77.676000,77.680000,0
20111229 205600,77.682000,77.689000,77.677000,77.689000,0
20111229 205700,77.688000,77.689000,77.677000,77.679000,0
20111229 205800,77.678000,77.679000,77.675000,77.675000,0
20111229 205900,77.674000,77.683000,77.674000,77.682000,0
20111229 210000,77.681000,77.684000,77.676000,77.676000,0
20111229 210100,77.675000,77.677000,77.673000,77.676000,0
20111229 210200,77.675000,77.676000,77.672000,77.674000,0
20111229 210300,77.673000,77.673000,77.665000,77.666000,0
20111229 210400,77.665000,77.668000,77.665000,77.668000,0
20111229 210500,77.667000,77.669000,77.666000,77.667000,0
20111229 210600,77.666000,77.666000,77.664000,77.664000,0
20111229 210700,77.665000,77.665000,77.664000,77.664000,0
20111229 210800,77.665000,77.671000,77.663000,77.669000,0
20111229 210900,77.670000,77.673000,77.670000,77.671000,0
20111229 211000,77.670000,77.674000,77.667000,77.673000,0
20111229 211100,77.674000,77.674000,77.668000,77.668000,0
20111229 211200,77.669000,77.670000,77.668000,77.670000,0
20111229 211300,77.672000,77.673000,77.664000,77.664000,0
20111229 211400,77.663000,77.665000,77.663000,77.664000,0
20111229 211500,77.663000,77.663000,77.662000,77.662000,0
20111229 211600,77.667000,77.669000,77.665000,77.666000,0
20111229 211700,77.665000,77.669000,77.665000,77.669000,0
20111229 211800,77.671000,77.672000,77.671000,77.672000,0
20111229 211900,77.670000,77.670000,77.667000,77.668000,0
20111229 212000,77.670000,77.670000,77.669000,77.669000,0
20111229 212100,77.670000,77.670000,77.669000,77.669000,0
20111229 212200,77.670000,77.670000,77.669000,77.669000,0
20111229 212500,77.670000,77.670000,77.669000,77.669000,0
20111229 212600,77.670000,77.670000,77.670000,77.670000,0
20111229 212700,77.669000,77.670000,77.657000,77.666000,0
20111229 212800,77.664000,77.664000,77.655000,77.656000,0
20111229 212900,77.655000,77.655000,77.654000,77.654000,0
20111229 213000,77.655000,77.655000,77.642000,77.643000,0
20111229 213100,77.639000,77.640000,77.604000,77.604000,0
20111229 213200,77.607000,77.630000,77.607000,77.625000,0
20111229 213300,77.627000,77.627000,77.617000,77.621000,0
20111229 213400,77.617000,77.623000,77.617000,77.622000,0
20111229 213500,77.620000,77.621000,77.615000,77.618000,0
20111229 213700,77.617000,77.617000,77.596000,77.603000,0
20111229 213800,77.604000,77.608000,77.603000,77.608000,0
20111229 213900,77.606000,77.610000,77.604000,77.604000,0
20111229 214000,77.605000,77.605000,77.586000,77.594000,0
20111229 214100,77.595000,77.596000,77.581000,77.586000,0
20111229 214200,77.589000,77.591000,77.568000,77.568000,0
20111229 214300,77.566000,77.578000,77.559000,77.569000,0
20111229 214400,77.568000,77.595000,77.565000,77.590000,0
20111229 214500,77.588000,77.593000,77.540000,77.567000,0
20111229 214600,77.568000,77.575000,77.565000,77.572000,0
20111229 214700,77.570000,77.572000,77.569000,77.571000,0
20111229 214800,77.572000,77.578000,77.571000,77.574000,0
20111229 214900,77.573000,77.577000,77.570000,77.576000,0
20111229 215000,77.577000,77.588000,77.576000,77.576000,0
20111229 215100,77.577000,77.585000,77.576000,77.577000,0
20111229 215200,77.578000,77.578000,77.575000,77.578000,0
20111229 215300,77.577000,77.579000,77.574000,77.579000,0
20111229 215400,77.578000,77.580000,77.578000,77.580000,0
20111229 215500,77.582000,77.589000,77.582000,77.589000,0
20111229 215600,77.590000,77.591000,77.581000,77.581000,0
20111229 215700,77.579000,77.586000,77.570000,77.577000,0
20111229 215800,77.578000,77.579000,77.568000,77.574000,0
20111229 215900,77.575000,77.579000,77.572000,77.572000,0
20111229 220000,77.571000,77.576000,77.559000,77.563000,0
20111229 220100,77.568000,77.570000,77.536000,77.538000,0
20111229 220200,77.545000,77.547000,77.529000,77.543000,0
20111229 220300,77.545000,77.553000,77.530000,77.538000,0
20111229 220400,77.536000,77.537000,77.521000,77.523000,0
20111229 220500,77.522000,77.539000,77.518000,77.539000,0
20111229 220600,77.538000,77.541000,77.537000,77.541000,0
20111229 220700,77.540000,77.553000,77.540000,77.551000,0
20111229 220800,77.553000,77.557000,77.550000,77.555000,0
20111229 220900,77.554000,77.559000,77.553000,77.559000,0
20111229 221000,77.560000,77.560000,77.557000,77.558000,0
20111229 221100,77.557000,77.557000,77.557000,77.557000,0
20111229 221200,77.556000,77.557000,77.551000,77.557000,0
20111229 221300,77.556000,77.557000,77.556000,77.557000,0
20111229 221400,77.558000,77.558000,77.547000,77.552000,0
20111229 221500,77.554000,77.556000,77.550000,77.556000,0
20111229 221600,77.557000,77.557000,77.552000,77.552000,0
20111229 221700,77.553000,77.555000,77.552000,77.552000,0
20111229 221800,77.553000,77.553000,77.553000,77.553000,0
20111229 221900,77.551000,77.557000,77.551000,77.555000,0
20111229 222000,77.554000,77.557000,77.550000,77.556000,0
20111229 222100,77.555000,77.555000,77.536000,77.540000,0
20111229 222200,77.539000,77.547000,77.537000,77.538000,0
20111229 222300,77.537000,77.540000,77.526000,77.529000,0
20111229 222400,77.527000,77.541000,77.526000,77.539000,0
20111229 222500,77.533000,77.534000,77.529000,77.533000,0
20111229 222600,77.535000,77.538000,77.525000,77.526000,0
20111229 222700,77.527000,77.532000,77.525000,77.527000,0
20111229 222800,77.526000,77.526000,77.513000,77.521000,0
20111229 222900,77.522000,77.522000,77.522000,77.522000,0
20111229 223000,77.523000,77.531000,77.523000,77.530000,0
20111229 223100,77.532000,77.533000,77.522000,77.524000,0
20111229 223200,77.523000,77.524000,77.516000,77.519000,0
20111229 223300,77.517000,77.521000,77.513000,77.518000,0
20111229 223400,77.519000,77.520000,77.509000,77.517000,0
20111229 223500,77.509000,77.529000,77.509000,77.528000,0
20111229 223600,77.526000,77.527000,77.522000,77.526000,0
20111229 223700,77.523000,77.523000,77.520000,77.520000,0
20111229 223800,77.517000,77.518000,77.517000,77.517000,0
20111229 223900,77.518000,77.519000,77.515000,77.518000,0
20111229 224000,77.517000,77.521000,77.517000,77.519000,0
20111229 224100,77.520000,77.520000,77.520000,77.520000,0
20111229 224200,77.521000,77.523000,77.521000,77.521000,0
20111229 224300,77.522000,77.523000,77.520000,77.523000,0
20111229 224400,77.522000,77.524000,77.522000,77.524000,0
20111229 224500,77.522000,77.528000,77.521000,77.528000,0
20111229 224600,77.529000,77.535000,77.529000,77.535000,0
20111229 224700,77.532000,77.536000,77.527000,77.529000,0
20111229 224800,77.528000,77.528000,77.518000,77.518000,0
20111229 224900,77.517000,77.523000,77.517000,77.519000,0
20111229 225000,77.520000,77.520000,77.518000,77.518000,0
20111229 225100,77.519000,77.520000,77.518000,77.519000,0
20111229 225200,77.520000,77.522000,77.519000,77.522000,0
20111229 225300,77.523000,77.526000,77.523000,77.526000,0
20111229 225400,77.527000,77.527000,77.527000,77.527000,0
20111229 225500,77.524000,77.527000,77.524000,77.527000,0
20111229 225600,77.528000,77.528000,77.528000,77.528000,0
20111229 225700,77.530000,77.532000,77.530000,77.532000,0
20111229 225800,77.533000,77.533000,77.529000,77.529000,0
20111229 225900,77.530000,77.532000,77.527000,77.529000,0
20111229 230000,77.527000,77.530000,77.527000,77.529000,0
20111229 230200,77.528000,77.529000,77.523000,77.524000,0
20111229 230300,77.525000,77.529000,77.525000,77.529000,0
20111229 230400,77.528000,77.531000,77.527000,77.531000,0
20111229 230500,77.533000,77.546000,77.533000,77.545000,0
20111229 230600,77.546000,77.551000,77.546000,77.546000,0
20111229 230700,77.547000,77.547000,77.543000,77.544000,0
20111229 230800,77.545000,77.545000,77.545000,77.545000,0
20111229 230900,77.547000,77.547000,77.545000,77.547000,0
20111229 231000,77.548000,77.548000,77.547000,77.548000,0
20111229 231100,77.546000,77.550000,77.544000,77.549000,0
20111229 231200,77.545000,77.545000,77.544000,77.544000,0
20111229 231300,77.541000,77.546000,77.539000,77.544000,0
20111229 231400,77.543000,77.544000,77.543000,77.544000,0
20111229 231500,77.543000,77.544000,77.529000,77.529000,0
20111229 231600,77.528000,77.530000,77.528000,77.528000,0
20111229 231700,77.527000,77.530000,77.526000,77.526000,0
20111229 231800,77.525000,77.526000,77.523000,77.526000,0
20111229 231900,77.527000,77.530000,77.527000,77.530000,0
20111229 232000,77.529000,77.530000,77.529000,77.529000,0
20111229 232100,77.528000,77.530000,77.528000,77.530000,0
20111229 232200,77.531000,77.531000,77.530000,77.531000,0
20111229 232300,77.530000,77.530000,77.530000,77.530000,0
20111229 232400,77.531000,77.536000,77.528000,77.534000,0
20111229 232500,77.532000,77.535000,77.527000,77.533000,0
20111229 232600,77.535000,77.535000,77.526000,77.527000,0
20111229 232700,77.526000,77.527000,77.525000,77.526000,0
20111229 232800,77.525000,77.527000,77.525000,77.526000,0
20111229 233000,77.527000,77.527000,77.525000,77.526000,0
20111229 233100,77.527000,77.535000,77.527000,77.528000,0
20111229 233200,77.527000,77.527000,77.527000,77.527000,0
20111229 233300,77.528000,77.528000,77.524000,77.527000,0
20111229 233400,77.525000,77.525000,77.525000,77.525000,0
20111229 233500,77.526000,77.526000,77.523000,77.524000,0
20111229 233600,77.525000,77.526000,77.524000,77.525000,0
20111229 233700,77.526000,77.526000,77.526000,77.526000,0
20111229 233800,77.522000,77.522000,77.512000,77.515000,0
20111229 233900,77.516000,77.516000,77.512000,77.514000,0
20111229 234000,77.513000,77.513000,77.510000,77.511000,0
20111229 234100,77.512000,77.514000,77.508000,77.512000,0
20111229 234200,77.510000,77.511000,77.507000,77.511000,0
20111229 234300,77.512000,77.513000,77.508000,77.513000,0
20111229 234400,77.512000,77.513000,77.512000,77.513000,0
20111229 234500,77.512000,77.513000,77.512000,77.513000,0
20111229 234600,77.512000,77.513000,77.508000,77.511000,0
20111229 234800,77.512000,77.517000,77.512000,77.516000,0
20111229 235000,77.517000,77.517000,77.517000,77.517000,0
20111229 235100,77.516000,77.517000,77.515000,77.517000,0
20111229 235200,77.516000,77.517000,77.516000,77.516000,0
20111229 235300,77.514000,77.523000,77.514000,77.519000,0
20111229 235400,77.518000,77.518000,77.518000,77.518000,0
20111229 235500,77.519000,77.519000,77.517000,77.519000,0
20111229 235600,77.517000,77.517000,77.512000,77.513000,0
20111229 235700,77.509000,77.514000,77.508000,77.511000,0
20111229 235800,77.508000,77.512000,77.508000,77.512000,0
20111229 235900,77.508000,77.511000,77.508000,77.511000,0
