20050617 000000,108.960000,108.960000,108.950000,108.960000,0
20050617 000100,108.950000,108.950000,108.950000,108.950000,0
20050617 000400,108.960000,108.960000,108.950000,108.950000,0
20050617 000500,108.960000,108.960000,108.950000,108.960000,0
20050617 000700,108.950000,108.960000,108.950000,108.950000,0
20050617 000800,108.960000,108.960000,108.950000,108.960000,0
20050617 001000,108.950000,108.960000,108.950000,108.960000,0
20050617 001300,108.970000,108.970000,108.970000,108.970000,0
20050617 001400,108.960000,108.960000,108.950000,108.960000,0
20050617 001700,108.970000,108.970000,108.970000,108.970000,0
20050617 001800,108.960000,108.960000,108.960000,108.960000,0
20050617 001900,108.950000,108.950000,108.950000,108.950000,0
20050617 002000,108.960000,108.960000,108.950000,108.950000,0
20050617 002200,108.940000,108.950000,108.940000,108.950000,0
20050617 003000,108.940000,108.950000,108.940000,108.950000,0
20050617 003200,108.960000,108.960000,108.950000,108.950000,0
20050617 003300,108.960000,108.960000,108.950000,108.960000,0
20050617 003700,108.970000,108.970000,108.970000,108.970000,0
20050617 003800,108.960000,108.970000,108.960000,108.960000,0
20050617 003900,108.970000,108.970000,108.960000,108.960000,0
20050617 004300,108.950000,108.960000,108.950000,108.950000,0
20050617 004700,108.960000,108.960000,108.950000,108.950000,0
20050617 005000,108.960000,108.960000,108.960000,108.960000,0
20050617 005500,108.970000,108.970000,108.960000,108.960000,0
20050617 005600,108.970000,108.970000,108.970000,108.970000,0
20050617 005800,108.980000,108.980000,108.970000,108.970000,0
20050617 005900,108.980000,108.980000,108.960000,108.970000,0
20050617 010000,108.980000,108.980000,108.970000,108.970000,0
20050617 010300,108.980000,108.980000,108.970000,108.980000,0
20050617 010400,108.970000,108.990000,108.970000,108.990000,0
20050617 010500,108.980000,108.990000,108.980000,108.990000,0
20050617 010600,109.000000,109.000000,108.990000,109.000000,0
20050617 010700,108.990000,109.000000,108.990000,108.990000,0
20050617 010800,109.000000,109.000000,108.990000,109.000000,0
20050617 010900,108.990000,109.000000,108.990000,109.000000,0
20050617 011000,108.990000,108.990000,108.990000,108.990000,0
20050617 011200,109.000000,109.000000,108.990000,108.990000,0
20050617 011600,109.000000,109.000000,108.990000,108.990000,0
20050617 011700,109.000000,109.000000,108.990000,108.990000,0
20050617 011800,109.000000,109.000000,108.990000,108.990000,0
20050617 011900,109.000000,109.000000,109.000000,109.000000,0
20050617 012000,108.990000,109.000000,108.990000,108.990000,0
20050617 012100,109.000000,109.000000,108.990000,108.990000,0
20050617 012300,108.980000,108.980000,108.980000,108.980000,0
20050617 012600,108.990000,109.000000,108.980000,108.990000,0
20050617 012700,109.000000,109.000000,108.980000,108.980000,0
20050617 012800,108.970000,108.980000,108.970000,108.970000,0
20050617 012900,108.980000,108.980000,108.980000,108.980000,0
20050617 013000,108.970000,108.980000,108.970000,108.980000,0
20050617 013100,108.970000,108.980000,108.970000,108.980000,0
20050617 013200,108.970000,108.970000,108.970000,108.970000,0
20050617 013400,108.960000,108.970000,108.960000,108.970000,0
20050617 013500,108.980000,108.980000,108.970000,108.970000,0
20050617 014200,108.960000,108.960000,108.950000,108.950000,0
20050617 014300,108.960000,108.960000,108.950000,108.950000,0
20050617 014400,108.960000,108.960000,108.950000,108.960000,0
20050617 014500,108.950000,108.960000,108.950000,108.960000,0
20050617 014600,108.950000,108.950000,108.950000,108.950000,0
20050617 014800,108.960000,108.960000,108.950000,108.950000,0
20050617 014900,108.960000,108.970000,108.950000,108.970000,0
20050617 015000,108.980000,108.980000,108.970000,108.980000,0
20050617 015100,108.970000,108.980000,108.970000,108.970000,0
20050617 015200,108.980000,108.980000,108.980000,108.980000,0
20050617 015400,108.990000,108.990000,108.980000,108.980000,0
20050617 015500,108.970000,108.980000,108.970000,108.980000,0
20050617 015600,108.970000,108.990000,108.970000,108.990000,0
20050617 015800,108.980000,108.990000,108.970000,108.980000,0
20050617 020200,108.970000,108.990000,108.970000,108.980000,0
20050617 020300,108.990000,108.990000,108.980000,108.980000,0
20050617 020400,108.990000,108.990000,108.990000,108.990000,0
20050617 020500,109.000000,109.060000,109.000000,109.040000,0
20050617 020600,109.050000,109.060000,109.040000,109.050000,0
20050617 020700,109.060000,109.060000,109.030000,109.040000,0
20050617 020800,109.030000,109.030000,109.020000,109.030000,0
20050617 020900,109.040000,109.040000,109.020000,109.030000,0
20050617 021000,109.020000,109.030000,109.020000,109.020000,0
20050617 021100,109.010000,109.020000,109.010000,109.010000,0
20050617 021200,109.000000,109.000000,108.990000,108.990000,0
20050617 021300,109.000000,109.010000,109.000000,109.010000,0
20050617 021400,109.020000,109.020000,109.010000,109.010000,0
20050617 021500,109.000000,109.010000,109.000000,109.010000,0
20050617 021600,109.000000,109.010000,109.000000,109.010000,0
20050617 021700,109.000000,109.010000,109.000000,109.000000,0
20050617 021800,109.010000,109.030000,109.010000,109.020000,0
20050617 021900,109.030000,109.040000,109.020000,109.040000,0
20050617 022100,109.050000,109.060000,109.050000,109.060000,0
20050617 022200,109.070000,109.080000,109.060000,109.060000,0
20050617 022300,109.070000,109.070000,109.050000,109.050000,0
20050617 022400,109.040000,109.040000,109.030000,109.040000,0
20050617 022500,109.030000,109.050000,109.030000,109.050000,0
20050617 022700,109.060000,109.060000,109.050000,109.060000,0
20050617 022800,109.070000,109.090000,109.070000,109.090000,0
20050617 022900,109.080000,109.090000,109.080000,109.080000,0
20050617 023000,109.070000,109.080000,109.060000,109.060000,0
20050617 023100,109.050000,109.060000,109.050000,109.050000,0
20050617 023200,109.060000,109.060000,109.050000,109.050000,0
20050617 023300,109.040000,109.050000,109.040000,109.050000,0
20050617 023400,109.040000,109.050000,109.040000,109.050000,0
20050617 023500,109.060000,109.060000,109.060000,109.060000,0
20050617 023700,109.050000,109.050000,109.050000,109.050000,0
20050617 023800,109.040000,109.040000,109.030000,109.030000,0
20050617 023900,109.040000,109.040000,109.030000,109.030000,0
20050617 024000,109.020000,109.020000,109.010000,109.010000,0
20050617 024100,109.000000,109.020000,109.000000,109.010000,0
20050617 024200,109.000000,109.010000,109.000000,109.000000,0
20050617 024300,109.010000,109.010000,109.000000,109.000000,0
20050617 024400,108.990000,109.000000,108.990000,109.000000,0
20050617 024500,109.010000,109.010000,109.000000,109.000000,0
20050617 024600,108.990000,108.990000,108.970000,108.990000,0
20050617 024700,108.980000,108.990000,108.980000,108.980000,0
20050617 024800,108.990000,109.000000,108.980000,108.990000,0
20050617 024900,108.980000,109.000000,108.980000,108.990000,0
20050617 025000,109.000000,109.000000,108.990000,108.990000,0
20050617 025100,108.980000,108.980000,108.980000,108.980000,0
20050617 025200,108.990000,108.990000,108.980000,108.980000,0
20050617 025300,108.990000,109.000000,108.990000,108.990000,0
20050617 025400,108.980000,108.990000,108.980000,108.990000,0
20050617 025500,109.000000,109.000000,108.980000,108.990000,0
20050617 025600,108.980000,108.990000,108.980000,108.990000,0
20050617 025700,108.980000,108.980000,108.970000,108.970000,0
20050617 025800,108.980000,108.980000,108.960000,108.960000,0
20050617 025900,108.970000,108.980000,108.970000,108.980000,0
20050617 030000,108.970000,108.990000,108.970000,108.970000,0
20050617 030100,108.980000,109.000000,108.980000,109.000000,0
20050617 030200,108.990000,109.000000,108.990000,109.000000,0
20050617 030400,108.990000,109.000000,108.990000,108.990000,0
20050617 030500,109.000000,109.010000,108.990000,108.990000,0
20050617 030700,108.980000,108.990000,108.960000,108.960000,0
20050617 030800,108.950000,108.960000,108.930000,108.940000,0
20050617 030900,108.950000,108.950000,108.930000,108.950000,0
20050617 031000,108.940000,108.950000,108.920000,108.930000,0
20050617 031100,108.920000,108.940000,108.920000,108.940000,0
20050617 031200,108.950000,108.960000,108.940000,108.950000,0
20050617 031300,108.940000,108.940000,108.940000,108.940000,0
20050617 031400,108.930000,108.930000,108.930000,108.930000,0
20050617 031500,108.940000,108.940000,108.920000,108.930000,0
20050617 031600,108.920000,108.930000,108.920000,108.930000,0
20050617 031700,108.920000,108.920000,108.910000,108.910000,0
20050617 031800,108.920000,108.940000,108.920000,108.940000,0
20050617 031900,108.950000,108.960000,108.940000,108.940000,0
20050617 032000,108.930000,108.940000,108.930000,108.930000,0
20050617 032100,108.940000,108.950000,108.930000,108.950000,0
20050617 032200,108.940000,108.940000,108.930000,108.940000,0
20050617 032400,108.950000,108.950000,108.930000,108.930000,0
20050617 032600,108.940000,108.950000,108.930000,108.940000,0
20050617 032700,108.950000,108.950000,108.930000,108.930000,0
20050617 032800,108.920000,108.920000,108.900000,108.910000,0
20050617 032900,108.900000,108.900000,108.880000,108.880000,0
20050617 033000,108.870000,108.890000,108.870000,108.870000,0
20050617 033100,108.880000,108.880000,108.870000,108.870000,0
20050617 033200,108.880000,108.880000,108.850000,108.860000,0
20050617 033300,108.850000,108.870000,108.850000,108.870000,0
20050617 033400,108.860000,108.860000,108.840000,108.850000,0
20050617 033500,108.840000,108.880000,108.840000,108.870000,0
20050617 033600,108.880000,108.880000,108.860000,108.880000,0
20050617 033700,108.890000,108.890000,108.880000,108.880000,0
20050617 033800,108.890000,108.890000,108.890000,108.890000,0
20050617 033900,108.900000,108.900000,108.900000,108.900000,0
20050617 034000,108.910000,108.920000,108.900000,108.910000,0
20050617 034300,108.900000,108.920000,108.900000,108.910000,0
20050617 034400,108.920000,108.920000,108.910000,108.920000,0
20050617 034500,108.930000,108.950000,108.930000,108.950000,0
20050617 034600,108.940000,108.950000,108.920000,108.920000,0
20050617 034700,108.910000,108.910000,108.890000,108.900000,0
20050617 034900,108.910000,108.910000,108.890000,108.900000,0
20050617 035000,108.890000,108.890000,108.890000,108.890000,0
20050617 035200,108.880000,108.890000,108.860000,108.870000,0
20050617 035300,108.860000,108.860000,108.860000,108.860000,0
20050617 035400,108.870000,108.870000,108.850000,108.870000,0
20050617 035500,108.880000,108.880000,108.870000,108.880000,0
20050617 035700,108.890000,108.890000,108.890000,108.890000,0
20050617 035900,108.880000,108.890000,108.880000,108.890000,0
20050617 040000,108.880000,108.910000,108.880000,108.910000,0
20050617 040100,108.920000,108.920000,108.910000,108.910000,0
20050617 040200,108.900000,108.920000,108.900000,108.920000,0
20050617 040300,108.910000,108.910000,108.910000,108.910000,0
20050617 040400,108.900000,108.910000,108.900000,108.910000,0
20050617 040500,108.920000,108.920000,108.920000,108.920000,0
20050617 040600,108.910000,108.910000,108.900000,108.900000,0
20050617 040700,108.910000,108.930000,108.900000,108.920000,0
20050617 040800,108.930000,108.930000,108.920000,108.930000,0
20050617 040900,108.940000,108.950000,108.930000,108.940000,0
20050617 041000,108.950000,108.970000,108.940000,108.970000,0
20050617 041100,108.960000,108.960000,108.950000,108.960000,0
20050617 041200,108.950000,108.960000,108.950000,108.950000,0
20050617 041300,108.940000,108.950000,108.930000,108.950000,0
20050617 041400,108.960000,108.960000,108.950000,108.950000,0
20050617 041500,108.960000,108.960000,108.950000,108.950000,0
20050617 041600,108.940000,108.940000,108.930000,108.940000,0
20050617 041700,108.950000,108.950000,108.950000,108.950000,0
20050617 041800,108.940000,108.940000,108.930000,108.930000,0
20050617 041900,108.920000,108.920000,108.920000,108.920000,0
20050617 042000,108.930000,108.940000,108.930000,108.940000,0
20050617 042100,108.940000,108.950000,108.940000,108.940000,0
20050617 042200,108.950000,108.960000,108.940000,108.940000,0
20050617 042300,108.930000,108.930000,108.920000,108.930000,0
20050617 042400,108.920000,108.930000,108.910000,108.930000,0
20050617 042500,108.920000,108.930000,108.920000,108.930000,0
20050617 042600,108.940000,108.940000,108.930000,108.930000,0
20050617 042700,108.940000,108.960000,108.940000,108.960000,0
20050617 042800,108.950000,108.960000,108.950000,108.950000,0
20050617 042900,108.960000,108.960000,108.950000,108.960000,0
20050617 043100,108.950000,108.960000,108.930000,108.940000,0
20050617 043200,108.950000,108.950000,108.940000,108.950000,0
20050617 043300,108.960000,108.960000,108.960000,108.960000,0
20050617 043400,108.970000,108.970000,108.970000,108.970000,0
20050617 043600,108.980000,108.980000,108.980000,108.980000,0
20050617 043700,108.990000,108.990000,108.990000,108.990000,0
20050617 043800,109.000000,109.010000,108.990000,108.990000,0
20050617 043900,109.000000,109.000000,108.970000,108.970000,0
20050617 044000,108.980000,108.980000,108.970000,108.980000,0
20050617 044100,108.970000,108.980000,108.970000,108.980000,0
20050617 044200,108.970000,108.980000,108.970000,108.980000,0
20050617 044400,108.970000,108.970000,108.970000,108.970000,0
20050617 044600,108.980000,108.980000,108.970000,108.970000,0
20050617 044700,108.980000,109.000000,108.970000,109.000000,0
20050617 044800,108.990000,109.000000,108.990000,109.000000,0
20050617 044900,108.990000,108.990000,108.970000,108.980000,0
20050617 045000,108.970000,109.000000,108.970000,109.000000,0
20050617 045100,108.990000,109.000000,108.980000,108.990000,0
20050617 045200,108.980000,109.000000,108.980000,109.000000,0
20050617 045300,108.990000,109.010000,108.990000,109.000000,0
20050617 045400,109.010000,109.010000,108.990000,108.990000,0
20050617 045500,109.000000,109.000000,108.990000,108.990000,0
20050617 045600,109.000000,109.020000,109.000000,109.020000,0
20050617 045700,109.010000,109.020000,109.010000,109.020000,0
20050617 045800,109.030000,109.040000,109.030000,109.030000,0
20050617 045900,109.040000,109.040000,109.020000,109.020000,0
20050617 050000,109.010000,109.040000,109.010000,109.030000,0
20050617 050100,109.020000,109.070000,109.020000,109.060000,0
20050617 050200,109.070000,109.070000,109.060000,109.060000,0
20050617 050300,109.050000,109.080000,109.050000,109.060000,0
20050617 050400,109.070000,109.070000,109.060000,109.070000,0
20050617 050500,109.060000,109.070000,109.060000,109.060000,0
20050617 050600,109.070000,109.070000,109.060000,109.070000,0
20050617 050700,109.080000,109.120000,109.080000,109.110000,0
20050617 050800,109.120000,109.120000,109.090000,109.100000,0
20050617 050900,109.110000,109.110000,109.110000,109.110000,0
20050617 051000,109.100000,109.100000,109.080000,109.090000,0
20050617 051100,109.080000,109.090000,109.080000,109.080000,0
20050617 051200,109.090000,109.090000,109.080000,109.080000,0
20050617 051300,109.070000,109.070000,109.060000,109.060000,0
20050617 051400,109.070000,109.070000,109.050000,109.050000,0
20050617 051500,109.060000,109.060000,109.050000,109.060000,0
20050617 051600,109.050000,109.080000,109.050000,109.070000,0
20050617 051800,109.060000,109.060000,109.060000,109.060000,0
20050617 051900,109.050000,109.050000,109.050000,109.050000,0
20050617 052100,109.060000,109.060000,109.060000,109.060000,0
20050617 052200,109.070000,109.080000,109.070000,109.080000,0
20050617 052300,109.090000,109.100000,109.090000,109.090000,0
20050617 052400,109.080000,109.080000,109.070000,109.080000,0
20050617 052600,109.070000,109.070000,109.070000,109.070000,0
20050617 052700,109.060000,109.060000,109.030000,109.030000,0
20050617 052800,109.020000,109.030000,109.020000,109.030000,0
20050617 052900,109.020000,109.040000,109.020000,109.040000,0
20050617 053000,109.050000,109.080000,109.040000,109.080000,0
20050617 053100,109.070000,109.080000,109.070000,109.070000,0
20050617 053200,109.060000,109.070000,109.050000,109.060000,0
20050617 053300,109.070000,109.070000,109.060000,109.060000,0
20050617 053400,109.070000,109.070000,109.060000,109.060000,0
20050617 053600,109.070000,109.070000,109.070000,109.070000,0
20050617 053700,109.060000,109.070000,109.060000,109.060000,0
20050617 053800,109.070000,109.080000,109.060000,109.080000,0
20050617 053900,109.090000,109.100000,109.060000,109.060000,0
20050617 054000,109.050000,109.060000,109.040000,109.050000,0
20050617 054100,109.040000,109.040000,109.030000,109.040000,0
20050617 054200,109.050000,109.060000,109.050000,109.060000,0
20050617 054300,109.050000,109.050000,109.050000,109.050000,0
20050617 054400,109.040000,109.070000,109.040000,109.070000,0
20050617 054600,109.060000,109.060000,109.060000,109.060000,0
20050617 054700,109.050000,109.050000,109.050000,109.050000,0
20050617 054800,109.040000,109.050000,109.040000,109.040000,0
20050617 054900,109.050000,109.050000,109.040000,109.040000,0
20050617 055000,109.050000,109.060000,109.040000,109.060000,0
20050617 055100,109.050000,109.050000,109.050000,109.050000,0
20050617 055300,109.040000,109.040000,109.040000,109.040000,0
20050617 055400,109.030000,109.040000,109.030000,109.040000,0
20050617 055600,109.030000,109.040000,109.030000,109.030000,0
20050617 055800,109.040000,109.040000,109.040000,109.040000,0
20050617 055900,109.030000,109.040000,109.030000,109.030000,0
20050617 060000,109.040000,109.040000,109.030000,109.030000,0
20050617 060100,109.020000,109.020000,109.010000,109.010000,0
20050617 060200,109.000000,109.010000,109.000000,109.010000,0
20050617 060300,109.020000,109.030000,109.000000,109.000000,0
20050617 060400,108.990000,108.990000,108.980000,108.990000,0
20050617 060500,109.000000,109.010000,108.990000,109.010000,0
20050617 060700,109.000000,109.000000,109.000000,109.000000,0
20050617 060800,108.990000,108.990000,108.980000,108.980000,0
20050617 060900,108.990000,108.990000,108.970000,108.970000,0
20050617 061000,108.960000,108.970000,108.940000,108.950000,0
20050617 061100,108.960000,108.980000,108.960000,108.970000,0
20050617 061200,108.960000,108.970000,108.940000,108.950000,0
20050617 061300,108.960000,108.970000,108.950000,108.960000,0
20050617 061400,108.970000,108.970000,108.940000,108.940000,0
20050617 061500,108.950000,108.960000,108.940000,108.950000,0
20050617 061600,108.960000,108.960000,108.950000,108.960000,0
20050617 061700,108.970000,108.970000,108.970000,108.970000,0
20050617 061800,108.980000,108.990000,108.980000,108.990000,0
20050617 061900,109.000000,109.000000,108.960000,108.960000,0
20050617 062000,108.970000,108.990000,108.960000,108.960000,0
20050617 062100,108.970000,108.970000,108.960000,108.960000,0
20050617 062200,108.970000,108.970000,108.960000,108.960000,0
20050617 062300,108.950000,108.960000,108.940000,108.940000,0
20050617 062400,108.930000,108.950000,108.930000,108.930000,0
20050617 062500,108.920000,108.960000,108.910000,108.930000,0
20050617 062600,108.920000,108.940000,108.900000,108.940000,0
20050617 062700,108.930000,108.970000,108.920000,108.940000,0
20050617 062800,108.930000,108.960000,108.930000,108.960000,0
20050617 062900,108.950000,108.980000,108.950000,108.980000,0
20050617 063000,108.990000,108.990000,108.970000,108.980000,0
20050617 063100,108.990000,109.000000,108.970000,109.000000,0
20050617 063200,108.990000,109.000000,108.970000,108.990000,0
20050617 063300,108.980000,108.980000,108.970000,108.980000,0
20050617 063400,108.970000,108.990000,108.970000,108.970000,0
20050617 063500,108.980000,108.980000,108.930000,108.930000,0
20050617 063600,108.940000,108.970000,108.940000,108.970000,0
20050617 063700,108.960000,108.970000,108.940000,108.970000,0
20050617 063800,108.960000,108.970000,108.950000,108.960000,0
20050617 063900,108.950000,108.960000,108.940000,108.940000,0
20050617 064000,108.930000,108.950000,108.920000,108.920000,0
20050617 064100,108.930000,108.930000,108.910000,108.920000,0
20050617 064200,108.910000,108.920000,108.900000,108.920000,0
20050617 064300,108.910000,108.910000,108.890000,108.910000,0
20050617 064400,108.920000,108.940000,108.890000,108.930000,0
20050617 064500,108.940000,108.950000,108.910000,108.940000,0
20050617 064600,108.930000,108.960000,108.920000,108.950000,0
20050617 064700,108.940000,108.960000,108.930000,108.940000,0
20050617 064800,108.950000,108.950000,108.940000,108.940000,0
20050617 064900,108.950000,108.960000,108.940000,108.950000,0
20050617 065000,108.940000,108.960000,108.930000,108.940000,0
20050617 065100,108.950000,108.950000,108.920000,108.920000,0
20050617 065200,108.930000,108.930000,108.920000,108.920000,0
20050617 065300,108.930000,108.930000,108.920000,108.920000,0
20050617 065500,108.930000,108.950000,108.930000,108.950000,0
20050617 065600,108.960000,108.970000,108.950000,108.960000,0
20050617 065700,108.970000,108.980000,108.960000,108.960000,0
20050617 065800,108.970000,109.000000,108.970000,109.000000,0
20050617 065900,108.990000,109.000000,108.990000,109.000000,0
20050617 070000,108.990000,109.000000,108.990000,109.000000,0
20050617 070100,108.990000,109.000000,108.980000,108.990000,0
20050617 070200,108.980000,109.000000,108.980000,108.990000,0
20050617 070300,108.980000,108.990000,108.980000,108.980000,0
20050617 070400,108.990000,108.990000,108.970000,108.980000,0
20050617 070500,108.990000,108.990000,108.970000,108.970000,0
20050617 070600,108.960000,108.960000,108.950000,108.960000,0
20050617 070700,108.950000,108.970000,108.950000,108.950000,0
20050617 070800,108.960000,108.960000,108.950000,108.950000,0
20050617 070900,108.960000,108.960000,108.940000,108.940000,0
20050617 071000,108.950000,108.950000,108.910000,108.910000,0
20050617 071100,108.900000,108.920000,108.890000,108.900000,0
20050617 071200,108.890000,108.900000,108.880000,108.890000,0
20050617 071300,108.880000,108.880000,108.870000,108.880000,0
20050617 071400,108.870000,108.880000,108.870000,108.880000,0
20050617 071500,108.870000,108.890000,108.870000,108.890000,0
20050617 071600,108.880000,108.880000,108.870000,108.870000,0
20050617 071700,108.880000,108.890000,108.880000,108.890000,0
20050617 071800,108.880000,108.880000,108.860000,108.860000,0
20050617 071900,108.870000,108.870000,108.850000,108.860000,0
20050617 072000,108.870000,108.870000,108.860000,108.860000,0
20050617 072100,108.870000,108.870000,108.850000,108.850000,0
20050617 072200,108.860000,108.890000,108.860000,108.890000,0
20050617 072300,108.880000,108.880000,108.860000,108.870000,0
20050617 072400,108.860000,108.870000,108.860000,108.870000,0
20050617 072500,108.860000,108.880000,108.860000,108.880000,0
20050617 072700,108.890000,108.890000,108.870000,108.870000,0
20050617 072800,108.880000,108.880000,108.870000,108.870000,0
20050617 072900,108.860000,108.860000,108.840000,108.840000,0
20050617 073000,108.830000,108.840000,108.830000,108.840000,0
20050617 073100,108.850000,108.860000,108.840000,108.860000,0
20050617 073200,108.870000,108.880000,108.870000,108.880000,0
20050617 073300,108.870000,108.880000,108.870000,108.870000,0
20050617 073400,108.860000,108.880000,108.860000,108.880000,0
20050617 073500,108.890000,108.890000,108.880000,108.890000,0
20050617 073600,108.880000,108.900000,108.880000,108.900000,0
20050617 073700,108.890000,108.890000,108.880000,108.890000,0
20050617 073800,108.880000,108.880000,108.880000,108.880000,0
20050617 073900,108.870000,108.870000,108.870000,108.870000,0
20050617 074000,108.880000,108.880000,108.870000,108.870000,0
20050617 074100,108.880000,108.890000,108.880000,108.890000,0
20050617 074200,108.880000,108.890000,108.870000,108.870000,0
20050617 074300,108.880000,108.900000,108.880000,108.890000,0
20050617 074400,108.880000,108.880000,108.860000,108.870000,0
20050617 074500,108.880000,108.900000,108.870000,108.900000,0
20050617 074600,108.910000,108.910000,108.870000,108.870000,0
20050617 074700,108.880000,108.880000,108.840000,108.850000,0
20050617 074800,108.840000,108.840000,108.830000,108.840000,0
20050617 074900,108.850000,108.850000,108.820000,108.830000,0
20050617 075000,108.820000,108.840000,108.820000,108.820000,0
20050617 075100,108.830000,108.830000,108.810000,108.810000,0
20050617 075200,108.820000,108.830000,108.810000,108.830000,0
20050617 075300,108.840000,108.840000,108.830000,108.830000,0
20050617 075400,108.820000,108.850000,108.820000,108.830000,0
20050617 075500,108.840000,108.840000,108.830000,108.840000,0
20050617 075600,108.830000,108.840000,108.810000,108.810000,0
20050617 075700,108.820000,108.830000,108.820000,108.830000,0
20050617 075800,108.820000,108.820000,108.820000,108.820000,0
20050617 080000,108.810000,108.810000,108.810000,108.810000,0
20050617 080100,108.800000,108.830000,108.800000,108.820000,0
20050617 080200,108.810000,108.830000,108.810000,108.830000,0
20050617 080300,108.820000,108.820000,108.800000,108.810000,0
20050617 080400,108.820000,108.820000,108.810000,108.810000,0
20050617 080500,108.820000,108.820000,108.810000,108.810000,0
20050617 080600,108.820000,108.830000,108.810000,108.820000,0
20050617 080700,108.830000,108.830000,108.810000,108.810000,0
20050617 080800,108.800000,108.810000,108.800000,108.810000,0
20050617 080900,108.800000,108.810000,108.800000,108.810000,0
20050617 081000,108.820000,108.820000,108.810000,108.810000,0
20050617 081100,108.820000,108.820000,108.810000,108.810000,0
20050617 081200,108.800000,108.820000,108.800000,108.820000,0
20050617 081300,108.810000,108.830000,108.810000,108.810000,0
20050617 081400,108.820000,108.820000,108.800000,108.810000,0
20050617 081500,108.820000,108.820000,108.810000,108.820000,0
20050617 081600,108.810000,108.810000,108.790000,108.790000,0
20050617 081700,108.800000,108.810000,108.790000,108.790000,0
20050617 081900,108.800000,108.810000,108.800000,108.810000,0
20050617 082000,108.820000,108.830000,108.810000,108.820000,0
20050617 082100,108.830000,108.840000,108.830000,108.840000,0
20050617 082200,108.830000,108.830000,108.820000,108.830000,0
20050617 082300,108.840000,108.840000,108.830000,108.840000,0
20050617 082400,108.830000,108.840000,108.830000,108.840000,0
20050617 082500,108.850000,108.860000,108.850000,108.850000,0
20050617 082600,108.860000,108.860000,108.850000,108.850000,0
20050617 082700,108.840000,108.840000,108.840000,108.840000,0
20050617 082800,108.830000,108.840000,108.820000,108.840000,0
20050617 082900,108.850000,108.870000,108.840000,108.850000,0
20050617 083000,108.840000,108.850000,108.750000,108.760000,0
20050617 083100,108.770000,108.860000,108.770000,108.860000,0
20050617 083200,108.870000,108.990000,108.870000,108.970000,0
20050617 083300,108.960000,109.040000,108.920000,109.020000,0
20050617 083400,109.010000,109.020000,108.920000,108.920000,0
20050617 083500,108.910000,108.910000,108.880000,108.900000,0
20050617 083600,108.890000,108.890000,108.850000,108.850000,0
20050617 083700,108.840000,108.870000,108.820000,108.860000,0
20050617 083800,108.870000,108.880000,108.860000,108.860000,0
20050617 083900,108.850000,108.850000,108.820000,108.820000,0
20050617 084000,108.810000,108.820000,108.780000,108.780000,0
20050617 084100,108.770000,108.780000,108.750000,108.760000,0
20050617 084200,108.750000,108.760000,108.690000,108.700000,0
20050617 084300,108.690000,108.710000,108.640000,108.640000,0
20050617 084400,108.650000,108.680000,108.650000,108.660000,0
20050617 084500,108.650000,108.680000,108.640000,108.650000,0
20050617 084600,108.660000,108.700000,108.650000,108.680000,0
20050617 084700,108.690000,108.690000,108.650000,108.670000,0
20050617 084800,108.680000,108.690000,108.660000,108.690000,0
20050617 084900,108.680000,108.680000,108.640000,108.670000,0
20050617 085000,108.680000,108.690000,108.660000,108.660000,0
20050617 085100,108.650000,108.790000,108.650000,108.790000,0
20050617 085200,108.800000,108.810000,108.770000,108.800000,0
20050617 085300,108.790000,108.840000,108.790000,108.830000,0
20050617 085400,108.820000,108.870000,108.820000,108.840000,0
20050617 085500,108.830000,108.870000,108.830000,108.870000,0
20050617 085600,108.880000,108.880000,108.800000,108.800000,0
20050617 085700,108.810000,108.880000,108.800000,108.880000,0
20050617 085800,108.890000,108.890000,108.840000,108.860000,0
20050617 085900,108.870000,108.880000,108.820000,108.820000,0
20050617 090000,108.830000,108.850000,108.820000,108.850000,0
20050617 090100,108.860000,108.870000,108.840000,108.860000,0
20050617 090200,108.870000,108.870000,108.830000,108.830000,0
20050617 090300,108.840000,108.850000,108.830000,108.850000,0
20050617 090400,108.860000,108.860000,108.830000,108.830000,0
20050617 090500,108.820000,108.830000,108.810000,108.830000,0
20050617 090600,108.840000,108.870000,108.840000,108.850000,0
20050617 090700,108.840000,108.860000,108.830000,108.850000,0
20050617 090800,108.840000,108.840000,108.820000,108.840000,0
20050617 090900,108.850000,108.860000,108.840000,108.860000,0
20050617 091000,108.870000,108.890000,108.860000,108.860000,0
20050617 091100,108.850000,108.880000,108.840000,108.880000,0
20050617 091200,108.890000,108.910000,108.870000,108.910000,0
20050617 091300,108.900000,108.910000,108.890000,108.890000,0
20050617 091400,108.880000,108.910000,108.880000,108.910000,0
20050617 091500,108.900000,108.980000,108.900000,108.970000,0
20050617 091600,108.980000,108.980000,108.950000,108.960000,0
20050617 091700,108.950000,108.970000,108.950000,108.970000,0
20050617 091800,108.960000,108.970000,108.950000,108.950000,0
20050617 091900,108.940000,108.950000,108.930000,108.950000,0
20050617 092000,108.940000,108.970000,108.940000,108.960000,0
20050617 092100,108.970000,108.980000,108.950000,108.970000,0
20050617 092200,108.960000,108.970000,108.960000,108.970000,0
20050617 092300,108.980000,108.990000,108.970000,108.980000,0
20050617 092400,108.970000,108.980000,108.970000,108.970000,0
20050617 092500,108.960000,108.960000,108.930000,108.950000,0
20050617 092600,108.960000,108.960000,108.950000,108.950000,0
20050617 092700,108.940000,108.950000,108.930000,108.930000,0
20050617 092800,108.940000,108.950000,108.930000,108.940000,0
20050617 092900,108.950000,108.960000,108.930000,108.960000,0
20050617 093000,108.950000,108.950000,108.930000,108.950000,0
20050617 093100,108.960000,108.960000,108.940000,108.940000,0
20050617 093200,108.950000,108.970000,108.950000,108.960000,0
20050617 093300,108.970000,108.970000,108.960000,108.960000,0
20050617 093400,108.950000,108.960000,108.950000,108.950000,0
20050617 093500,108.960000,108.960000,108.950000,108.950000,0
20050617 093600,108.940000,108.950000,108.930000,108.950000,0
20050617 093700,108.940000,108.940000,108.900000,108.920000,0
20050617 093800,108.910000,108.940000,108.910000,108.930000,0
20050617 093900,108.920000,108.940000,108.920000,108.940000,0
20050617 094000,108.950000,108.950000,108.910000,108.940000,0
20050617 094100,108.930000,108.940000,108.920000,108.920000,0
20050617 094200,108.930000,108.950000,108.930000,108.950000,0
20050617 094300,108.940000,108.940000,108.920000,108.930000,0
20050617 094400,108.940000,108.940000,108.920000,108.920000,0
20050617 094500,108.910000,108.930000,108.910000,108.910000,0
20050617 094600,108.920000,109.010000,108.920000,108.970000,0
20050617 094700,108.990000,109.010000,108.950000,108.990000,0
20050617 094800,109.000000,109.010000,108.990000,108.990000,0
20050617 094900,108.980000,108.990000,108.950000,108.950000,0
20050617 095000,108.960000,108.980000,108.950000,108.970000,0
20050617 095100,108.980000,108.990000,108.960000,108.970000,0
20050617 095200,108.980000,108.990000,108.970000,108.990000,0
20050617 095300,109.000000,109.000000,108.980000,108.990000,0
20050617 095400,109.000000,109.000000,108.980000,108.990000,0
20050617 095500,108.980000,108.990000,108.980000,108.990000,0
20050617 095600,109.000000,109.000000,108.990000,108.990000,0
20050617 095700,108.980000,109.000000,108.980000,109.000000,0
20050617 095800,108.990000,109.000000,108.990000,109.000000,0
20050617 095900,108.990000,109.010000,108.990000,109.010000,0
20050617 100000,109.030000,109.030000,108.980000,108.990000,0
20050617 100100,109.000000,109.000000,108.980000,108.980000,0
20050617 100200,108.990000,108.990000,108.940000,108.970000,0
20050617 100300,108.960000,108.960000,108.930000,108.930000,0
20050617 100400,108.940000,108.940000,108.880000,108.890000,0
20050617 100500,108.900000,108.930000,108.880000,108.910000,0
20050617 100600,108.900000,108.920000,108.890000,108.910000,0
20050617 100700,108.920000,108.920000,108.900000,108.900000,0
20050617 100800,108.910000,108.920000,108.890000,108.900000,0
20050617 100900,108.910000,108.910000,108.900000,108.900000,0
20050617 101000,108.890000,108.900000,108.890000,108.890000,0
20050617 101100,108.900000,108.920000,108.880000,108.920000,0
20050617 101200,108.930000,108.940000,108.910000,108.930000,0
20050617 101300,108.920000,109.000000,108.910000,108.960000,0
20050617 101400,108.970000,108.970000,108.910000,108.910000,0
20050617 101500,108.920000,108.930000,108.900000,108.920000,0
20050617 101600,108.900000,108.920000,108.900000,108.910000,0
20050617 101700,108.920000,108.950000,108.920000,108.920000,0
20050617 101800,108.910000,108.930000,108.910000,108.920000,0
20050617 101900,108.920000,108.940000,108.920000,108.930000,0
20050617 102000,108.920000,108.960000,108.920000,108.950000,0
20050617 102100,108.960000,108.970000,108.940000,108.940000,0
20050617 102200,108.930000,108.940000,108.930000,108.940000,0
20050617 102300,108.930000,108.960000,108.930000,108.950000,0
20050617 102400,108.960000,108.960000,108.930000,108.930000,0
20050617 102500,108.940000,108.940000,108.900000,108.920000,0
20050617 102600,108.910000,108.910000,108.880000,108.880000,0
20050617 102700,108.890000,108.900000,108.850000,108.850000,0
20050617 102800,108.860000,108.890000,108.850000,108.890000,0
20050617 102900,108.880000,108.900000,108.880000,108.880000,0
20050617 103000,108.890000,108.920000,108.890000,108.900000,0
20050617 103100,108.890000,108.900000,108.890000,108.900000,0
20050617 103200,108.890000,108.910000,108.890000,108.900000,0
20050617 103300,108.910000,108.910000,108.880000,108.890000,0
20050617 103400,108.900000,108.900000,108.880000,108.890000,0
20050617 103500,108.880000,108.890000,108.880000,108.880000,0
20050617 103600,108.890000,108.920000,108.880000,108.890000,0
20050617 103700,108.880000,108.890000,108.880000,108.890000,0
20050617 103800,108.880000,108.920000,108.880000,108.910000,0
20050617 103900,108.920000,109.000000,108.920000,108.980000,0
20050617 104000,108.970000,109.020000,108.970000,109.020000,0
20050617 104100,109.010000,109.020000,108.930000,108.980000,0
20050617 104200,108.970000,109.030000,108.950000,109.020000,0
20050617 104300,109.010000,109.030000,108.990000,109.030000,0
20050617 104400,109.020000,109.080000,109.020000,109.050000,0
20050617 104500,109.040000,109.040000,108.990000,109.010000,0
20050617 104600,109.030000,109.030000,108.960000,108.980000,0
20050617 104700,108.970000,108.980000,108.970000,108.980000,0
20050617 104800,108.970000,108.980000,108.950000,108.970000,0
20050617 104900,108.980000,108.990000,108.970000,108.970000,0
20050617 105000,108.960000,108.980000,108.920000,108.930000,0
20050617 105100,108.940000,108.950000,108.900000,108.900000,0
20050617 105200,108.910000,108.930000,108.890000,108.920000,0
20050617 105300,108.930000,108.950000,108.910000,108.920000,0
20050617 105400,108.930000,108.950000,108.930000,108.940000,0
20050617 105500,108.930000,108.930000,108.910000,108.920000,0
20050617 105600,108.940000,108.950000,108.930000,108.930000,0
20050617 105700,108.940000,108.950000,108.930000,108.950000,0
20050617 105800,108.950000,108.970000,108.950000,108.960000,0
20050617 105900,108.950000,109.030000,108.940000,109.030000,0
20050617 110000,109.020000,109.050000,109.000000,109.010000,0
20050617 110100,109.020000,109.040000,109.010000,109.040000,0
20050617 110200,109.030000,109.040000,109.030000,109.040000,0
20050617 110300,109.030000,109.040000,109.020000,109.030000,0
20050617 110400,109.020000,109.020000,109.000000,109.010000,0
20050617 110500,109.000000,109.010000,108.990000,108.990000,0
20050617 110600,109.000000,109.000000,108.980000,108.980000,0
20050617 110700,108.990000,109.000000,108.990000,109.000000,0
20050617 110800,108.990000,108.990000,108.970000,108.980000,0
20050617 110900,108.970000,108.990000,108.960000,108.960000,0
20050617 111000,108.950000,108.960000,108.940000,108.950000,0
20050617 111100,108.960000,108.970000,108.960000,108.960000,0
20050617 111200,108.950000,108.950000,108.930000,108.940000,0
20050617 111300,108.950000,108.950000,108.930000,108.940000,0
20050617 111400,108.930000,108.940000,108.920000,108.920000,0
20050617 111500,108.930000,108.940000,108.920000,108.930000,0
20050617 111600,108.920000,108.930000,108.920000,108.930000,0
20050617 111700,108.940000,108.960000,108.940000,108.940000,0
20050617 111800,108.950000,108.950000,108.900000,108.900000,0
20050617 111900,108.890000,108.910000,108.880000,108.880000,0
20050617 112000,108.890000,108.890000,108.860000,108.860000,0
20050617 112100,108.850000,108.860000,108.840000,108.850000,0
20050617 112200,108.860000,108.890000,108.850000,108.890000,0
20050617 112300,108.900000,108.900000,108.890000,108.890000,0
20050617 112400,108.900000,108.900000,108.870000,108.870000,0
20050617 112500,108.880000,108.890000,108.870000,108.890000,0
20050617 112600,108.900000,108.910000,108.890000,108.910000,0
20050617 112700,108.900000,108.940000,108.900000,108.940000,0
20050617 112800,108.930000,108.940000,108.930000,108.940000,0
20050617 112900,108.930000,108.940000,108.930000,108.940000,0
20050617 113000,108.930000,108.930000,108.920000,108.920000,0
20050617 113100,108.930000,108.940000,108.920000,108.930000,0
20050617 113200,108.940000,108.940000,108.920000,108.930000,0
20050617 113300,108.920000,108.930000,108.920000,108.920000,0
20050617 113400,108.910000,108.940000,108.910000,108.940000,0
20050617 113500,108.930000,108.960000,108.930000,108.950000,0
20050617 113600,108.940000,108.960000,108.940000,108.960000,0
20050617 113700,108.950000,108.960000,108.920000,108.950000,0
20050617 113800,108.940000,108.940000,108.910000,108.910000,0
20050617 113900,108.920000,108.920000,108.900000,108.900000,0
20050617 114000,108.910000,108.910000,108.900000,108.900000,0
20050617 114100,108.890000,108.890000,108.880000,108.890000,0
20050617 114200,108.900000,108.900000,108.890000,108.890000,0
20050617 114300,108.880000,108.900000,108.880000,108.890000,0
20050617 114400,108.880000,108.890000,108.870000,108.880000,0
20050617 114500,108.870000,108.880000,108.870000,108.880000,0
20050617 114600,108.870000,108.880000,108.870000,108.880000,0
20050617 114700,108.890000,108.890000,108.870000,108.880000,0
20050617 114800,108.870000,108.880000,108.860000,108.860000,0
20050617 114900,108.870000,108.870000,108.870000,108.870000,0
20050617 115000,108.860000,108.870000,108.860000,108.870000,0
20050617 115100,108.860000,108.860000,108.850000,108.850000,0
20050617 115200,108.860000,108.860000,108.850000,108.860000,0
20050617 115300,108.850000,108.860000,108.840000,108.850000,0
20050617 115400,108.840000,108.860000,108.840000,108.860000,0
20050617 115500,108.870000,108.880000,108.870000,108.870000,0
20050617 115600,108.860000,108.860000,108.860000,108.860000,0
20050617 115700,108.850000,108.890000,108.850000,108.880000,0
20050617 115900,108.870000,108.870000,108.870000,108.870000,0
20050617 120000,108.860000,108.880000,108.860000,108.880000,0
20050617 120200,108.890000,108.890000,108.880000,108.890000,0
20050617 120300,108.880000,108.890000,108.880000,108.890000,0
20050617 120400,108.880000,108.890000,108.880000,108.880000,0
20050617 120600,108.870000,108.880000,108.870000,108.880000,0
20050617 120700,108.870000,108.870000,108.870000,108.870000,0
20050617 120800,108.880000,108.880000,108.870000,108.870000,0
20050617 121000,108.860000,108.860000,108.860000,108.860000,0
20050617 121100,108.870000,108.870000,108.860000,108.860000,0
20050617 121300,108.870000,108.870000,108.870000,108.870000,0
20050617 121400,108.880000,108.890000,108.870000,108.880000,0
20050617 121500,108.890000,108.890000,108.880000,108.880000,0
20050617 121600,108.870000,108.870000,108.870000,108.870000,0
20050617 121700,108.860000,108.870000,108.860000,108.870000,0
20050617 121800,108.860000,108.880000,108.860000,108.880000,0
20050617 121900,108.870000,108.870000,108.860000,108.860000,0
20050617 122100,108.870000,108.880000,108.870000,108.880000,0
20050617 122200,108.890000,108.890000,108.880000,108.880000,0
20050617 122300,108.890000,108.890000,108.880000,108.890000,0
20050617 122400,108.900000,108.900000,108.890000,108.900000,0
20050617 122600,108.890000,108.890000,108.890000,108.890000,0
20050617 122700,108.880000,108.880000,108.870000,108.870000,0
20050617 123000,108.880000,108.890000,108.870000,108.870000,0
20050617 123100,108.880000,108.890000,108.870000,108.890000,0
20050617 123200,108.880000,108.890000,108.880000,108.890000,0
20050617 123400,108.900000,108.900000,108.890000,108.890000,0
20050617 123500,108.900000,108.900000,108.900000,108.900000,0
20050617 123600,108.890000,108.890000,108.890000,108.890000,0
20050617 123800,108.900000,108.900000,108.890000,108.890000,0
20050617 123900,108.880000,108.890000,108.880000,108.880000,0
20050617 124100,108.870000,108.870000,108.860000,108.870000,0
20050617 124400,108.880000,108.880000,108.880000,108.880000,0
20050617 124500,108.890000,108.900000,108.880000,108.900000,0
20050617 124600,108.890000,108.890000,108.890000,108.890000,0
20050617 124700,108.880000,108.880000,108.880000,108.880000,0
20050617 124800,108.870000,108.880000,108.870000,108.870000,0
20050617 124900,108.880000,108.880000,108.880000,108.880000,0
20050617 125000,108.890000,108.900000,108.890000,108.890000,0
20050617 125100,108.880000,108.880000,108.870000,108.870000,0
20050617 125200,108.860000,108.880000,108.860000,108.870000,0
20050617 125300,108.880000,108.880000,108.870000,108.880000,0
20050617 125400,108.870000,108.870000,108.860000,108.860000,0
20050617 125500,108.870000,108.870000,108.870000,108.870000,0
20050617 125900,108.880000,108.890000,108.880000,108.880000,0
20050617 130000,108.890000,108.900000,108.860000,108.870000,0
20050617 130100,108.860000,108.860000,108.860000,108.860000,0
20050617 130200,108.870000,108.870000,108.870000,108.870000,0
20050617 130400,108.880000,108.880000,108.880000,108.880000,0
20050617 130500,108.890000,108.890000,108.890000,108.890000,0
20050617 130600,108.890000,108.900000,108.890000,108.900000,0
20050617 130700,108.880000,108.900000,108.880000,108.900000,0
20050617 130800,108.880000,108.890000,108.880000,108.880000,0
20050617 130900,108.890000,108.900000,108.890000,108.890000,0
20050617 131000,108.900000,108.900000,108.900000,108.900000,0
20050617 131100,108.890000,108.900000,108.890000,108.900000,0
20050617 131200,108.890000,108.890000,108.890000,108.890000,0
20050617 131500,108.900000,108.900000,108.900000,108.900000,0
20050617 131600,108.890000,108.890000,108.890000,108.890000,0
20050617 131700,108.880000,108.880000,108.880000,108.880000,0
20050617 131800,108.890000,108.900000,108.880000,108.890000,0
20050617 131900,108.900000,108.900000,108.900000,108.900000,0
20050617 132000,108.890000,108.900000,108.890000,108.900000,0
20050617 132100,108.890000,108.900000,108.890000,108.900000,0
20050617 132400,108.890000,108.900000,108.890000,108.900000,0
20050617 132500,108.890000,108.900000,108.880000,108.880000,0
20050617 132600,108.890000,108.900000,108.880000,108.880000,0
20050617 132700,108.890000,108.890000,108.880000,108.880000,0
20050617 132900,108.890000,108.890000,108.880000,108.890000,0
20050617 133200,108.900000,108.900000,108.890000,108.900000,0
20050617 133300,108.890000,108.890000,108.890000,108.890000,0
20050617 133400,108.900000,108.910000,108.900000,108.910000,0
20050617 133500,108.900000,108.900000,108.890000,108.890000,0
20050617 134100,108.900000,108.900000,108.890000,108.900000,0
20050617 134400,108.890000,108.890000,108.890000,108.890000,0
20050617 134600,108.900000,108.920000,108.900000,108.910000,0
20050617 135000,108.900000,108.900000,108.890000,108.900000,0
20050617 135500,108.890000,108.890000,108.870000,108.870000,0
20050617 135600,108.880000,108.880000,108.860000,108.860000,0
20050617 135700,108.870000,108.870000,108.860000,108.860000,0
20050617 135800,108.870000,108.880000,108.870000,108.870000,0
20050617 140000,108.880000,108.880000,108.870000,108.870000,0
20050617 140200,108.880000,108.880000,108.870000,108.870000,0
20050617 140400,108.860000,108.870000,108.860000,108.860000,0
20050617 140600,108.850000,108.850000,108.850000,108.850000,0
20050617 140800,108.860000,108.860000,108.850000,108.860000,0
20050617 140900,108.850000,108.850000,108.830000,108.840000,0
20050617 141000,108.830000,108.830000,108.810000,108.810000,0
20050617 141100,108.800000,108.800000,108.740000,108.760000,0
20050617 141200,108.770000,108.770000,108.750000,108.760000,0
20050617 141300,108.760000,108.760000,108.710000,108.710000,0
20050617 141400,108.700000,108.720000,108.690000,108.700000,0
20050617 141500,108.690000,108.720000,108.680000,108.700000,0
20050617 141600,108.710000,108.720000,108.710000,108.720000,0
20050617 141700,108.730000,108.740000,108.700000,108.700000,0
20050617 141900,108.710000,108.720000,108.700000,108.700000,0
20050617 142000,108.710000,108.740000,108.710000,108.710000,0
20050617 142100,108.720000,108.740000,108.720000,108.730000,0
20050617 142200,108.740000,108.750000,108.710000,108.720000,0
20050617 142300,108.730000,108.730000,108.730000,108.730000,0
20050617 142400,108.740000,108.740000,108.730000,108.730000,0
20050617 142500,108.740000,108.760000,108.740000,108.750000,0
20050617 142600,108.760000,108.770000,108.760000,108.760000,0
20050617 142700,108.750000,108.750000,108.730000,108.730000,0
20050617 142800,108.720000,108.730000,108.720000,108.730000,0
20050617 143000,108.720000,108.720000,108.700000,108.700000,0
20050617 143100,108.690000,108.700000,108.690000,108.700000,0
20050617 143200,108.710000,108.720000,108.700000,108.720000,0
20050617 143300,108.730000,108.730000,108.720000,108.720000,0
20050617 143400,108.730000,108.730000,108.710000,108.710000,0
20050617 143500,108.700000,108.720000,108.700000,108.720000,0
20050617 143700,108.730000,108.740000,108.720000,108.740000,0
20050617 143800,108.730000,108.740000,108.730000,108.730000,0
20050617 143900,108.740000,108.740000,108.720000,108.730000,0
20050617 144100,108.720000,108.720000,108.710000,108.710000,0
20050617 144300,108.700000,108.700000,108.700000,108.700000,0
20050617 144400,108.690000,108.690000,108.680000,108.680000,0
20050617 144600,108.690000,108.700000,108.690000,108.700000,0
20050617 144700,108.690000,108.690000,108.680000,108.680000,0
20050617 144800,108.690000,108.690000,108.680000,108.680000,0
20050617 144900,108.690000,108.690000,108.680000,108.680000,0
20050617 145000,108.670000,108.680000,108.670000,108.680000,0
20050617 145200,108.670000,108.670000,108.670000,108.670000,0
20050617 145300,108.680000,108.690000,108.680000,108.690000,0
20050617 145400,108.680000,108.690000,108.670000,108.670000,0
20050617 145500,108.680000,108.680000,108.670000,108.670000,0
20050617 145600,108.680000,108.690000,108.670000,108.680000,0
20050617 145700,108.690000,108.700000,108.680000,108.680000,0
20050617 145800,108.690000,108.690000,108.670000,108.670000,0
20050617 145900,108.680000,108.680000,108.670000,108.670000,0
20050617 150000,108.680000,108.690000,108.670000,108.670000,0
20050617 150100,108.680000,108.690000,108.670000,108.670000,0
20050617 150200,108.680000,108.680000,108.670000,108.670000,0
20050617 150400,108.680000,108.690000,108.680000,108.690000,0
20050617 150600,108.700000,108.710000,108.680000,108.690000,0
20050617 150700,108.680000,108.690000,108.680000,108.690000,0
20050617 150800,108.700000,108.700000,108.690000,108.700000,0
20050617 150900,108.690000,108.690000,108.690000,108.690000,0
20050617 151000,108.700000,108.700000,108.690000,108.690000,0
20050617 151200,108.700000,108.700000,108.690000,108.690000,0
20050617 151300,108.700000,108.700000,108.690000,108.700000,0
20050617 151400,108.690000,108.700000,108.690000,108.690000,0
20050617 151700,108.670000,108.680000,108.670000,108.670000,0
20050617 151800,108.680000,108.680000,108.670000,108.670000,0
20050617 152100,108.680000,108.680000,108.680000,108.680000,0
20050617 152200,108.670000,108.680000,108.670000,108.670000,0
20050617 152300,108.680000,108.680000,108.670000,108.670000,0
20050617 152400,108.680000,108.690000,108.680000,108.690000,0
20050617 152800,108.680000,108.680000,108.680000,108.680000,0
20050617 153200,108.690000,108.690000,108.690000,108.690000,0
20050617 153300,108.680000,108.680000,108.680000,108.680000,0
20050617 153600,108.690000,108.690000,108.690000,108.690000,0
20050617 153700,108.680000,108.680000,108.680000,108.680000,0
20050617 153900,108.690000,108.690000,108.680000,108.680000,0
20050617 154000,108.690000,108.690000,108.680000,108.680000,0
20050617 154100,108.690000,108.690000,108.680000,108.680000,0
20050617 154700,108.690000,108.690000,108.680000,108.690000,0
20050617 154800,108.680000,108.680000,108.680000,108.680000,0
20050617 160400,108.670000,108.680000,108.670000,108.680000,0
20050617 160500,108.670000,108.680000,108.670000,108.680000,0
20050617 160600,108.670000,108.680000,108.670000,108.680000,0
20050617 160900,108.670000,108.670000,108.650000,108.660000,0
20050617 161000,108.650000,108.650000,108.550000,108.590000,0
20050617 161100,108.580000,108.590000,108.570000,108.590000,0
20050617 161200,108.580000,108.590000,108.570000,108.590000,0
20050617 161300,108.580000,108.590000,108.570000,108.580000,0
20050617 161400,108.570000,108.590000,108.570000,108.580000,0
20050617 161500,108.590000,108.600000,108.590000,108.590000,0
20050617 161600,108.580000,108.590000,108.540000,108.550000,0
20050617 161700,108.560000,108.580000,108.550000,108.560000,0
20050617 161800,108.570000,108.570000,108.570000,108.570000,0
20050617 161900,108.560000,108.570000,108.550000,108.560000,0
20050617 162000,108.550000,108.560000,108.550000,108.560000,0
20050617 162100,108.550000,108.560000,108.550000,108.550000,0
20050617 162400,108.560000,108.570000,108.560000,108.570000,0
20050617 162500,108.580000,108.590000,108.580000,108.590000,0
20050617 162600,108.600000,108.600000,108.580000,108.580000,0
20050617 162700,108.570000,108.570000,108.570000,108.570000,0
20050617 162800,108.580000,108.590000,108.580000,108.590000,0
20050617 162900,108.580000,108.590000,108.580000,108.580000,0
20050617 163000,108.590000,108.600000,108.590000,108.600000,0
