20170626 000000,111.306000,111.321000,111.303000,111.318000,0
20170626 000100,111.319000,111.321000,111.315000,111.315000,0
20170626 000200,111.314000,111.314000,111.306000,111.306000,0
20170626 000300,111.306000,111.308000,111.306000,111.306000,0
20170626 000400,111.307000,111.308000,111.304000,111.304000,0
20170626 000500,111.306000,111.307000,111.305000,111.306000,0
20170626 000600,111.307000,111.307000,111.307000,111.307000,0
20170626 000700,111.309000,111.309000,111.306000,111.308000,0
20170626 000800,111.308000,111.314000,111.308000,111.314000,0
20170626 000900,111.314000,111.314000,111.308000,111.309000,0
20170626 001000,111.309000,111.311000,111.308000,111.309000,0
20170626 001200,111.308000,111.309000,111.304000,111.307000,0
20170626 001300,111.308000,111.310000,111.307000,111.308000,0
20170626 001400,111.309000,111.309000,111.309000,111.309000,0
20170626 001500,111.310000,111.315000,111.310000,111.311000,0
20170626 001600,111.311000,111.311000,111.308000,111.308000,0
20170626 001700,111.308000,111.308000,111.307000,111.308000,0
20170626 001800,111.307000,111.308000,111.306000,111.308000,0
20170626 001900,111.307000,111.310000,111.305000,111.309000,0
20170626 002000,111.307000,111.308000,111.306000,111.306000,0
20170626 002100,111.306000,111.307000,111.302000,111.304000,0
20170626 002200,111.306000,111.306000,111.303000,111.304000,0
20170626 002300,111.304000,111.307000,111.304000,111.305000,0
20170626 002400,111.307000,111.314000,111.307000,111.309000,0
20170626 002500,111.311000,111.316000,111.311000,111.314000,0
20170626 002600,111.314000,111.317000,111.310000,111.315000,0
20170626 002700,111.315000,111.315000,111.308000,111.310000,0
20170626 002800,111.310000,111.311000,111.310000,111.310000,0
20170626 002900,111.310000,111.310000,111.309000,111.309000,0
20170626 003000,111.310000,111.310000,111.305000,111.307000,0
20170626 003100,111.306000,111.306000,111.294000,111.300000,0
20170626 003200,111.299000,111.301000,111.298000,111.301000,0
20170626 003300,111.302000,111.302000,111.302000,111.302000,0
20170626 003400,111.301000,111.301000,111.300000,111.301000,0
20170626 003500,111.300000,111.303000,111.298000,111.303000,0
20170626 003600,111.302000,111.322000,111.300000,111.320000,0
20170626 003700,111.326000,111.338000,111.325000,111.333000,0
20170626 003800,111.332000,111.332000,111.325000,111.325000,0
20170626 003900,111.326000,111.326000,111.315000,111.316000,0
20170626 004000,111.316000,111.322000,111.316000,111.317000,0
20170626 004100,111.317000,111.317000,111.316000,111.316000,0
20170626 004200,111.316000,111.317000,111.316000,111.316000,0
20170626 004300,111.316000,111.318000,111.316000,111.318000,0
20170626 004400,111.318000,111.329000,111.318000,111.326000,0
20170626 004500,111.327000,111.327000,111.326000,111.326000,0
20170626 004600,111.325000,111.326000,111.321000,111.324000,0
20170626 004700,111.327000,111.327000,111.325000,111.325000,0
20170626 004800,111.323000,111.324000,111.321000,111.321000,0
20170626 004900,111.323000,111.329000,111.321000,111.321000,0
20170626 005000,111.320000,111.322000,111.320000,111.321000,0
20170626 005100,111.322000,111.322000,111.319000,111.319000,0
20170626 005200,111.320000,111.321000,111.320000,111.320000,0
20170626 005400,111.319000,111.327000,111.319000,111.327000,0
20170626 005500,111.327000,111.327000,111.313000,111.313000,0
20170626 005600,111.312000,111.316000,111.309000,111.315000,0
20170626 005700,111.315000,111.315000,111.313000,111.313000,0
20170626 005800,111.313000,111.313000,111.313000,111.313000,0
20170626 005900,111.312000,111.319000,111.311000,111.314000,0
20170626 010000,111.316000,111.320000,111.313000,111.319000,0
20170626 010100,111.319000,111.319000,111.313000,111.319000,0
20170626 010200,111.318000,111.322000,111.318000,111.322000,0
20170626 010300,111.320000,111.320000,111.318000,111.319000,0
20170626 010400,111.319000,111.320000,111.313000,111.315000,0
20170626 010500,111.315000,111.320000,111.314000,111.314000,0
20170626 010600,111.314000,111.320000,111.314000,111.320000,0
20170626 010700,111.319000,111.319000,111.314000,111.319000,0
20170626 010800,111.319000,111.320000,111.316000,111.319000,0
20170626 010900,111.321000,111.321000,111.315000,111.316000,0
20170626 011000,111.318000,111.320000,111.314000,111.319000,0
20170626 011100,111.318000,111.318000,111.315000,111.316000,0
20170626 011200,111.317000,111.317000,111.315000,111.315000,0
20170626 011300,111.315000,111.318000,111.314000,111.314000,0
20170626 011400,111.315000,111.316000,111.314000,111.314000,0
20170626 011500,111.314000,111.320000,111.314000,111.319000,0
20170626 011600,111.318000,111.320000,111.314000,111.320000,0
20170626 011700,111.319000,111.320000,111.314000,111.317000,0
20170626 011800,111.316000,111.320000,111.315000,111.318000,0
20170626 011900,111.319000,111.320000,111.317000,111.320000,0
20170626 012000,111.319000,111.320000,111.316000,111.319000,0
20170626 012100,111.320000,111.321000,111.315000,111.321000,0
20170626 012200,111.321000,111.321000,111.320000,111.321000,0
20170626 012300,111.320000,111.321000,111.320000,111.321000,0
20170626 012400,111.320000,111.320000,111.320000,111.320000,0
20170626 012500,111.322000,111.322000,111.319000,111.320000,0
20170626 012600,111.319000,111.319000,111.315000,111.317000,0
20170626 012700,111.317000,111.318000,111.310000,111.310000,0
20170626 012800,111.309000,111.311000,111.304000,111.304000,0
20170626 012900,111.305000,111.309000,111.305000,111.309000,0
20170626 013000,111.309000,111.314000,111.308000,111.310000,0
20170626 013100,111.309000,111.312000,111.309000,111.310000,0
20170626 013200,111.311000,111.316000,111.311000,111.316000,0
20170626 013300,111.314000,111.314000,111.304000,111.307000,0
20170626 013400,111.309000,111.315000,111.309000,111.314000,0
20170626 013500,111.312000,111.312000,111.306000,111.308000,0
20170626 013600,111.309000,111.310000,111.309000,111.309000,0
20170626 013700,111.312000,111.318000,111.310000,111.315000,0
20170626 013800,111.316000,111.317000,111.314000,111.314000,0
20170626 013900,111.315000,111.317000,111.314000,111.314000,0
20170626 014000,111.315000,111.315000,111.312000,111.313000,0
20170626 014100,111.312000,111.313000,111.308000,111.310000,0
20170626 014200,111.309000,111.311000,111.309000,111.310000,0
20170626 014300,111.310000,111.314000,111.310000,111.311000,0
20170626 014400,111.312000,111.315000,111.311000,111.313000,0
20170626 014500,111.312000,111.312000,111.307000,111.307000,0
20170626 014600,111.308000,111.313000,111.308000,111.313000,0
20170626 014700,111.312000,111.312000,111.307000,111.308000,0
20170626 014800,111.310000,111.313000,111.305000,111.305000,0
20170626 014900,111.302000,111.306000,111.294000,111.297000,0
20170626 015000,111.298000,111.300000,111.295000,111.295000,0
20170626 015100,111.296000,111.313000,111.295000,111.311000,0
20170626 015200,111.310000,111.314000,111.307000,111.310000,0
20170626 015300,111.309000,111.312000,111.308000,111.308000,0
20170626 015400,111.312000,111.312000,111.307000,111.307000,0
20170626 015500,111.308000,111.313000,111.302000,111.302000,0
20170626 015600,111.303000,111.304000,111.302000,111.304000,0
20170626 015700,111.307000,111.311000,111.307000,111.311000,0
20170626 015800,111.313000,111.314000,111.284000,111.296000,0
20170626 015900,111.298000,111.298000,111.294000,111.294000,0
20170626 020000,111.293000,111.304000,111.291000,111.304000,0
20170626 020100,111.305000,111.316000,111.305000,111.315000,0
20170626 020200,111.316000,111.319000,111.314000,111.319000,0
20170626 020300,111.320000,111.323000,111.320000,111.323000,0
20170626 020400,111.322000,111.326000,111.313000,111.313000,0
20170626 020500,111.315000,111.326000,111.314000,111.326000,0
20170626 020600,111.324000,111.327000,111.321000,111.326000,0
20170626 020700,111.327000,111.333000,111.325000,111.328000,0
20170626 020800,111.329000,111.336000,111.322000,111.329000,0
20170626 020900,111.329000,111.332000,111.324000,111.326000,0
20170626 021000,111.325000,111.328000,111.319000,111.320000,0
20170626 021100,111.323000,111.323000,111.319000,111.322000,0
20170626 021200,111.323000,111.329000,111.322000,111.328000,0
20170626 021300,111.328000,111.343000,111.328000,111.342000,0
20170626 021400,111.340000,111.348000,111.335000,111.335000,0
20170626 021500,111.338000,111.339000,111.332000,111.337000,0
20170626 021600,111.339000,111.364000,111.339000,111.364000,0
20170626 021700,111.362000,111.362000,111.352000,111.361000,0
20170626 021800,111.361000,111.367000,111.357000,111.364000,0
20170626 021900,111.365000,111.366000,111.358000,111.358000,0
20170626 022000,111.361000,111.367000,111.361000,111.363000,0
20170626 022100,111.365000,111.377000,111.364000,111.377000,0
20170626 022200,111.377000,111.379000,111.370000,111.370000,0
20170626 022300,111.371000,111.387000,111.370000,111.377000,0
20170626 022400,111.377000,111.380000,111.375000,111.376000,0
20170626 022500,111.375000,111.375000,111.375000,111.375000,0
20170626 022600,111.374000,111.376000,111.368000,111.368000,0
20170626 022700,111.369000,111.369000,111.368000,111.368000,0
20170626 022800,111.366000,111.368000,111.362000,111.362000,0
20170626 022900,111.362000,111.377000,111.362000,111.369000,0
20170626 023000,111.368000,111.369000,111.362000,111.362000,0
20170626 023100,111.363000,111.363000,111.361000,111.362000,0
20170626 023200,111.363000,111.368000,111.362000,111.362000,0
20170626 023300,111.363000,111.366000,111.362000,111.364000,0
20170626 023400,111.362000,111.364000,111.359000,111.363000,0
20170626 023500,111.362000,111.362000,111.349000,111.356000,0
20170626 023600,111.356000,111.363000,111.352000,111.360000,0
20170626 023700,111.361000,111.361000,111.352000,111.352000,0
20170626 023800,111.355000,111.360000,111.350000,111.356000,0
20170626 023900,111.356000,111.376000,111.356000,111.376000,0
20170626 024000,111.385000,111.385000,111.375000,111.378000,0
20170626 024100,111.377000,111.384000,111.376000,111.381000,0
20170626 024200,111.379000,111.382000,111.378000,111.382000,0
20170626 024300,111.381000,111.386000,111.380000,111.383000,0
20170626 024400,111.382000,111.387000,111.379000,111.387000,0
20170626 024500,111.386000,111.386000,111.375000,111.377000,0
20170626 024600,111.379000,111.388000,111.378000,111.384000,0
20170626 024700,111.386000,111.388000,111.383000,111.384000,0
20170626 024800,111.386000,111.393000,111.383000,111.388000,0
20170626 024900,111.388000,111.388000,111.382000,111.382000,0
20170626 025000,111.382000,111.383000,111.382000,111.382000,0
20170626 025100,111.381000,111.382000,111.381000,111.382000,0
20170626 025200,111.380000,111.380000,111.364000,111.364000,0
20170626 025300,111.363000,111.370000,111.358000,111.358000,0
20170626 025400,111.361000,111.364000,111.361000,111.362000,0
20170626 025500,111.367000,111.370000,111.363000,111.368000,0
20170626 025600,111.368000,111.374000,111.365000,111.368000,0
20170626 025700,111.369000,111.369000,111.364000,111.368000,0
20170626 025800,111.368000,111.369000,111.364000,111.369000,0
20170626 025900,111.371000,111.387000,111.371000,111.387000,0
20170626 030000,111.387000,111.470000,111.387000,111.447000,0
20170626 030100,111.449000,111.464000,111.448000,111.450000,0
20170626 030200,111.451000,111.464000,111.451000,111.454000,0
20170626 030300,111.455000,111.462000,111.454000,111.455000,0
20170626 030400,111.459000,111.465000,111.455000,111.455000,0
20170626 030500,111.455000,111.460000,111.454000,111.455000,0
20170626 030600,111.455000,111.459000,111.445000,111.448000,0
20170626 030700,111.449000,111.460000,111.443000,111.444000,0
20170626 030800,111.443000,111.454000,111.435000,111.447000,0
20170626 030900,111.446000,111.463000,111.443000,111.447000,0
20170626 031000,111.452000,111.480000,111.450000,111.476000,0
20170626 031100,111.477000,111.479000,111.469000,111.477000,0
20170626 031200,111.477000,111.484000,111.472000,111.473000,0
20170626 031300,111.472000,111.485000,111.464000,111.466000,0
20170626 031400,111.465000,111.475000,111.463000,111.468000,0
20170626 031500,111.468000,111.482000,111.468000,111.478000,0
20170626 031600,111.478000,111.483000,111.471000,111.483000,0
20170626 031700,111.483000,111.493000,111.483000,111.487000,0
20170626 031800,111.481000,111.481000,111.468000,111.468000,0
20170626 031900,111.467000,111.473000,111.463000,111.463000,0
20170626 032000,111.464000,111.476000,111.464000,111.475000,0
20170626 032100,111.475000,111.480000,111.475000,111.477000,0
20170626 032200,111.477000,111.488000,111.474000,111.485000,0
20170626 032300,111.481000,111.494000,111.481000,111.490000,0
20170626 032400,111.489000,111.489000,111.480000,111.480000,0
20170626 032500,111.480000,111.480000,111.471000,111.472000,0
20170626 032600,111.472000,111.473000,111.468000,111.470000,0
20170626 032700,111.471000,111.476000,111.454000,111.460000,0
20170626 032800,111.459000,111.462000,111.456000,111.456000,0
20170626 032900,111.454000,111.461000,111.442000,111.454000,0
20170626 033000,111.453000,111.459000,111.449000,111.452000,0
20170626 033100,111.451000,111.465000,111.443000,111.448000,0
20170626 033200,111.449000,111.450000,111.443000,111.446000,0
20170626 033300,111.446000,111.454000,111.444000,111.452000,0
20170626 033400,111.451000,111.454000,111.447000,111.448000,0
20170626 033500,111.449000,111.463000,111.449000,111.457000,0
20170626 033600,111.457000,111.457000,111.446000,111.446000,0
20170626 033700,111.446000,111.465000,111.445000,111.454000,0
20170626 033800,111.455000,111.471000,111.455000,111.467000,0
20170626 033900,111.466000,111.472000,111.462000,111.471000,0
20170626 034000,111.471000,111.479000,111.468000,111.468000,0
20170626 034100,111.468000,111.468000,111.462000,111.462000,0
20170626 034200,111.462000,111.463000,111.456000,111.463000,0
20170626 034300,111.462000,111.468000,111.457000,111.468000,0
20170626 034400,111.467000,111.467000,111.462000,111.466000,0
20170626 034500,111.467000,111.475000,111.463000,111.465000,0
20170626 034600,111.464000,111.464000,111.448000,111.449000,0
20170626 034700,111.448000,111.457000,111.448000,111.455000,0
20170626 034800,111.456000,111.456000,111.448000,111.449000,0
20170626 034900,111.450000,111.451000,111.427000,111.430000,0
20170626 035000,111.430000,111.437000,111.423000,111.435000,0
20170626 035100,111.434000,111.434000,111.425000,111.427000,0
20170626 035200,111.427000,111.449000,111.427000,111.445000,0
20170626 035300,111.447000,111.448000,111.442000,111.442000,0
20170626 035400,111.439000,111.439000,111.425000,111.431000,0
20170626 035500,111.430000,111.435000,111.425000,111.431000,0
20170626 035600,111.430000,111.436000,111.430000,111.432000,0
20170626 035700,111.433000,111.443000,111.433000,111.441000,0
20170626 035800,111.440000,111.456000,111.434000,111.451000,0
20170626 035900,111.451000,111.468000,111.451000,111.458000,0
20170626 040000,111.458000,111.473000,111.440000,111.473000,0
20170626 040100,111.473000,111.598000,111.473000,111.548000,0
20170626 040200,111.547000,111.567000,111.529000,111.533000,0
20170626 040300,111.533000,111.557000,111.533000,111.546000,0
20170626 040400,111.546000,111.563000,111.535000,111.551000,0
20170626 040500,111.548000,111.569000,111.541000,111.550000,0
20170626 040600,111.553000,111.565000,111.548000,111.554000,0
20170626 040700,111.554000,111.567000,111.552000,111.566000,0
20170626 040800,111.567000,111.571000,111.558000,111.571000,0
20170626 040900,111.571000,111.607000,111.571000,111.589000,0
20170626 041000,111.590000,111.608000,111.587000,111.588000,0
20170626 041100,111.591000,111.602000,111.587000,111.597000,0
20170626 041200,111.597000,111.603000,111.578000,111.584000,0
20170626 041300,111.584000,111.589000,111.557000,111.566000,0
20170626 041400,111.566000,111.567000,111.546000,111.564000,0
20170626 041500,111.568000,111.568000,111.552000,111.554000,0
20170626 041600,111.553000,111.583000,111.553000,111.582000,0
20170626 041700,111.581000,111.589000,111.578000,111.585000,0
20170626 041800,111.586000,111.587000,111.576000,111.584000,0
20170626 041900,111.585000,111.595000,111.579000,111.583000,0
20170626 042000,111.582000,111.633000,111.579000,111.620000,0
20170626 042100,111.619000,111.635000,111.615000,111.629000,0
20170626 042200,111.632000,111.646000,111.625000,111.633000,0
20170626 042300,111.633000,111.639000,111.632000,111.632000,0
20170626 042400,111.630000,111.640000,111.621000,111.631000,0
20170626 042500,111.634000,111.640000,111.628000,111.635000,0
20170626 042600,111.637000,111.647000,111.637000,111.645000,0
20170626 042700,111.645000,111.646000,111.620000,111.629000,0
20170626 042800,111.629000,111.646000,111.629000,111.642000,0
20170626 042900,111.643000,111.644000,111.630000,111.637000,0
20170626 043000,111.638000,111.672000,111.638000,111.664000,0
20170626 043100,111.664000,111.670000,111.652000,111.658000,0
20170626 043200,111.658000,111.671000,111.658000,111.665000,0
20170626 043300,111.664000,111.664000,111.638000,111.640000,0
20170626 043400,111.640000,111.656000,111.638000,111.640000,0
20170626 043500,111.640000,111.649000,111.640000,111.649000,0
20170626 043600,111.650000,111.668000,111.650000,111.667000,0
20170626 043700,111.669000,111.671000,111.659000,111.667000,0
20170626 043800,111.665000,111.669000,111.656000,111.657000,0
20170626 043900,111.657000,111.657000,111.648000,111.651000,0
20170626 044000,111.652000,111.665000,111.652000,111.661000,0
20170626 044100,111.662000,111.672000,111.659000,111.665000,0
20170626 044200,111.664000,111.665000,111.653000,111.655000,0
20170626 044300,111.655000,111.658000,111.647000,111.649000,0
20170626 044400,111.650000,111.652000,111.635000,111.641000,0
20170626 044500,111.643000,111.659000,111.633000,111.657000,0
20170626 044600,111.653000,111.663000,111.650000,111.656000,0
20170626 044700,111.657000,111.658000,111.644000,111.644000,0
20170626 044800,111.646000,111.648000,111.638000,111.644000,0
20170626 044900,111.643000,111.649000,111.634000,111.639000,0
20170626 045000,111.639000,111.658000,111.638000,111.656000,0
20170626 045100,111.656000,111.656000,111.650000,111.651000,0
20170626 045200,111.650000,111.657000,111.647000,111.651000,0
20170626 045300,111.651000,111.660000,111.651000,111.653000,0
20170626 045400,111.650000,111.654000,111.644000,111.651000,0
20170626 045500,111.652000,111.659000,111.648000,111.652000,0
20170626 045600,111.651000,111.651000,111.645000,111.650000,0
20170626 045700,111.652000,111.652000,111.639000,111.639000,0
20170626 045800,111.638000,111.647000,111.627000,111.642000,0
20170626 045900,111.644000,111.647000,111.637000,111.639000,0
20170626 050000,111.640000,111.662000,111.637000,111.662000,0
20170626 050100,111.657000,111.664000,111.653000,111.664000,0
20170626 050200,111.663000,111.697000,111.659000,111.690000,0
20170626 050300,111.690000,111.694000,111.681000,111.694000,0
20170626 050400,111.695000,111.703000,111.692000,111.702000,0
20170626 050500,111.705000,111.707000,111.696000,111.700000,0
20170626 050600,111.699000,111.699000,111.691000,111.695000,0
20170626 050700,111.694000,111.695000,111.690000,111.690000,0
20170626 050800,111.689000,111.694000,111.688000,111.688000,0
20170626 050900,111.686000,111.689000,111.676000,111.688000,0
20170626 051000,111.687000,111.687000,111.681000,111.684000,0
20170626 051100,111.684000,111.684000,111.675000,111.682000,0
20170626 051200,111.684000,111.685000,111.675000,111.681000,0
20170626 051300,111.679000,111.694000,111.676000,111.691000,0
20170626 051400,111.694000,111.695000,111.684000,111.685000,0
20170626 051500,111.682000,111.699000,111.682000,111.699000,0
20170626 051600,111.699000,111.708000,111.696000,111.708000,0
20170626 051700,111.708000,111.709000,111.698000,111.701000,0
20170626 051800,111.702000,111.703000,111.695000,111.698000,0
20170626 051900,111.697000,111.697000,111.691000,111.692000,0
20170626 052000,111.692000,111.708000,111.691000,111.708000,0
20170626 052100,111.708000,111.710000,111.703000,111.703000,0
20170626 052200,111.702000,111.703000,111.691000,111.700000,0
20170626 052300,111.699000,111.699000,111.676000,111.677000,0
20170626 052400,111.678000,111.688000,111.677000,111.684000,0
20170626 052500,111.683000,111.700000,111.682000,111.692000,0
20170626 052600,111.692000,111.695000,111.681000,111.681000,0
20170626 052700,111.680000,111.680000,111.664000,111.665000,0
20170626 052800,111.667000,111.667000,111.657000,111.658000,0
20170626 052900,111.659000,111.663000,111.644000,111.648000,0
20170626 053000,111.647000,111.661000,111.646000,111.660000,0
20170626 053100,111.661000,111.663000,111.658000,111.660000,0
20170626 053200,111.661000,111.661000,111.648000,111.651000,0
20170626 053300,111.652000,111.661000,111.646000,111.658000,0
20170626 053400,111.661000,111.666000,111.658000,111.665000,0
20170626 053500,111.665000,111.676000,111.663000,111.671000,0
20170626 053600,111.672000,111.684000,111.669000,111.681000,0
20170626 053700,111.682000,111.684000,111.671000,111.681000,0
20170626 053800,111.682000,111.685000,111.675000,111.684000,0
20170626 053900,111.685000,111.685000,111.684000,111.684000,0
20170626 054000,111.685000,111.685000,111.668000,111.672000,0
20170626 054100,111.670000,111.673000,111.665000,111.672000,0
20170626 054200,111.673000,111.684000,111.673000,111.678000,0
20170626 054300,111.678000,111.680000,111.675000,111.678000,0
20170626 054400,111.677000,111.686000,111.677000,111.683000,0
20170626 054500,111.684000,111.697000,111.684000,111.691000,0
20170626 054600,111.690000,111.691000,111.684000,111.686000,0
20170626 054700,111.686000,111.689000,111.684000,111.685000,0
20170626 054800,111.685000,111.685000,111.677000,111.679000,0
20170626 054900,111.679000,111.679000,111.676000,111.679000,0
20170626 055000,111.679000,111.686000,111.678000,111.684000,0
20170626 055100,111.683000,111.683000,111.678000,111.678000,0
20170626 055200,111.678000,111.686000,111.678000,111.685000,0
20170626 055300,111.683000,111.683000,111.677000,111.677000,0
20170626 055400,111.676000,111.679000,111.666000,111.666000,0
20170626 055500,111.668000,111.670000,111.658000,111.669000,0
20170626 055600,111.670000,111.671000,111.661000,111.661000,0
20170626 055700,111.659000,111.669000,111.656000,111.667000,0
20170626 055800,111.666000,111.677000,111.660000,111.671000,0
20170626 055900,111.672000,111.687000,111.670000,111.682000,0
20170626 060000,111.681000,111.688000,111.681000,111.685000,0
20170626 060100,111.686000,111.697000,111.683000,111.694000,0
20170626 060200,111.694000,111.695000,111.688000,111.694000,0
20170626 060300,111.695000,111.701000,111.688000,111.689000,0
20170626 060400,111.690000,111.701000,111.690000,111.698000,0
20170626 060500,111.697000,111.698000,111.687000,111.687000,0
20170626 060600,111.686000,111.686000,111.664000,111.665000,0
20170626 060700,111.666000,111.674000,111.666000,111.668000,0
20170626 060800,111.669000,111.669000,111.657000,111.664000,0
20170626 060900,111.662000,111.662000,111.650000,111.652000,0
20170626 061000,111.654000,111.658000,111.643000,111.649000,0
20170626 061100,111.648000,111.651000,111.637000,111.651000,0
20170626 061200,111.652000,111.657000,111.650000,111.651000,0
20170626 061300,111.651000,111.664000,111.650000,111.660000,0
20170626 061400,111.659000,111.659000,111.649000,111.651000,0
20170626 061500,111.649000,111.651000,111.637000,111.639000,0
20170626 061600,111.640000,111.650000,111.623000,111.623000,0
20170626 061700,111.622000,111.630000,111.612000,111.612000,0
20170626 061800,111.613000,111.622000,111.609000,111.618000,0
20170626 061900,111.616000,111.616000,111.608000,111.609000,0
20170626 062000,111.608000,111.617000,111.608000,111.609000,0
20170626 062100,111.610000,111.613000,111.597000,111.600000,0
20170626 062200,111.602000,111.616000,111.602000,111.612000,0
20170626 062300,111.611000,111.615000,111.597000,111.602000,0
20170626 062400,111.603000,111.609000,111.594000,111.594000,0
20170626 062500,111.595000,111.610000,111.593000,111.603000,0
20170626 062600,111.603000,111.603000,111.578000,111.583000,0
20170626 062700,111.582000,111.595000,111.577000,111.595000,0
20170626 062800,111.595000,111.598000,111.586000,111.587000,0
20170626 062900,111.587000,111.591000,111.585000,111.588000,0
20170626 063000,111.588000,111.591000,111.577000,111.578000,0
20170626 063100,111.578000,111.589000,111.578000,111.587000,0
20170626 063200,111.586000,111.606000,111.579000,111.604000,0
20170626 063300,111.604000,111.624000,111.599000,111.623000,0
20170626 063400,111.621000,111.647000,111.618000,111.641000,0
20170626 063500,111.640000,111.640000,111.621000,111.622000,0
20170626 063600,111.624000,111.626000,111.608000,111.622000,0
20170626 063700,111.620000,111.630000,111.617000,111.630000,0
20170626 063800,111.627000,111.630000,111.616000,111.621000,0
20170626 063900,111.620000,111.624000,111.618000,111.618000,0
20170626 064000,111.619000,111.624000,111.617000,111.618000,0
20170626 064100,111.617000,111.628000,111.609000,111.616000,0
20170626 064200,111.615000,111.627000,111.610000,111.622000,0
20170626 064300,111.621000,111.624000,111.621000,111.621000,0
20170626 064400,111.619000,111.635000,111.619000,111.635000,0
20170626 064500,111.633000,111.633000,111.629000,111.630000,0
20170626 064600,111.630000,111.630000,111.627000,111.628000,0
20170626 064700,111.629000,111.629000,111.610000,111.612000,0
20170626 064800,111.610000,111.612000,111.606000,111.611000,0
20170626 064900,111.612000,111.630000,111.609000,111.627000,0
20170626 065000,111.627000,111.634000,111.627000,111.634000,0
20170626 065100,111.635000,111.635000,111.627000,111.629000,0
20170626 065200,111.632000,111.632000,111.620000,111.623000,0
20170626 065300,111.622000,111.622000,111.604000,111.622000,0
20170626 065400,111.623000,111.623000,111.612000,111.615000,0
20170626 065500,111.616000,111.630000,111.614000,111.626000,0
20170626 065600,111.626000,111.627000,111.623000,111.624000,0
20170626 065700,111.627000,111.627000,111.621000,111.622000,0
20170626 065800,111.624000,111.636000,111.624000,111.630000,0
20170626 065900,111.631000,111.648000,111.628000,111.648000,0
20170626 070000,111.648000,111.665000,111.644000,111.660000,0
20170626 070100,111.659000,111.665000,111.649000,111.657000,0
20170626 070200,111.658000,111.659000,111.649000,111.650000,0
20170626 070300,111.649000,111.649000,111.639000,111.639000,0
20170626 070400,111.641000,111.644000,111.641000,111.642000,0
20170626 070500,111.641000,111.646000,111.641000,111.644000,0
20170626 070600,111.645000,111.648000,111.639000,111.643000,0
20170626 070700,111.642000,111.645000,111.640000,111.640000,0
20170626 070800,111.640000,111.648000,111.640000,111.640000,0
20170626 070900,111.642000,111.656000,111.641000,111.647000,0
20170626 071000,111.646000,111.648000,111.643000,111.647000,0
20170626 071100,111.646000,111.662000,111.646000,111.648000,0
20170626 071200,111.646000,111.647000,111.637000,111.642000,0
20170626 071300,111.643000,111.653000,111.641000,111.649000,0
20170626 071400,111.646000,111.655000,111.643000,111.654000,0
20170626 071500,111.654000,111.672000,111.654000,111.659000,0
20170626 071600,111.659000,111.660000,111.643000,111.643000,0
20170626 071700,111.644000,111.646000,111.637000,111.638000,0
20170626 071800,111.639000,111.649000,111.639000,111.646000,0
20170626 071900,111.645000,111.661000,111.645000,111.659000,0
20170626 072000,111.661000,111.678000,111.661000,111.668000,0
20170626 072100,111.668000,111.674000,111.662000,111.667000,0
20170626 072200,111.668000,111.697000,111.668000,111.697000,0
20170626 072300,111.697000,111.700000,111.672000,111.687000,0
20170626 072400,111.686000,111.690000,111.681000,111.687000,0
20170626 072500,111.685000,111.719000,111.685000,111.719000,0
20170626 072600,111.723000,111.724000,111.706000,111.712000,0
20170626 072700,111.713000,111.719000,111.701000,111.703000,0
20170626 072800,111.704000,111.705000,111.692000,111.696000,0
20170626 072900,111.697000,111.698000,111.690000,111.696000,0
20170626 073000,111.697000,111.697000,111.690000,111.690000,0
20170626 073100,111.689000,111.699000,111.689000,111.699000,0
20170626 073200,111.699000,111.699000,111.692000,111.693000,0
20170626 073300,111.691000,111.713000,111.691000,111.709000,0
20170626 073400,111.709000,111.710000,111.695000,111.696000,0
20170626 073500,111.695000,111.699000,111.666000,111.666000,0
20170626 073600,111.666000,111.677000,111.658000,111.675000,0
20170626 073700,111.674000,111.674000,111.654000,111.658000,0
20170626 073800,111.663000,111.671000,111.652000,111.656000,0
20170626 073900,111.655000,111.659000,111.646000,111.652000,0
20170626 074000,111.649000,111.653000,111.646000,111.646000,0
20170626 074100,111.645000,111.653000,111.645000,111.648000,0
20170626 074200,111.651000,111.661000,111.648000,111.659000,0
20170626 074300,111.659000,111.659000,111.650000,111.653000,0
20170626 074400,111.654000,111.659000,111.646000,111.647000,0
20170626 074500,111.647000,111.647000,111.632000,111.633000,0
20170626 074600,111.633000,111.647000,111.633000,111.640000,0
20170626 074700,111.647000,111.654000,111.647000,111.653000,0
20170626 074800,111.652000,111.652000,111.648000,111.649000,0
20170626 074900,111.648000,111.652000,111.643000,111.646000,0
20170626 075000,111.645000,111.650000,111.640000,111.646000,0
20170626 075100,111.647000,111.652000,111.643000,111.645000,0
20170626 075200,111.646000,111.650000,111.645000,111.648000,0
20170626 075300,111.648000,111.662000,111.647000,111.661000,0
20170626 075400,111.660000,111.667000,111.658000,111.663000,0
20170626 075500,111.663000,111.663000,111.657000,111.660000,0
20170626 075600,111.659000,111.672000,111.659000,111.669000,0
20170626 075700,111.672000,111.672000,111.667000,111.668000,0
20170626 075800,111.667000,111.668000,111.665000,111.667000,0
20170626 075900,111.666000,111.667000,111.654000,111.655000,0
20170626 080000,111.657000,111.674000,111.657000,111.674000,0
20170626 080100,111.674000,111.687000,111.674000,111.687000,0
20170626 080200,111.686000,111.702000,111.684000,111.701000,0
20170626 080300,111.701000,111.707000,111.687000,111.693000,0
20170626 080400,111.692000,111.692000,111.682000,111.682000,0
20170626 080500,111.684000,111.686000,111.679000,111.680000,0
20170626 080600,111.681000,111.690000,111.680000,111.687000,0
20170626 080700,111.687000,111.689000,111.679000,111.680000,0
20170626 080800,111.681000,111.683000,111.670000,111.672000,0
20170626 080900,111.672000,111.672000,111.658000,111.664000,0
20170626 081000,111.664000,111.671000,111.664000,111.668000,0
20170626 081100,111.669000,111.670000,111.669000,111.669000,0
20170626 081200,111.670000,111.671000,111.669000,111.670000,0
20170626 081300,111.671000,111.674000,111.663000,111.666000,0
20170626 081400,111.668000,111.673000,111.665000,111.666000,0
20170626 081500,111.672000,111.687000,111.667000,111.668000,0
20170626 081600,111.668000,111.674000,111.667000,111.671000,0
20170626 081700,111.672000,111.678000,111.656000,111.665000,0
20170626 081800,111.664000,111.670000,111.661000,111.669000,0
20170626 081900,111.670000,111.671000,111.650000,111.658000,0
20170626 082000,111.660000,111.691000,111.660000,111.688000,0
20170626 082100,111.686000,111.696000,111.669000,111.689000,0
20170626 082200,111.691000,111.703000,111.682000,111.695000,0
20170626 082300,111.696000,111.696000,111.674000,111.689000,0
20170626 082400,111.689000,111.702000,111.685000,111.701000,0
20170626 082500,111.700000,111.704000,111.694000,111.695000,0
20170626 082600,111.693000,111.697000,111.690000,111.695000,0
20170626 082700,111.695000,111.697000,111.684000,111.685000,0
20170626 082800,111.685000,111.690000,111.679000,111.679000,0
20170626 082900,111.680000,111.681000,111.667000,111.667000,0
20170626 083000,111.670000,111.670000,111.550000,111.559000,0
20170626 083100,111.557000,111.561000,111.504000,111.522000,0
20170626 083200,111.521000,111.539000,111.509000,111.511000,0
20170626 083300,111.511000,111.536000,111.511000,111.523000,0
20170626 083400,111.521000,111.522000,111.477000,111.499000,0
20170626 083500,111.500000,111.515000,111.491000,111.507000,0
20170626 083600,111.510000,111.530000,111.503000,111.523000,0
20170626 083700,111.522000,111.534000,111.499000,111.528000,0
20170626 083800,111.524000,111.535000,111.518000,111.530000,0
20170626 083900,111.530000,111.530000,111.462000,111.470000,0
20170626 084000,111.470000,111.470000,111.446000,111.463000,0
20170626 084100,111.462000,111.472000,111.441000,111.441000,0
20170626 084200,111.439000,111.445000,111.420000,111.438000,0
20170626 084300,111.439000,111.456000,111.437000,111.452000,0
20170626 084400,111.451000,111.458000,111.431000,111.435000,0
20170626 084500,111.437000,111.446000,111.418000,111.418000,0
20170626 084600,111.417000,111.419000,111.395000,111.408000,0
20170626 084700,111.407000,111.416000,111.376000,111.395000,0
20170626 084800,111.395000,111.401000,111.384000,111.396000,0
20170626 084900,111.396000,111.399000,111.391000,111.392000,0
20170626 085000,111.392000,111.393000,111.356000,111.367000,0
20170626 085100,111.368000,111.384000,111.363000,111.383000,0
20170626 085200,111.383000,111.394000,111.380000,111.384000,0
20170626 085300,111.383000,111.410000,111.378000,111.401000,0
20170626 085400,111.402000,111.411000,111.391000,111.401000,0
20170626 085500,111.399000,111.402000,111.389000,111.391000,0
20170626 085600,111.394000,111.407000,111.375000,111.407000,0
20170626 085700,111.407000,111.449000,111.407000,111.447000,0
20170626 085800,111.447000,111.457000,111.434000,111.451000,0
20170626 085900,111.451000,111.453000,111.444000,111.444000,0
20170626 090000,111.442000,111.446000,111.422000,111.436000,0
20170626 090100,111.436000,111.436000,111.413000,111.413000,0
20170626 090200,111.414000,111.424000,111.397000,111.409000,0
20170626 090300,111.407000,111.421000,111.407000,111.420000,0
20170626 090400,111.420000,111.433000,111.415000,111.416000,0
20170626 090500,111.416000,111.420000,111.414000,111.414000,0
20170626 090600,111.416000,111.433000,111.416000,111.427000,0
20170626 090700,111.427000,111.431000,111.393000,111.401000,0
20170626 090800,111.401000,111.421000,111.401000,111.420000,0
20170626 090900,111.421000,111.421000,111.406000,111.416000,0
20170626 091000,111.414000,111.433000,111.395000,111.432000,0
20170626 091100,111.431000,111.435000,111.424000,111.430000,0
20170626 091200,111.430000,111.432000,111.406000,111.408000,0
20170626 091300,111.409000,111.432000,111.409000,111.425000,0
20170626 091400,111.423000,111.433000,111.420000,111.422000,0
20170626 091500,111.425000,111.433000,111.405000,111.409000,0
20170626 091600,111.409000,111.411000,111.392000,111.404000,0
20170626 091700,111.403000,111.418000,111.403000,111.417000,0
20170626 091800,111.417000,111.428000,111.406000,111.421000,0
20170626 091900,111.410000,111.415000,111.398000,111.408000,0
20170626 092000,111.408000,111.421000,111.385000,111.385000,0
20170626 092100,111.388000,111.389000,111.373000,111.384000,0
20170626 092200,111.385000,111.404000,111.383000,111.404000,0
20170626 092300,111.402000,111.429000,111.402000,111.422000,0
20170626 092400,111.423000,111.434000,111.417000,111.433000,0
20170626 092500,111.433000,111.447000,111.432000,111.447000,0
20170626 092600,111.447000,111.455000,111.445000,111.446000,0
20170626 092700,111.445000,111.452000,111.440000,111.452000,0
20170626 092800,111.452000,111.461000,111.451000,111.453000,0
20170626 092900,111.454000,111.465000,111.452000,111.465000,0
20170626 093000,111.464000,111.465000,111.439000,111.453000,0
20170626 093100,111.455000,111.480000,111.453000,111.471000,0
20170626 093200,111.470000,111.471000,111.403000,111.431000,0
20170626 093300,111.432000,111.442000,111.416000,111.429000,0
20170626 093400,111.431000,111.443000,111.430000,111.438000,0
20170626 093500,111.437000,111.468000,111.434000,111.441000,0
20170626 093600,111.440000,111.441000,111.424000,111.434000,0
20170626 093700,111.435000,111.435000,111.407000,111.419000,0
20170626 093800,111.420000,111.451000,111.418000,111.448000,0
20170626 093900,111.449000,111.465000,111.440000,111.443000,0
20170626 094000,111.444000,111.465000,111.444000,111.458000,0
20170626 094100,111.462000,111.468000,111.454000,111.463000,0
20170626 094200,111.465000,111.489000,111.463000,111.483000,0
20170626 094300,111.482000,111.490000,111.475000,111.478000,0
20170626 094400,111.477000,111.479000,111.463000,111.471000,0
20170626 094500,111.476000,111.477000,111.455000,111.464000,0
20170626 094600,111.465000,111.475000,111.458000,111.459000,0
20170626 094700,111.460000,111.465000,111.456000,111.463000,0
20170626 094800,111.464000,111.470000,111.453000,111.458000,0
20170626 094900,111.459000,111.465000,111.439000,111.453000,0
20170626 095000,111.457000,111.476000,111.456000,111.471000,0
20170626 095100,111.470000,111.476000,111.463000,111.470000,0
20170626 095200,111.471000,111.475000,111.457000,111.464000,0
20170626 095300,111.463000,111.468000,111.458000,111.462000,0
20170626 095400,111.463000,111.470000,111.455000,111.469000,0
20170626 095500,111.468000,111.479000,111.459000,111.476000,0
20170626 095600,111.477000,111.492000,111.477000,111.488000,0
20170626 095700,111.489000,111.495000,111.484000,111.494000,0
20170626 095800,111.493000,111.495000,111.469000,111.474000,0
20170626 095900,111.475000,111.532000,111.475000,111.531000,0
20170626 100000,111.530000,111.541000,111.508000,111.513000,0
20170626 100100,111.511000,111.527000,111.496000,111.502000,0
20170626 100200,111.502000,111.502000,111.478000,111.482000,0
20170626 100300,111.481000,111.506000,111.480000,111.502000,0
20170626 100400,111.506000,111.521000,111.506000,111.508000,0
20170626 100500,111.507000,111.526000,111.503000,111.524000,0
20170626 100600,111.526000,111.526000,111.504000,111.515000,0
20170626 100700,111.511000,111.516000,111.502000,111.514000,0
20170626 100800,111.512000,111.527000,111.511000,111.520000,0
20170626 100900,111.516000,111.532000,111.513000,111.531000,0
20170626 101000,111.532000,111.532000,111.484000,111.484000,0
20170626 101100,111.484000,111.493000,111.469000,111.470000,0
20170626 101200,111.471000,111.487000,111.470000,111.470000,0
20170626 101300,111.471000,111.499000,111.469000,111.490000,0
20170626 101400,111.491000,111.496000,111.482000,111.487000,0
20170626 101500,111.488000,111.492000,111.475000,111.482000,0
20170626 101600,111.482000,111.485000,111.463000,111.468000,0
20170626 101700,111.470000,111.473000,111.445000,111.459000,0
20170626 101800,111.460000,111.482000,111.460000,111.470000,0
20170626 101900,111.469000,111.476000,111.466000,111.471000,0
20170626 102000,111.472000,111.486000,111.465000,111.484000,0
20170626 102100,111.482000,111.491000,111.471000,111.477000,0
20170626 102200,111.478000,111.483000,111.469000,111.483000,0
20170626 102300,111.482000,111.503000,111.478000,111.496000,0
20170626 102400,111.499000,111.521000,111.494000,111.515000,0
20170626 102500,111.515000,111.537000,111.513000,111.527000,0
20170626 102600,111.527000,111.534000,111.525000,111.527000,0
20170626 102700,111.526000,111.536000,111.525000,111.530000,0
20170626 102800,111.529000,111.531000,111.518000,111.528000,0
20170626 102900,111.529000,111.538000,111.520000,111.536000,0
20170626 103000,111.535000,111.537000,111.528000,111.530000,0
20170626 103100,111.532000,111.532000,111.512000,111.519000,0
20170626 103200,111.519000,111.538000,111.519000,111.532000,0
20170626 103300,111.531000,111.531000,111.513000,111.524000,0
20170626 103400,111.525000,111.559000,111.525000,111.558000,0
20170626 103500,111.557000,111.557000,111.539000,111.540000,0
20170626 103600,111.543000,111.546000,111.522000,111.522000,0
20170626 103700,111.521000,111.538000,111.513000,111.522000,0
20170626 103800,111.522000,111.535000,111.511000,111.515000,0
20170626 103900,111.516000,111.516000,111.491000,111.491000,0
20170626 104000,111.490000,111.490000,111.424000,111.424000,0
20170626 104100,111.426000,111.436000,111.414000,111.420000,0
20170626 104200,111.420000,111.425000,111.403000,111.410000,0
20170626 104300,111.409000,111.422000,111.389000,111.413000,0
20170626 104400,111.415000,111.418000,111.406000,111.410000,0
20170626 104500,111.411000,111.411000,111.366000,111.384000,0
20170626 104600,111.386000,111.398000,111.365000,111.385000,0
20170626 104700,111.384000,111.392000,111.377000,111.392000,0
20170626 104800,111.392000,111.400000,111.386000,111.394000,0
20170626 104900,111.393000,111.410000,111.388000,111.393000,0
20170626 105000,111.392000,111.416000,111.378000,111.416000,0
20170626 105100,111.415000,111.422000,111.406000,111.416000,0
20170626 105200,111.417000,111.422000,111.410000,111.422000,0
20170626 105300,111.421000,111.428000,111.416000,111.421000,0
20170626 105400,111.420000,111.422000,111.407000,111.410000,0
20170626 105500,111.411000,111.427000,111.387000,111.390000,0
20170626 105600,111.389000,111.391000,111.370000,111.372000,0
20170626 105700,111.373000,111.424000,111.371000,111.403000,0
20170626 105800,111.404000,111.421000,111.401000,111.421000,0
20170626 105900,111.419000,111.434000,111.409000,111.434000,0
20170626 110000,111.432000,111.435000,111.420000,111.429000,0
20170626 110100,111.428000,111.446000,111.392000,111.445000,0
20170626 110200,111.449000,111.449000,111.410000,111.411000,0
20170626 110300,111.412000,111.428000,111.397000,111.410000,0
20170626 110400,111.411000,111.430000,111.409000,111.417000,0
20170626 110500,111.419000,111.424000,111.385000,111.394000,0
20170626 110600,111.396000,111.404000,111.389000,111.391000,0
20170626 110700,111.392000,111.405000,111.389000,111.404000,0
20170626 110800,111.402000,111.419000,111.397000,111.415000,0
20170626 110900,111.415000,111.442000,111.414000,111.428000,0
20170626 111000,111.430000,111.441000,111.421000,111.441000,0
20170626 111100,111.442000,111.447000,111.438000,111.444000,0
20170626 111200,111.445000,111.471000,111.440000,111.465000,0
20170626 111300,111.466000,111.477000,111.464000,111.468000,0
20170626 111400,111.467000,111.473000,111.440000,111.447000,0
20170626 111500,111.448000,111.449000,111.437000,111.442000,0
20170626 111600,111.442000,111.449000,111.441000,111.447000,0
20170626 111700,111.447000,111.455000,111.430000,111.436000,0
20170626 111800,111.437000,111.442000,111.429000,111.433000,0
20170626 111900,111.435000,111.454000,111.435000,111.453000,0
20170626 112000,111.456000,111.466000,111.454000,111.459000,0
20170626 112100,111.458000,111.459000,111.447000,111.456000,0
20170626 112200,111.457000,111.466000,111.452000,111.457000,0
20170626 112300,111.458000,111.460000,111.448000,111.451000,0
20170626 112400,111.452000,111.476000,111.449000,111.471000,0
20170626 112500,111.471000,111.485000,111.471000,111.478000,0
20170626 112600,111.477000,111.479000,111.473000,111.474000,0
20170626 112700,111.473000,111.484000,111.464000,111.472000,0
20170626 112800,111.471000,111.474000,111.461000,111.469000,0
20170626 112900,111.470000,111.487000,111.470000,111.479000,0
20170626 113000,111.479000,111.480000,111.452000,111.452000,0
20170626 113100,111.453000,111.461000,111.445000,111.459000,0
20170626 113200,111.459000,111.460000,111.450000,111.457000,0
20170626 113300,111.457000,111.461000,111.439000,111.440000,0
20170626 113400,111.442000,111.449000,111.440000,111.447000,0
20170626 113500,111.449000,111.454000,111.431000,111.433000,0
20170626 113600,111.432000,111.439000,111.428000,111.433000,0
20170626 113700,111.434000,111.438000,111.426000,111.426000,0
20170626 113800,111.426000,111.443000,111.425000,111.437000,0
20170626 113900,111.435000,111.439000,111.432000,111.433000,0
20170626 114000,111.435000,111.464000,111.435000,111.463000,0
20170626 114100,111.464000,111.495000,111.456000,111.495000,0
20170626 114200,111.495000,111.516000,111.491000,111.511000,0
20170626 114300,111.511000,111.519000,111.503000,111.507000,0
20170626 114400,111.506000,111.510000,111.504000,111.504000,0
20170626 114500,111.505000,111.519000,111.505000,111.510000,0
20170626 114600,111.509000,111.522000,111.499000,111.509000,0
20170626 114700,111.509000,111.511000,111.503000,111.503000,0
20170626 114800,111.504000,111.513000,111.500000,111.502000,0
20170626 114900,111.506000,111.510000,111.499000,111.504000,0
20170626 115000,111.505000,111.508000,111.495000,111.502000,0
20170626 115100,111.501000,111.522000,111.500000,111.514000,0
20170626 115200,111.512000,111.512000,111.495000,111.496000,0
20170626 115300,111.496000,111.501000,111.488000,111.488000,0
20170626 115400,111.490000,111.497000,111.488000,111.496000,0
20170626 115500,111.496000,111.503000,111.485000,111.485000,0
20170626 115600,111.487000,111.494000,111.480000,111.491000,0
20170626 115700,111.490000,111.491000,111.482000,111.484000,0
20170626 115800,111.484000,111.502000,111.484000,111.491000,0
20170626 115900,111.491000,111.491000,111.481000,111.481000,0
20170626 120000,111.482000,111.499000,111.480000,111.495000,0
20170626 120100,111.493000,111.499000,111.482000,111.482000,0
20170626 120200,111.483000,111.491000,111.477000,111.491000,0
20170626 120300,111.492000,111.499000,111.492000,111.497000,0
20170626 120400,111.497000,111.498000,111.489000,111.491000,0
20170626 120500,111.493000,111.499000,111.491000,111.497000,0
20170626 120600,111.499000,111.499000,111.493000,111.496000,0
20170626 120700,111.495000,111.496000,111.492000,111.494000,0
20170626 120800,111.492000,111.504000,111.491000,111.496000,0
20170626 120900,111.497000,111.507000,111.497000,111.506000,0
20170626 121000,111.508000,111.509000,111.493000,111.494000,0
20170626 121100,111.495000,111.497000,111.487000,111.491000,0
20170626 121200,111.491000,111.528000,111.491000,111.523000,0
20170626 121300,111.523000,111.543000,111.523000,111.541000,0
20170626 121400,111.542000,111.559000,111.541000,111.552000,0
20170626 121500,111.553000,111.568000,111.552000,111.558000,0
20170626 121600,111.558000,111.565000,111.556000,111.561000,0
20170626 121700,111.561000,111.573000,111.555000,111.556000,0
20170626 121800,111.556000,111.571000,111.556000,111.564000,0
20170626 121900,111.563000,111.563000,111.556000,111.559000,0
20170626 122000,111.557000,111.571000,111.557000,111.568000,0
20170626 122100,111.570000,111.586000,111.569000,111.584000,0
20170626 122200,111.583000,111.596000,111.583000,111.592000,0
20170626 122300,111.590000,111.627000,111.590000,111.621000,0
20170626 122400,111.622000,111.627000,111.616000,111.622000,0
20170626 122500,111.620000,111.620000,111.612000,111.616000,0
20170626 122600,111.616000,111.625000,111.614000,111.625000,0
20170626 122700,111.625000,111.628000,111.616000,111.628000,0
20170626 122800,111.627000,111.629000,111.615000,111.615000,0
20170626 122900,111.615000,111.620000,111.605000,111.617000,0
20170626 123000,111.618000,111.636000,111.618000,111.621000,0
20170626 123100,111.621000,111.622000,111.616000,111.622000,0
20170626 123200,111.620000,111.628000,111.620000,111.625000,0
20170626 123300,111.626000,111.636000,111.626000,111.636000,0
20170626 123400,111.635000,111.640000,111.624000,111.624000,0
20170626 123500,111.626000,111.644000,111.625000,111.636000,0
20170626 123600,111.639000,111.639000,111.629000,111.630000,0
20170626 123700,111.631000,111.634000,111.621000,111.624000,0
20170626 123800,111.624000,111.630000,111.622000,111.625000,0
20170626 123900,111.628000,111.648000,111.626000,111.643000,0
20170626 124000,111.643000,111.650000,111.637000,111.648000,0
20170626 124100,111.648000,111.648000,111.642000,111.642000,0
20170626 124200,111.641000,111.643000,111.624000,111.631000,0
20170626 124300,111.631000,111.644000,111.631000,111.642000,0
20170626 124400,111.641000,111.643000,111.637000,111.643000,0
20170626 124500,111.644000,111.672000,111.644000,111.649000,0
20170626 124600,111.648000,111.648000,111.631000,111.636000,0
20170626 124700,111.636000,111.637000,111.634000,111.636000,0
20170626 124800,111.635000,111.642000,111.631000,111.634000,0
20170626 124900,111.632000,111.645000,111.631000,111.644000,0
20170626 125000,111.642000,111.660000,111.642000,111.656000,0
20170626 125100,111.657000,111.665000,111.657000,111.663000,0
20170626 125200,111.663000,111.696000,111.663000,111.693000,0
20170626 125300,111.692000,111.702000,111.683000,111.687000,0
20170626 125400,111.689000,111.706000,111.689000,111.703000,0
20170626 125500,111.703000,111.706000,111.691000,111.697000,0
20170626 125600,111.695000,111.695000,111.685000,111.691000,0
20170626 125700,111.691000,111.691000,111.677000,111.689000,0
20170626 125800,111.688000,111.705000,111.687000,111.704000,0
20170626 125900,111.704000,111.704000,111.690000,111.692000,0
20170626 130000,111.693000,111.697000,111.688000,111.693000,0
20170626 130100,111.692000,111.693000,111.683000,111.686000,0
20170626 130200,111.684000,111.686000,111.669000,111.677000,0
20170626 130300,111.675000,111.675000,111.668000,111.673000,0
20170626 130400,111.674000,111.679000,111.666000,111.668000,0
20170626 130500,111.671000,111.671000,111.649000,111.667000,0
20170626 130600,111.669000,111.670000,111.660000,111.668000,0
20170626 130700,111.665000,111.668000,111.649000,111.650000,0
20170626 130800,111.649000,111.669000,111.649000,111.668000,0
20170626 130900,111.675000,111.679000,111.670000,111.676000,0
20170626 131000,111.675000,111.688000,111.669000,111.669000,0
20170626 131100,111.669000,111.669000,111.651000,111.660000,0
20170626 131200,111.662000,111.670000,111.662000,111.665000,0
20170626 131300,111.667000,111.670000,111.659000,111.664000,0
20170626 131400,111.664000,111.670000,111.648000,111.650000,0
20170626 131500,111.653000,111.653000,111.638000,111.638000,0
20170626 131600,111.638000,111.643000,111.637000,111.637000,0
20170626 131700,111.639000,111.643000,111.637000,111.643000,0
20170626 131800,111.644000,111.644000,111.642000,111.644000,0
20170626 131900,111.646000,111.647000,111.642000,111.643000,0
20170626 132000,111.642000,111.649000,111.641000,111.649000,0
20170626 132100,111.650000,111.653000,111.649000,111.650000,0
20170626 132200,111.649000,111.649000,111.641000,111.641000,0
20170626 132300,111.642000,111.643000,111.636000,111.636000,0
20170626 132400,111.636000,111.636000,111.628000,111.629000,0
20170626 132500,111.627000,111.631000,111.622000,111.624000,0
20170626 132600,111.624000,111.631000,111.622000,111.631000,0
20170626 132700,111.630000,111.634000,111.623000,111.634000,0
20170626 132800,111.634000,111.644000,111.634000,111.641000,0
20170626 132900,111.639000,111.644000,111.631000,111.643000,0
20170626 133000,111.641000,111.645000,111.626000,111.639000,0
20170626 133100,111.637000,111.655000,111.632000,111.653000,0
20170626 133200,111.654000,111.656000,111.645000,111.651000,0
20170626 133300,111.649000,111.654000,111.635000,111.636000,0
20170626 133400,111.634000,111.660000,111.633000,111.656000,0
20170626 133500,111.657000,111.657000,111.636000,111.637000,0
20170626 133600,111.637000,111.647000,111.628000,111.630000,0
20170626 133700,111.630000,111.640000,111.628000,111.637000,0
20170626 133800,111.636000,111.636000,111.625000,111.625000,0
20170626 133900,111.629000,111.631000,111.624000,111.631000,0
20170626 134000,111.629000,111.631000,111.624000,111.627000,0
20170626 134100,111.626000,111.630000,111.617000,111.617000,0
20170626 134200,111.616000,111.637000,111.616000,111.628000,0
20170626 134300,111.628000,111.632000,111.625000,111.630000,0
20170626 134400,111.631000,111.636000,111.624000,111.624000,0
20170626 134500,111.627000,111.631000,111.625000,111.629000,0
20170626 134600,111.627000,111.627000,111.618000,111.619000,0
20170626 134700,111.621000,111.632000,111.621000,111.632000,0
20170626 134800,111.632000,111.646000,111.631000,111.643000,0
20170626 134900,111.643000,111.649000,111.635000,111.643000,0
20170626 135000,111.643000,111.649000,111.639000,111.645000,0
20170626 135100,111.647000,111.655000,111.642000,111.651000,0
20170626 135200,111.649000,111.651000,111.640000,111.641000,0
20170626 135300,111.642000,111.649000,111.641000,111.643000,0
20170626 135400,111.644000,111.650000,111.643000,111.649000,0
20170626 135500,111.649000,111.655000,111.642000,111.652000,0
20170626 135600,111.654000,111.661000,111.651000,111.657000,0
20170626 135700,111.658000,111.669000,111.654000,111.668000,0
20170626 135800,111.670000,111.690000,111.669000,111.688000,0
20170626 135900,111.690000,111.693000,111.681000,111.681000,0
20170626 140000,111.679000,111.680000,111.675000,111.676000,0
20170626 140100,111.675000,111.677000,111.668000,111.674000,0
20170626 140200,111.674000,111.675000,111.665000,111.667000,0
20170626 140300,111.666000,111.674000,111.661000,111.673000,0
20170626 140400,111.672000,111.682000,111.666000,111.681000,0
20170626 140500,111.681000,111.681000,111.674000,111.681000,0
20170626 140600,111.683000,111.685000,111.676000,111.681000,0
20170626 140700,111.678000,111.683000,111.676000,111.676000,0
20170626 140800,111.677000,111.677000,111.668000,111.668000,0
20170626 140900,111.667000,111.667000,111.657000,111.664000,0
20170626 141000,111.664000,111.667000,111.650000,111.650000,0
20170626 141100,111.652000,111.664000,111.652000,111.660000,0
20170626 141200,111.659000,111.664000,111.655000,111.662000,0
20170626 141300,111.662000,111.669000,111.662000,111.668000,0
20170626 141400,111.666000,111.685000,111.666000,111.680000,0
20170626 141500,111.679000,111.685000,111.672000,111.685000,0
20170626 141600,111.685000,111.685000,111.672000,111.679000,0
20170626 141700,111.679000,111.679000,111.672000,111.674000,0
20170626 141800,111.673000,111.681000,111.668000,111.679000,0
20170626 141900,111.677000,111.681000,111.674000,111.681000,0
20170626 142000,111.679000,111.681000,111.675000,111.680000,0
20170626 142100,111.679000,111.681000,111.672000,111.672000,0
20170626 142200,111.674000,111.680000,111.668000,111.669000,0
20170626 142300,111.668000,111.687000,111.668000,111.687000,0
20170626 142400,111.685000,111.698000,111.681000,111.693000,0
20170626 142500,111.693000,111.706000,111.691000,111.706000,0
20170626 142600,111.704000,111.903000,111.703000,111.865000,0
20170626 142700,111.868000,111.868000,111.834000,111.855000,0
20170626 142800,111.857000,111.870000,111.832000,111.866000,0
20170626 142900,111.867000,111.894000,111.865000,111.890000,0
20170626 143000,111.888000,111.895000,111.879000,111.879000,0
20170626 143100,111.877000,111.890000,111.868000,111.872000,0
20170626 143200,111.872000,111.884000,111.870000,111.878000,0
20170626 143300,111.876000,111.898000,111.861000,111.898000,0
20170626 143400,111.898000,111.917000,111.891000,111.893000,0
20170626 143500,111.895000,111.909000,111.895000,111.909000,0
20170626 143600,111.908000,111.915000,111.903000,111.903000,0
20170626 143700,111.900000,111.904000,111.896000,111.896000,0
20170626 143800,111.892000,111.892000,111.882000,111.890000,0
20170626 143900,111.891000,111.897000,111.885000,111.890000,0
20170626 144000,111.891000,111.901000,111.889000,111.901000,0
20170626 144100,111.900000,111.911000,111.900000,111.903000,0
20170626 144200,111.902000,111.911000,111.896000,111.911000,0
20170626 144300,111.911000,111.931000,111.911000,111.923000,0
20170626 144400,111.923000,111.925000,111.906000,111.906000,0
20170626 144500,111.908000,111.912000,111.892000,111.897000,0
20170626 144600,111.896000,111.912000,111.896000,111.909000,0
20170626 144700,111.911000,111.911000,111.885000,111.892000,0
20170626 144800,111.891000,111.896000,111.878000,111.891000,0
20170626 144900,111.892000,111.897000,111.871000,111.879000,0
20170626 145000,111.880000,111.880000,111.859000,111.872000,0
20170626 145100,111.870000,111.875000,111.866000,111.874000,0
20170626 145200,111.872000,111.882000,111.871000,111.878000,0
20170626 145300,111.876000,111.885000,111.876000,111.882000,0
20170626 145400,111.880000,111.892000,111.878000,111.880000,0
20170626 145500,111.880000,111.886000,111.872000,111.873000,0
20170626 145600,111.870000,111.877000,111.858000,111.865000,0
20170626 145700,111.866000,111.886000,111.865000,111.880000,0
20170626 145800,111.880000,111.881000,111.877000,111.877000,0
20170626 145900,111.875000,111.891000,111.875000,111.885000,0
20170626 150000,111.884000,111.889000,111.879000,111.879000,0
20170626 150100,111.878000,111.893000,111.875000,111.891000,0
20170626 150200,111.890000,111.899000,111.890000,111.895000,0
20170626 150300,111.894000,111.910000,111.894000,111.910000,0
20170626 150400,111.911000,111.918000,111.910000,111.916000,0
20170626 150500,111.916000,111.928000,111.915000,111.928000,0
20170626 150600,111.927000,111.928000,111.910000,111.917000,0
20170626 150700,111.918000,111.923000,111.917000,111.917000,0
20170626 150800,111.916000,111.916000,111.905000,111.908000,0
20170626 150900,111.906000,111.911000,111.902000,111.904000,0
20170626 151000,111.906000,111.908000,111.904000,111.904000,0
20170626 151100,111.904000,111.935000,111.904000,111.929000,0
20170626 151200,111.927000,111.944000,111.925000,111.929000,0
20170626 151300,111.929000,111.934000,111.922000,111.928000,0
20170626 151400,111.926000,111.936000,111.923000,111.928000,0
20170626 151500,111.927000,111.927000,111.915000,111.915000,0
20170626 151600,111.915000,111.921000,111.914000,111.914000,0
20170626 151700,111.915000,111.925000,111.910000,111.913000,0
20170626 151800,111.915000,111.920000,111.903000,111.903000,0
20170626 151900,111.904000,111.904000,111.894000,111.904000,0
20170626 152000,111.904000,111.904000,111.891000,111.891000,0
20170626 152100,111.892000,111.896000,111.890000,111.891000,0
20170626 152200,111.892000,111.903000,111.892000,111.903000,0
20170626 152300,111.903000,111.903000,111.888000,111.889000,0
20170626 152400,111.891000,111.899000,111.888000,111.899000,0
20170626 152500,111.899000,111.899000,111.892000,111.898000,0
20170626 152600,111.898000,111.906000,111.898000,111.905000,0
20170626 152700,111.905000,111.905000,111.898000,111.898000,0
20170626 152800,111.897000,111.909000,111.897000,111.903000,0
20170626 152900,111.901000,111.904000,111.900000,111.903000,0
20170626 153000,111.903000,111.906000,111.902000,111.903000,0
20170626 153100,111.903000,111.916000,111.898000,111.916000,0
20170626 153200,111.913000,111.921000,111.904000,111.921000,0
20170626 153300,111.921000,111.922000,111.915000,111.917000,0
20170626 153400,111.917000,111.917000,111.910000,111.913000,0
20170626 153500,111.912000,111.912000,111.908000,111.910000,0
20170626 153600,111.912000,111.921000,111.912000,111.913000,0
20170626 153700,111.912000,111.912000,111.892000,111.893000,0
20170626 153800,111.898000,111.906000,111.898000,111.904000,0
20170626 153900,111.904000,111.912000,111.904000,111.905000,0
20170626 154000,111.904000,111.907000,111.899000,111.905000,0
20170626 154100,111.905000,111.905000,111.891000,111.891000,0
20170626 154200,111.891000,111.891000,111.870000,111.873000,0
20170626 154300,111.872000,111.878000,111.862000,111.864000,0
20170626 154400,111.866000,111.886000,111.865000,111.880000,0
20170626 154500,111.880000,111.889000,111.879000,111.885000,0
20170626 154600,111.886000,111.892000,111.879000,111.891000,0
20170626 154700,111.888000,111.888000,111.867000,111.869000,0
20170626 154800,111.871000,111.871000,111.856000,111.862000,0
20170626 154900,111.864000,111.867000,111.858000,111.862000,0
20170626 155000,111.860000,111.866000,111.855000,111.855000,0
20170626 155100,111.855000,111.862000,111.847000,111.857000,0
20170626 155200,111.859000,111.862000,111.855000,111.858000,0
20170626 155300,111.858000,111.865000,111.857000,111.863000,0
20170626 155400,111.859000,111.866000,111.856000,111.863000,0
20170626 155500,111.862000,111.864000,111.855000,111.858000,0
20170626 155600,111.858000,111.870000,111.857000,111.867000,0
20170626 155700,111.867000,111.870000,111.856000,111.868000,0
20170626 155800,111.870000,111.870000,111.860000,111.860000,0
20170626 155900,111.860000,111.866000,111.856000,111.864000,0
20170626 160000,111.866000,111.875000,111.859000,111.862000,0
20170626 160100,111.862000,111.866000,111.861000,111.865000,0
20170626 160200,111.868000,111.870000,111.866000,111.866000,0
20170626 160300,111.865000,111.876000,111.865000,111.876000,0
20170626 160400,111.873000,111.882000,111.870000,111.878000,0
20170626 160500,111.877000,111.877000,111.872000,111.872000,0
20170626 160600,111.872000,111.872000,111.865000,111.865000,0
20170626 160700,111.865000,111.870000,111.865000,111.867000,0
20170626 160800,111.867000,111.873000,111.866000,111.873000,0
20170626 160900,111.873000,111.873000,111.870000,111.872000,0
20170626 161000,111.873000,111.873000,111.866000,111.866000,0
20170626 161100,111.867000,111.867000,111.866000,111.866000,0
20170626 161200,111.862000,111.862000,111.854000,111.857000,0
20170626 161300,111.855000,111.860000,111.855000,111.860000,0
20170626 161400,111.859000,111.867000,111.859000,111.861000,0
20170626 161500,111.861000,111.861000,111.858000,111.861000,0
20170626 161600,111.861000,111.861000,111.859000,111.861000,0
20170626 161700,111.858000,111.861000,111.856000,111.861000,0
20170626 161800,111.860000,111.863000,111.859000,111.862000,0
20170626 161900,111.861000,111.867000,111.861000,111.865000,0
20170626 162000,111.867000,111.868000,111.862000,111.862000,0
20170626 162100,111.861000,111.865000,111.861000,111.863000,0
20170626 162200,111.863000,111.863000,111.862000,111.862000,0
20170626 162300,111.863000,111.865000,111.859000,111.862000,0
20170626 162400,111.862000,111.864000,111.862000,111.863000,0
20170626 162500,111.863000,111.863000,111.862000,111.862000,0
20170626 162600,111.863000,111.868000,111.863000,111.867000,0
20170626 162700,111.869000,111.869000,111.868000,111.868000,0
20170626 162800,111.867000,111.868000,111.867000,111.868000,0
20170626 162900,111.868000,111.879000,111.868000,111.879000,0
20170626 163000,111.878000,111.886000,111.878000,111.885000,0
20170626 163100,111.884000,111.888000,111.884000,111.888000,0
20170626 163200,111.887000,111.897000,111.887000,111.895000,0
20170626 163300,111.893000,111.894000,111.891000,111.891000,0
20170626 163400,111.891000,111.892000,111.891000,111.892000,0
20170626 163500,111.891000,111.891000,111.880000,111.881000,0
20170626 163600,111.880000,111.891000,111.879000,111.888000,0
20170626 163700,111.889000,111.898000,111.887000,111.898000,0
20170626 163800,111.898000,111.905000,111.897000,111.905000,0
20170626 163900,111.904000,111.906000,111.899000,111.899000,0
20170626 164000,111.899000,111.907000,111.899000,111.907000,0
20170626 164100,111.909000,111.913000,111.908000,111.912000,0
20170626 164200,111.911000,111.912000,111.907000,111.908000,0
20170626 164300,111.908000,111.908000,111.902000,111.902000,0
20170626 164400,111.903000,111.909000,111.903000,111.909000,0
20170626 164500,111.909000,111.911000,111.909000,111.910000,0
20170626 164600,111.911000,111.917000,111.908000,111.916000,0
20170626 164700,111.916000,111.918000,111.915000,111.915000,0
20170626 164800,111.912000,111.918000,111.909000,111.914000,0
20170626 164900,111.914000,111.918000,111.914000,111.917000,0
20170626 165000,111.917000,111.917000,111.886000,111.886000,0
20170626 165100,111.886000,111.886000,111.865000,111.865000,0
20170626 165200,111.865000,111.865000,111.862000,111.865000,0
20170626 165300,111.865000,111.868000,111.863000,111.864000,0
20170626 165400,111.865000,111.865000,111.863000,111.865000,0
20170626 165500,111.865000,111.866000,111.865000,111.866000,0
20170626 165600,111.866000,111.867000,111.863000,111.863000,0
20170626 165700,111.863000,111.865000,111.853000,111.856000,0
20170626 165800,111.856000,111.859000,111.855000,111.859000,0
20170626 165900,111.858000,111.876000,111.837000,111.837000,0
20170626 170000,111.820000,111.828000,111.819000,111.819000,0
20170626 170100,111.826000,111.834000,111.826000,111.834000,0
20170626 170300,111.838000,111.839000,111.838000,111.839000,0
20170626 170400,111.839000,111.858000,111.839000,111.858000,0
20170626 170500,111.857000,111.870000,111.850000,111.850000,0
20170626 170600,111.850000,111.850000,111.844000,111.846000,0
20170626 170700,111.845000,111.851000,111.841000,111.849000,0
20170626 170800,111.844000,111.844000,111.840000,111.840000,0
20170626 170900,111.840000,111.842000,111.838000,111.838000,0
20170626 171000,111.838000,111.850000,111.838000,111.843000,0
20170626 171100,111.841000,111.849000,111.838000,111.843000,0
20170626 171200,111.842000,111.846000,111.838000,111.842000,0
20170626 171300,111.841000,111.846000,111.839000,111.840000,0
20170626 171400,111.840000,111.840000,111.839000,111.839000,0
20170626 171500,111.839000,111.842000,111.839000,111.840000,0
20170626 171600,111.841000,111.846000,111.840000,111.842000,0
20170626 171700,111.842000,111.843000,111.841000,111.841000,0
20170626 171800,111.841000,111.844000,111.841000,111.842000,0
20170626 171900,111.841000,111.841000,111.841000,111.841000,0
20170626 172000,111.841000,111.842000,111.841000,111.841000,0
20170626 172100,111.841000,111.843000,111.840000,111.842000,0
20170626 172200,111.843000,111.853000,111.843000,111.849000,0
20170626 172300,111.848000,111.851000,111.844000,111.848000,0
20170626 172400,111.847000,111.850000,111.846000,111.847000,0
20170626 172500,111.849000,111.851000,111.848000,111.850000,0
20170626 172600,111.848000,111.851000,111.847000,111.847000,0
20170626 172700,111.848000,111.851000,111.844000,111.849000,0
20170626 172800,111.848000,111.850000,111.848000,111.850000,0
20170626 172900,111.849000,111.850000,111.839000,111.849000,0
20170626 173000,111.847000,111.850000,111.839000,111.842000,0
20170626 173100,111.840000,111.843000,111.837000,111.839000,0
20170626 173200,111.840000,111.841000,111.839000,111.840000,0
20170626 173300,111.841000,111.843000,111.839000,111.842000,0
20170626 173400,111.843000,111.843000,111.840000,111.840000,0
20170626 173500,111.839000,111.843000,111.839000,111.839000,0
20170626 173600,111.835000,111.841000,111.835000,111.835000,0
20170626 173700,111.838000,111.846000,111.836000,111.842000,0
20170626 173800,111.846000,111.846000,111.826000,111.835000,0
20170626 173900,111.837000,111.856000,111.835000,111.851000,0
20170626 174000,111.853000,111.855000,111.842000,111.846000,0
20170626 174100,111.845000,111.847000,111.845000,111.846000,0
20170626 174200,111.845000,111.847000,111.845000,111.846000,0
20170626 174300,111.842000,111.846000,111.838000,111.845000,0
20170626 174500,111.846000,111.846000,111.839000,111.840000,0
20170626 174600,111.834000,111.834000,111.821000,111.829000,0
20170626 174700,111.832000,111.837000,111.832000,111.835000,0
20170626 174800,111.836000,111.838000,111.832000,111.835000,0
20170626 174900,111.834000,111.840000,111.832000,111.836000,0
20170626 175000,111.838000,111.847000,111.835000,111.846000,0
20170626 175100,111.848000,111.855000,111.847000,111.852000,0
20170626 175200,111.853000,111.853000,111.829000,111.850000,0
20170626 175300,111.849000,111.852000,111.848000,111.848000,0
20170626 175400,111.849000,111.849000,111.843000,111.845000,0
20170626 175500,111.843000,111.845000,111.828000,111.842000,0
20170626 175600,111.841000,111.851000,111.839000,111.851000,0
20170626 175700,111.852000,111.858000,111.848000,111.858000,0
20170626 175800,111.859000,111.860000,111.848000,111.850000,0
20170626 175900,111.852000,111.854000,111.852000,111.854000,0
20170626 180000,111.852000,111.869000,111.852000,111.867000,0
20170626 180100,111.865000,111.870000,111.859000,111.869000,0
20170626 180200,111.868000,111.878000,111.864000,111.877000,0
20170626 180300,111.878000,111.878000,111.873000,111.878000,0
20170626 180400,111.875000,111.879000,111.872000,111.873000,0
20170626 180500,111.875000,111.875000,111.869000,111.872000,0
20170626 180700,111.872000,111.874000,111.870000,111.874000,0
20170626 180800,111.875000,111.876000,111.874000,111.874000,0
20170626 180900,111.874000,111.875000,111.874000,111.875000,0
20170626 181000,111.875000,111.875000,111.863000,111.869000,0
20170626 181100,111.868000,111.868000,111.868000,111.868000,0
20170626 181200,111.871000,111.880000,111.870000,111.874000,0
20170626 181300,111.874000,111.878000,111.873000,111.877000,0
20170626 181400,111.881000,111.886000,111.881000,111.883000,0
20170626 181500,111.883000,111.886000,111.869000,111.875000,0
20170626 181600,111.873000,111.877000,111.873000,111.875000,0
20170626 181700,111.873000,111.876000,111.873000,111.876000,0
20170626 181800,111.874000,111.876000,111.872000,111.872000,0
20170626 181900,111.871000,111.881000,111.871000,111.877000,0
20170626 182000,111.876000,111.877000,111.876000,111.876000,0
20170626 182100,111.877000,111.877000,111.866000,111.868000,0
20170626 182200,111.868000,111.876000,111.868000,111.872000,0
20170626 182300,111.871000,111.871000,111.867000,111.867000,0
20170626 182400,111.866000,111.866000,111.863000,111.864000,0
20170626 182500,111.864000,111.865000,111.864000,111.865000,0
20170626 182600,111.867000,111.874000,111.867000,111.874000,0
20170626 182700,111.873000,111.874000,111.869000,111.869000,0
20170626 182800,111.868000,111.870000,111.866000,111.870000,0
20170626 182900,111.869000,111.869000,111.860000,111.860000,0
20170626 183000,111.859000,111.864000,111.855000,111.857000,0
20170626 183100,111.859000,111.860000,111.844000,111.844000,0
20170626 183200,111.844000,111.844000,111.833000,111.837000,0
20170626 183300,111.837000,111.838000,111.837000,111.838000,0
20170626 183400,111.840000,111.850000,111.840000,111.849000,0
20170626 183500,111.851000,111.855000,111.850000,111.855000,0
20170626 183600,111.856000,111.856000,111.848000,111.848000,0
20170626 183700,111.846000,111.846000,111.842000,111.842000,0
20170626 183800,111.843000,111.844000,111.842000,111.844000,0
20170626 183900,111.844000,111.848000,111.844000,111.848000,0
20170626 184000,111.848000,111.852000,111.848000,111.852000,0
20170626 184100,111.851000,111.852000,111.848000,111.850000,0
20170626 184200,111.852000,111.854000,111.851000,111.851000,0
20170626 184300,111.850000,111.850000,111.850000,111.850000,0
20170626 184400,111.850000,111.860000,111.850000,111.858000,0
20170626 184500,111.858000,111.869000,111.858000,111.861000,0
20170626 184600,111.862000,111.863000,111.862000,111.863000,0
20170626 184700,111.863000,111.865000,111.863000,111.864000,0
20170626 184800,111.864000,111.865000,111.864000,111.865000,0
20170626 184900,111.865000,111.867000,111.865000,111.865000,0
20170626 185000,111.865000,111.874000,111.865000,111.874000,0
20170626 185100,111.874000,111.878000,111.874000,111.877000,0
20170626 185200,111.877000,111.878000,111.876000,111.878000,0
20170626 185300,111.876000,111.881000,111.876000,111.878000,0
20170626 185400,111.881000,111.881000,111.875000,111.875000,0
20170626 185500,111.875000,111.875000,111.861000,111.861000,0
20170626 185600,111.862000,111.863000,111.861000,111.863000,0
20170626 185700,111.862000,111.863000,111.862000,111.862000,0
20170626 185800,111.863000,111.868000,111.862000,111.868000,0
20170626 185900,111.865000,111.868000,111.862000,111.863000,0
20170626 190000,111.864000,111.864000,111.862000,111.862000,0
20170626 190200,111.862000,111.862000,111.859000,111.859000,0
20170626 190300,111.859000,111.859000,111.852000,111.858000,0
20170626 190400,111.859000,111.864000,111.859000,111.864000,0
20170626 190500,111.863000,111.863000,111.863000,111.863000,0
20170626 190600,111.869000,111.882000,111.869000,111.882000,0
20170626 190700,111.882000,111.882000,111.870000,111.873000,0
20170626 190800,111.873000,111.880000,111.870000,111.876000,0
20170626 190900,111.876000,111.878000,111.874000,111.874000,0
20170626 191000,111.873000,111.882000,111.873000,111.876000,0
20170626 191100,111.877000,111.880000,111.877000,111.880000,0
20170626 191200,111.878000,111.879000,111.878000,111.879000,0
20170626 191300,111.881000,111.882000,111.881000,111.882000,0
20170626 191400,111.882000,111.882000,111.882000,111.882000,0
20170626 191500,111.881000,111.881000,111.881000,111.881000,0
20170626 191600,111.883000,111.888000,111.883000,111.888000,0
20170626 191700,111.888000,111.893000,111.886000,111.886000,0
20170626 191800,111.887000,111.893000,111.886000,111.893000,0
20170626 191900,111.892000,111.894000,111.892000,111.894000,0
20170626 192000,111.893000,111.894000,111.893000,111.894000,0
20170626 192100,111.893000,111.895000,111.893000,111.895000,0
20170626 192200,111.898000,111.908000,111.898000,111.907000,0
20170626 192300,111.906000,111.906000,111.899000,111.901000,0
20170626 192400,111.900000,111.902000,111.893000,111.893000,0
20170626 192500,111.894000,111.898000,111.893000,111.897000,0
20170626 192600,111.896000,111.896000,111.889000,111.890000,0
20170626 192700,111.890000,111.890000,111.888000,111.890000,0
20170626 192800,111.888000,111.888000,111.887000,111.887000,0
20170626 192900,111.887000,111.889000,111.887000,111.889000,0
20170626 193000,111.890000,111.898000,111.890000,111.893000,0
20170626 193100,111.892000,111.892000,111.876000,111.877000,0
20170626 193200,111.876000,111.876000,111.874000,111.875000,0
20170626 193300,111.876000,111.885000,111.876000,111.884000,0
20170626 193400,111.882000,111.891000,111.881000,111.888000,0
20170626 193500,111.886000,111.893000,111.886000,111.892000,0
20170626 193600,111.891000,111.893000,111.891000,111.893000,0
20170626 193700,111.891000,111.894000,111.891000,111.892000,0
20170626 193800,111.890000,111.894000,111.886000,111.893000,0
20170626 193900,111.894000,111.894000,111.893000,111.894000,0
20170626 194000,111.892000,111.892000,111.884000,111.887000,0
20170626 194100,111.887000,111.892000,111.887000,111.889000,0
20170626 194200,111.892000,111.894000,111.892000,111.894000,0
20170626 194300,111.894000,111.895000,111.881000,111.884000,0
20170626 194400,111.885000,111.891000,111.885000,111.888000,0
20170626 194500,111.890000,111.890000,111.885000,111.888000,0
20170626 194600,111.891000,111.900000,111.887000,111.892000,0
20170626 194700,111.892000,111.894000,111.884000,111.886000,0
20170626 194800,111.887000,111.890000,111.886000,111.887000,0
20170626 194900,111.884000,111.886000,111.884000,111.884000,0
20170626 195000,111.886000,111.886000,111.873000,111.874000,0
20170626 195100,111.876000,111.880000,111.873000,111.873000,0
20170626 195200,111.871000,111.871000,111.866000,111.866000,0
20170626 195300,111.867000,111.867000,111.863000,111.864000,0
20170626 195400,111.864000,111.870000,111.863000,111.869000,0
20170626 195500,111.867000,111.869000,111.859000,111.859000,0
20170626 195600,111.859000,111.861000,111.856000,111.856000,0
20170626 195700,111.858000,111.863000,111.856000,111.863000,0
20170626 195800,111.862000,111.863000,111.859000,111.862000,0
20170626 195900,111.862000,111.867000,111.855000,111.867000,0
20170626 200000,111.870000,111.935000,111.870000,111.933000,0
20170626 200100,111.931000,111.948000,111.924000,111.928000,0
20170626 200200,111.928000,111.947000,111.928000,111.939000,0
20170626 200300,111.937000,111.938000,111.921000,111.931000,0
20170626 200400,111.933000,111.943000,111.921000,111.940000,0
20170626 200500,111.941000,111.943000,111.920000,111.922000,0
20170626 200600,111.923000,111.947000,111.923000,111.943000,0
20170626 200700,111.943000,111.952000,111.937000,111.937000,0
20170626 200800,111.939000,111.939000,111.930000,111.931000,0
20170626 200900,111.931000,111.933000,111.919000,111.922000,0
20170626 201000,111.924000,111.935000,111.920000,111.930000,0
20170626 201100,111.931000,111.938000,111.930000,111.938000,0
20170626 201200,111.938000,111.946000,111.935000,111.943000,0
20170626 201300,111.944000,111.947000,111.932000,111.935000,0
20170626 201400,111.936000,111.947000,111.936000,111.946000,0
20170626 201500,111.948000,111.949000,111.923000,111.930000,0
20170626 201600,111.932000,111.932000,111.906000,111.914000,0
20170626 201700,111.917000,111.917000,111.883000,111.883000,0
20170626 201800,111.883000,111.895000,111.882000,111.888000,0
20170626 201900,111.888000,111.898000,111.888000,111.893000,0
20170626 202000,111.893000,111.897000,111.893000,111.894000,0
20170626 202100,111.894000,111.894000,111.887000,111.888000,0
20170626 202200,111.888000,111.897000,111.886000,111.895000,0
20170626 202300,111.896000,111.923000,111.896000,111.916000,0
20170626 202400,111.918000,111.946000,111.916000,111.935000,0
20170626 202500,111.936000,111.941000,111.929000,111.929000,0
20170626 202600,111.928000,111.932000,111.917000,111.918000,0
20170626 202700,111.916000,111.922000,111.905000,111.917000,0
20170626 202800,111.918000,111.931000,111.918000,111.929000,0
20170626 202900,111.932000,111.949000,111.932000,111.944000,0
20170626 203000,111.945000,111.949000,111.942000,111.948000,0
20170626 203100,111.949000,111.954000,111.941000,111.946000,0
20170626 203200,111.947000,111.949000,111.938000,111.949000,0
20170626 203300,111.947000,111.974000,111.942000,111.967000,0
20170626 203400,111.966000,111.969000,111.947000,111.957000,0
20170626 203500,111.958000,111.958000,111.948000,111.950000,0
20170626 203600,111.951000,111.954000,111.946000,111.954000,0
20170626 203700,111.954000,111.961000,111.951000,111.951000,0
20170626 203800,111.950000,111.954000,111.944000,111.944000,0
20170626 203900,111.945000,111.951000,111.935000,111.937000,0
20170626 204000,111.937000,111.941000,111.935000,111.936000,0
20170626 204100,111.939000,111.942000,111.934000,111.942000,0
20170626 204200,111.943000,111.950000,111.938000,111.950000,0
20170626 204300,111.951000,111.960000,111.942000,111.948000,0
20170626 204400,111.948000,111.954000,111.945000,111.953000,0
20170626 204500,111.952000,111.955000,111.949000,111.949000,0
20170626 204600,111.950000,111.954000,111.934000,111.941000,0
20170626 204700,111.939000,111.943000,111.935000,111.942000,0
20170626 204800,111.941000,111.943000,111.929000,111.931000,0
20170626 204900,111.933000,111.937000,111.925000,111.929000,0
20170626 205000,111.928000,111.928000,111.892000,111.906000,0
20170626 205100,111.904000,111.914000,111.899000,111.910000,0
20170626 205200,111.908000,111.917000,111.908000,111.911000,0
20170626 205300,111.911000,111.948000,111.911000,111.945000,0
20170626 205400,111.944000,111.955000,111.935000,111.955000,0
20170626 205500,111.950000,111.952000,111.935000,111.940000,0
20170626 205600,111.939000,111.962000,111.939000,111.962000,0
20170626 205700,111.962000,111.992000,111.962000,111.972000,0
20170626 205800,111.971000,111.971000,111.954000,111.958000,0
20170626 205900,111.949000,111.964000,111.949000,111.964000,0
20170626 210000,111.964000,111.969000,111.950000,111.951000,0
20170626 210100,111.952000,111.955000,111.934000,111.943000,0
20170626 210200,111.941000,111.948000,111.934000,111.947000,0
20170626 210300,111.946000,111.946000,111.935000,111.941000,0
20170626 210400,111.942000,111.946000,111.940000,111.944000,0
20170626 210500,111.944000,111.946000,111.935000,111.936000,0
20170626 210600,111.936000,111.942000,111.936000,111.942000,0
20170626 210700,111.943000,111.969000,111.941000,111.965000,0
20170626 210800,111.967000,111.967000,111.957000,111.961000,0
20170626 210900,111.961000,111.961000,111.953000,111.955000,0
20170626 211000,111.954000,111.962000,111.954000,111.961000,0
20170626 211100,111.957000,111.962000,111.953000,111.962000,0
20170626 211200,111.960000,111.972000,111.960000,111.969000,0
20170626 211300,111.968000,111.969000,111.966000,111.966000,0
20170626 211400,111.967000,111.967000,111.954000,111.955000,0
20170626 211500,111.961000,111.997000,111.961000,111.991000,0
20170626 211600,111.989000,111.991000,111.982000,111.990000,0
20170626 211700,111.991000,111.991000,111.980000,111.985000,0
20170626 211800,111.983000,111.983000,111.979000,111.980000,0
20170626 211900,111.980000,111.980000,111.966000,111.966000,0
20170626 212000,111.966000,111.974000,111.964000,111.966000,0
20170626 212100,111.965000,111.973000,111.965000,111.973000,0
20170626 212200,111.978000,111.983000,111.978000,111.980000,0
20170626 212300,111.981000,111.981000,111.964000,111.964000,0
20170626 212400,111.962000,111.972000,111.961000,111.967000,0
20170626 212500,111.968000,111.969000,111.961000,111.967000,0
20170626 212600,111.968000,111.968000,111.959000,111.961000,0
20170626 212700,111.964000,111.968000,111.964000,111.968000,0
20170626 212800,111.971000,111.977000,111.970000,111.974000,0
20170626 212900,111.974000,111.980000,111.968000,111.979000,0
20170626 213000,111.980000,111.980000,111.967000,111.973000,0
20170626 213100,111.978000,111.989000,111.978000,111.985000,0
20170626 213200,111.986000,111.993000,111.980000,111.984000,0
20170626 213300,111.985000,111.986000,111.977000,111.980000,0
20170626 213400,111.984000,111.988000,111.980000,111.981000,0
20170626 213500,111.981000,111.991000,111.976000,111.988000,0
20170626 213600,111.989000,112.047000,111.989000,112.036000,0
20170626 213700,112.033000,112.048000,112.022000,112.024000,0
20170626 213800,112.025000,112.042000,112.025000,112.039000,0
20170626 213900,112.039000,112.053000,112.039000,112.047000,0
20170626 214000,112.047000,112.047000,112.027000,112.039000,0
20170626 214100,112.037000,112.066000,112.035000,112.058000,0
20170626 214200,112.058000,112.069000,112.050000,112.062000,0
20170626 214300,112.064000,112.075000,112.064000,112.069000,0
20170626 214400,112.066000,112.068000,112.060000,112.068000,0
20170626 214500,112.067000,112.067000,112.039000,112.045000,0
20170626 214600,112.047000,112.049000,112.017000,112.026000,0
20170626 214700,112.026000,112.030000,112.013000,112.018000,0
20170626 214800,112.019000,112.021000,112.016000,112.017000,0
20170626 214900,112.018000,112.020000,111.996000,111.997000,0
20170626 215000,111.999000,112.001000,111.996000,111.997000,0
20170626 215100,111.998000,112.001000,111.990000,111.996000,0
20170626 215200,111.995000,112.008000,111.994000,112.006000,0
20170626 215300,112.004000,112.010000,111.993000,112.001000,0
20170626 215400,112.000000,112.003000,111.996000,111.997000,0
20170626 215500,111.999000,112.011000,111.999000,112.007000,0
20170626 215600,112.008000,112.008000,111.962000,111.964000,0
20170626 215700,111.962000,111.980000,111.962000,111.976000,0
20170626 215800,111.976000,111.976000,111.965000,111.965000,0
20170626 215900,111.964000,111.964000,111.944000,111.947000,0
20170626 220000,111.949000,111.952000,111.943000,111.949000,0
20170626 220100,111.948000,111.950000,111.944000,111.946000,0
20170626 220200,111.947000,111.951000,111.940000,111.943000,0
20170626 220300,111.943000,111.969000,111.943000,111.964000,0
20170626 220400,111.962000,111.969000,111.953000,111.968000,0
20170626 220500,111.967000,111.971000,111.963000,111.965000,0
20170626 220600,111.966000,111.969000,111.944000,111.957000,0
20170626 220700,111.956000,111.957000,111.931000,111.935000,0
20170626 220800,111.937000,111.939000,111.913000,111.913000,0
20170626 220900,111.916000,111.930000,111.907000,111.929000,0
20170626 221000,111.929000,111.932000,111.928000,111.929000,0
20170626 221100,111.930000,111.934000,111.927000,111.927000,0
20170626 221200,111.927000,111.932000,111.923000,111.925000,0
20170626 221300,111.926000,111.928000,111.915000,111.916000,0
20170626 221400,111.917000,111.929000,111.916000,111.929000,0
20170626 221500,111.930000,111.945000,111.930000,111.933000,0
20170626 221600,111.933000,111.938000,111.933000,111.934000,0
20170626 221700,111.934000,111.936000,111.929000,111.935000,0
20170626 221800,111.936000,111.936000,111.916000,111.928000,0
20170626 221900,111.926000,111.930000,111.926000,111.929000,0
20170626 222000,111.929000,111.933000,111.920000,111.926000,0
20170626 222100,111.926000,111.928000,111.925000,111.926000,0
20170626 222200,111.928000,111.931000,111.905000,111.906000,0
20170626 222300,111.907000,111.910000,111.894000,111.901000,0
20170626 222400,111.903000,111.905000,111.889000,111.893000,0
20170626 222500,111.894000,111.897000,111.880000,111.882000,0
20170626 222600,111.881000,111.896000,111.880000,111.896000,0
20170626 222700,111.897000,111.897000,111.878000,111.879000,0
20170626 222800,111.878000,111.878000,111.856000,111.872000,0
20170626 222900,111.872000,111.883000,111.871000,111.883000,0
20170626 223000,111.883000,111.886000,111.866000,111.870000,0
20170626 223100,111.871000,111.885000,111.870000,111.884000,0
20170626 223200,111.882000,111.882000,111.865000,111.868000,0
20170626 223300,111.869000,111.880000,111.867000,111.877000,0
20170626 223400,111.877000,111.888000,111.876000,111.888000,0
20170626 223500,111.888000,111.903000,111.887000,111.901000,0
20170626 223600,111.900000,111.901000,111.888000,111.894000,0
20170626 223700,111.894000,111.909000,111.894000,111.909000,0
20170626 223800,111.910000,111.910000,111.906000,111.908000,0
20170626 223900,111.909000,111.909000,111.907000,111.907000,0
20170626 224000,111.907000,111.910000,111.901000,111.910000,0
20170626 224100,111.911000,111.921000,111.911000,111.921000,0
20170626 224200,111.924000,111.925000,111.913000,111.914000,0
20170626 224300,111.918000,111.926000,111.916000,111.921000,0
20170626 224400,111.923000,111.929000,111.921000,111.926000,0
20170626 224500,111.927000,111.929000,111.926000,111.926000,0
20170626 224600,111.927000,111.927000,111.913000,111.920000,0
20170626 224700,111.926000,111.934000,111.926000,111.933000,0
20170626 224800,111.935000,111.937000,111.931000,111.934000,0
20170626 224900,111.935000,111.937000,111.932000,111.933000,0
20170626 225000,111.932000,111.932000,111.925000,111.925000,0
20170626 225100,111.924000,111.924000,111.887000,111.888000,0
20170626 225200,111.886000,111.889000,111.874000,111.887000,0
20170626 225300,111.888000,111.894000,111.887000,111.893000,0
20170626 225400,111.894000,111.900000,111.893000,111.893000,0
20170626 225500,111.897000,111.899000,111.896000,111.897000,0
20170626 225600,111.894000,111.900000,111.893000,111.893000,0
20170626 225700,111.895000,111.900000,111.894000,111.900000,0
20170626 225800,111.899000,111.906000,111.891000,111.905000,0
20170626 225900,111.906000,111.907000,111.895000,111.900000,0
20170626 230000,111.901000,111.906000,111.900000,111.906000,0
20170626 230100,111.906000,111.907000,111.906000,111.907000,0
20170626 230200,111.906000,111.906000,111.905000,111.905000,0
20170626 230300,111.907000,111.907000,111.901000,111.901000,0
20170626 230400,111.904000,111.907000,111.904000,111.906000,0
20170626 230500,111.909000,111.909000,111.901000,111.901000,0
20170626 230600,111.901000,111.906000,111.899000,111.900000,0
20170626 230700,111.900000,111.900000,111.875000,111.875000,0
20170626 230800,111.879000,111.886000,111.879000,111.886000,0
20170626 230900,111.886000,111.890000,111.883000,111.885000,0
20170626 231000,111.885000,111.885000,111.883000,111.883000,0
20170626 231100,111.882000,111.888000,111.882000,111.887000,0
20170626 231200,111.887000,111.890000,111.885000,111.888000,0
20170626 231300,111.889000,111.895000,111.888000,111.888000,0
20170626 231400,111.887000,111.889000,111.885000,111.889000,0
20170626 231500,111.889000,111.895000,111.889000,111.889000,0
20170626 231600,111.889000,111.889000,111.883000,111.889000,0
20170626 231700,111.889000,111.889000,111.883000,111.883000,0
20170626 231800,111.883000,111.889000,111.883000,111.889000,0
20170626 231900,111.888000,111.897000,111.888000,111.894000,0
20170626 232000,111.893000,111.893000,111.881000,111.886000,0
20170626 232100,111.887000,111.891000,111.883000,111.883000,0
20170626 232200,111.883000,111.883000,111.882000,111.883000,0
20170626 232300,111.885000,111.895000,111.885000,111.892000,0
20170626 232400,111.891000,111.892000,111.883000,111.889000,0
20170626 232500,111.890000,111.893000,111.889000,111.892000,0
20170626 232600,111.892000,111.892000,111.876000,111.876000,0
20170626 232700,111.877000,111.884000,111.877000,111.884000,0
20170626 232800,111.883000,111.890000,111.883000,111.888000,0
20170626 232900,111.889000,111.889000,111.888000,111.889000,0
20170626 233000,111.890000,111.901000,111.889000,111.901000,0
20170626 233100,111.900000,111.903000,111.898000,111.902000,0
20170626 233200,111.903000,111.903000,111.898000,111.901000,0
20170626 233300,111.901000,111.904000,111.868000,111.871000,0
20170626 233400,111.873000,111.883000,111.873000,111.875000,0
20170626 233500,111.876000,111.876000,111.861000,111.862000,0
20170626 233600,111.863000,111.868000,111.862000,111.865000,0
20170626 233700,111.864000,111.864000,111.852000,111.859000,0
20170626 233800,111.860000,111.866000,111.854000,111.863000,0
20170626 233900,111.861000,111.870000,111.859000,111.870000,0
20170626 234000,111.871000,111.880000,111.864000,111.879000,0
20170626 234100,111.878000,111.879000,111.876000,111.878000,0
20170626 234200,111.876000,111.882000,111.876000,111.882000,0
20170626 234300,111.884000,111.884000,111.883000,111.883000,0
20170626 234400,111.881000,111.881000,111.871000,111.871000,0
20170626 234500,111.871000,111.876000,111.871000,111.872000,0
20170626 234600,111.871000,111.877000,111.870000,111.876000,0
20170626 234700,111.877000,111.877000,111.867000,111.868000,0
20170626 234800,111.867000,111.875000,111.867000,111.875000,0
20170626 234900,111.873000,111.880000,111.873000,111.879000,0
20170626 235000,111.881000,111.895000,111.881000,111.889000,0
20170626 235100,111.890000,111.894000,111.883000,111.883000,0
20170626 235200,111.884000,111.889000,111.884000,111.885000,0
20170626 235300,111.885000,111.895000,111.885000,111.895000,0
20170626 235400,111.896000,111.896000,111.894000,111.894000,0
20170626 235500,111.893000,111.893000,111.889000,111.889000,0
20170626 235600,111.891000,111.891000,111.890000,111.890000,0
20170626 235700,111.891000,111.892000,111.890000,111.890000,0
20170626 235800,111.889000,111.891000,111.884000,111.887000,0
20170626 235900,111.887000,111.887000,111.883000,111.883000,0
