20040830 000000,1.200700,1.200800,1.200700,1.200700,0
20040830 000100,1.200800,1.200800,1.200700,1.200700,0
20040830 000200,1.200600,1.200700,1.200600,1.200600,0
20040830 000300,1.200500,1.200600,1.200500,1.200500,0
20040830 000400,1.200400,1.200500,1.200400,1.200500,0
20040830 000500,1.200600,1.200600,1.200600,1.200600,0
20040830 000600,1.200700,1.200700,1.200700,1.200700,0
20040830 000700,1.200600,1.200600,1.200600,1.200600,0
20040830 000800,1.200700,1.200700,1.200700,1.200700,0
20040830 000900,1.200600,1.200600,1.200600,1.200600,0
20040830 001000,1.200500,1.200500,1.200500,1.200500,0
20040830 001200,1.200600,1.200900,1.200600,1.200700,0
20040830 001600,1.200600,1.200600,1.200600,1.200600,0
20040830 001800,1.200500,1.200600,1.200500,1.200600,0
20040830 002200,1.200700,1.200700,1.200700,1.200700,0
20040830 002300,1.200600,1.200600,1.200400,1.200500,0
20040830 002400,1.200400,1.200500,1.200400,1.200500,0
20040830 002500,1.200400,1.200400,1.200400,1.200400,0
20040830 002700,1.200300,1.200300,1.200200,1.200300,0
20040830 002800,1.200400,1.200400,1.200300,1.200300,0
20040830 002900,1.200400,1.200500,1.200400,1.200500,0
20040830 003000,1.200400,1.200400,1.200100,1.200200,0
20040830 003100,1.200300,1.200300,1.200100,1.200200,0
20040830 003200,1.200100,1.200200,1.200000,1.200200,0
20040830 003300,1.200100,1.200100,1.200100,1.200100,0
20040830 003400,1.200200,1.200200,1.200100,1.200100,0
20040830 003700,1.200000,1.200000,1.200000,1.200000,0
20040830 003800,1.199900,1.200000,1.199900,1.200000,0
20040830 003900,1.199900,1.200000,1.199900,1.200000,0
20040830 004000,1.200100,1.200200,1.200000,1.200100,0
20040830 004100,1.200000,1.200000,1.200000,1.200000,0
20040830 004200,1.200100,1.200200,1.200100,1.200100,0
20040830 004400,1.200000,1.200000,1.199900,1.199900,0
20040830 004500,1.199800,1.200100,1.199800,1.200000,0
20040830 004600,1.199900,1.199900,1.199900,1.199900,0
20040830 004800,1.199800,1.199800,1.199800,1.199800,0
20040830 004900,1.199700,1.199800,1.199600,1.199700,0
20040830 005000,1.199800,1.199800,1.199600,1.199600,0
20040830 005100,1.199700,1.199800,1.199700,1.199700,0
20040830 005200,1.199600,1.199600,1.199600,1.199600,0
20040830 005300,1.199700,1.199900,1.199700,1.199700,0
20040830 005400,1.199800,1.199900,1.199700,1.199900,0
20040830 005500,1.200000,1.200000,1.199800,1.199900,0
20040830 005600,1.199800,1.199800,1.199700,1.199800,0
20040830 005800,1.199700,1.199700,1.199500,1.199700,0
20040830 005900,1.199800,1.199900,1.199800,1.199900,0
20040830 010000,1.199800,1.200100,1.199800,1.200000,0
20040830 010100,1.199900,1.200000,1.199900,1.200000,0
20040830 010200,1.199900,1.200100,1.199900,1.200000,0
20040830 010300,1.199900,1.199900,1.199800,1.199800,0
20040830 010500,1.199900,1.200000,1.199700,1.199700,0
20040830 010600,1.199800,1.199800,1.199600,1.199700,0
20040830 010700,1.199600,1.199600,1.199600,1.199600,0
20040830 010800,1.199700,1.199700,1.199700,1.199700,0
20040830 010900,1.199600,1.199700,1.199600,1.199600,0
20040830 011100,1.199700,1.199700,1.199700,1.199700,0
20040830 011200,1.199600,1.199600,1.199600,1.199600,0
20040830 011300,1.199500,1.199600,1.199500,1.199600,0
20040830 011400,1.199700,1.199700,1.199600,1.199600,0
20040830 011600,1.199500,1.199600,1.199500,1.199500,0
20040830 011700,1.199400,1.199500,1.199400,1.199500,0
20040830 011800,1.199600,1.199600,1.199400,1.199400,0
20040830 011900,1.199500,1.199500,1.199300,1.199400,0
20040830 012000,1.199500,1.199500,1.199000,1.199000,0
20040830 012100,1.199100,1.199300,1.199100,1.199200,0
20040830 012200,1.199300,1.199300,1.199300,1.199300,0
20040830 012400,1.199400,1.199500,1.199300,1.199500,0
20040830 012500,1.199600,1.199700,1.199600,1.199700,0
20040830 012600,1.199800,1.199800,1.199700,1.199700,0
20040830 012700,1.199800,1.199900,1.199800,1.199800,0
20040830 012800,1.199900,1.200000,1.199900,1.199900,0
20040830 012900,1.200000,1.200000,1.200000,1.200000,0
20040830 013000,1.200100,1.200200,1.200100,1.200100,0
20040830 013100,1.200200,1.200600,1.200200,1.200500,0
20040830 013200,1.200400,1.200500,1.200300,1.200400,0
20040830 013400,1.200500,1.200500,1.200500,1.200500,0
20040830 013500,1.200600,1.200600,1.200400,1.200500,0
20040830 013600,1.200400,1.200700,1.200400,1.200600,0
20040830 013700,1.200500,1.200600,1.200500,1.200600,0
20040830 013800,1.200500,1.200700,1.200500,1.200700,0
20040830 013900,1.200800,1.200800,1.200700,1.200700,0
20040830 014000,1.200800,1.200800,1.200700,1.200800,0
20040830 014200,1.200900,1.201000,1.200900,1.200900,0
20040830 014300,1.201000,1.201000,1.200800,1.200800,0
20040830 014400,1.200900,1.200900,1.200700,1.200700,0
20040830 014600,1.200800,1.200900,1.200800,1.200900,0
20040830 014700,1.200800,1.200900,1.200600,1.200700,0
20040830 014800,1.200600,1.200600,1.200600,1.200600,0
20040830 015000,1.200500,1.200600,1.200500,1.200600,0
20040830 015100,1.200500,1.200500,1.200400,1.200400,0
20040830 015200,1.200500,1.200500,1.200400,1.200400,0
20040830 015400,1.200500,1.200500,1.200200,1.200200,0
20040830 015500,1.200300,1.200600,1.200300,1.200500,0
20040830 015600,1.200400,1.200400,1.200400,1.200400,0
20040830 015700,1.200500,1.200700,1.200500,1.200700,0
20040830 015800,1.200600,1.200700,1.200500,1.200700,0
20040830 015900,1.200800,1.200800,1.200800,1.200800,0
20040830 020000,1.200700,1.200800,1.200600,1.200700,0
20040830 020100,1.200600,1.200800,1.200600,1.200700,0
20040830 020200,1.200800,1.201000,1.200800,1.200900,0
20040830 020300,1.201000,1.201100,1.200900,1.201000,0
20040830 020400,1.201100,1.201400,1.201000,1.201400,0
20040830 020500,1.201500,1.201500,1.201500,1.201500,0
20040830 020600,1.201600,1.201700,1.201600,1.201700,0
20040830 020700,1.201600,1.201700,1.201400,1.201600,0
20040830 020800,1.201700,1.201800,1.201700,1.201800,0
20040830 020900,1.201700,1.201700,1.201600,1.201700,0
20040830 021000,1.201800,1.201800,1.201400,1.201400,0
20040830 021100,1.201300,1.201300,1.201300,1.201300,0
20040830 021200,1.201400,1.201500,1.201300,1.201400,0
20040830 021300,1.201300,1.201400,1.201300,1.201400,0
20040830 021400,1.201300,1.201600,1.201300,1.201600,0
20040830 021500,1.201700,1.201800,1.201700,1.201800,0
20040830 021600,1.201700,1.201900,1.201700,1.201700,0
20040830 021700,1.201800,1.201900,1.201800,1.201900,0
20040830 021800,1.202000,1.202100,1.202000,1.202100,0
20040830 021900,1.202000,1.202100,1.201900,1.202000,0
20040830 022000,1.201900,1.201900,1.201700,1.201800,0
20040830 022100,1.202000,1.202100,1.201800,1.201900,0
20040830 022200,1.201800,1.201800,1.201600,1.201700,0
20040830 022300,1.201600,1.201800,1.201600,1.201800,0
20040830 022400,1.201900,1.202100,1.201800,1.201900,0
20040830 022500,1.202000,1.202000,1.202000,1.202000,0
20040830 022600,1.201900,1.201900,1.201800,1.201800,0
20040830 022700,1.201700,1.201900,1.201700,1.201800,0
20040830 022800,1.201700,1.201700,1.201500,1.201500,0
20040830 022900,1.201400,1.201600,1.201300,1.201400,0
20040830 023000,1.201300,1.201500,1.201300,1.201500,0
20040830 023100,1.201400,1.201700,1.201400,1.201600,0
20040830 023200,1.201700,1.201800,1.201700,1.201700,0
20040830 023300,1.201800,1.201800,1.201700,1.201700,0
20040830 023400,1.201800,1.201800,1.201800,1.201800,0
20040830 023500,1.201900,1.202000,1.201600,1.201700,0
20040830 023600,1.201600,1.201700,1.201600,1.201700,0
20040830 023700,1.201600,1.201700,1.201600,1.201700,0
20040830 023800,1.201600,1.201700,1.201600,1.201600,0
20040830 023900,1.201700,1.201700,1.201700,1.201700,0
20040830 024000,1.201800,1.201800,1.201800,1.201800,0
20040830 024100,1.201900,1.201900,1.201800,1.201800,0
20040830 024200,1.201900,1.201900,1.201800,1.201800,0
20040830 024300,1.201900,1.202100,1.201800,1.202100,0
20040830 024400,1.202000,1.202000,1.201900,1.201900,0
20040830 024500,1.202000,1.202100,1.201800,1.201800,0
20040830 024700,1.201900,1.202000,1.201900,1.201900,0
20040830 024800,1.201800,1.201900,1.201800,1.201800,0
20040830 024900,1.201700,1.201900,1.201700,1.201900,0
20040830 025000,1.201800,1.201800,1.201800,1.201800,0
20040830 025200,1.201900,1.201900,1.201700,1.201800,0
20040830 025300,1.201900,1.202000,1.201900,1.202000,0
20040830 025400,1.201900,1.201900,1.201800,1.201900,0
20040830 025500,1.202000,1.202000,1.201900,1.201900,0
20040830 025600,1.201800,1.201900,1.201800,1.201900,0
20040830 025700,1.202000,1.202000,1.201900,1.201900,0
20040830 025900,1.202000,1.202000,1.202000,1.202000,0
20040830 030000,1.201900,1.201900,1.201900,1.201900,0
20040830 030100,1.202000,1.202100,1.202000,1.202100,0
20040830 030200,1.202000,1.202200,1.201900,1.202100,0
20040830 030300,1.202000,1.202100,1.201900,1.201900,0
20040830 030500,1.201800,1.201900,1.201800,1.201900,0
20040830 030600,1.202000,1.202300,1.201900,1.202300,0
20040830 030700,1.202400,1.202700,1.202200,1.202700,0
20040830 030800,1.202800,1.202800,1.202500,1.202800,0
20040830 030900,1.202700,1.203100,1.202600,1.203100,0
20040830 031000,1.203000,1.203500,1.202900,1.203000,0
20040830 031100,1.202900,1.203000,1.202700,1.202700,0
20040830 031200,1.202800,1.202800,1.202700,1.202800,0
20040830 031300,1.202700,1.202700,1.202600,1.202600,0
20040830 031400,1.202700,1.202700,1.202600,1.202600,0
20040830 031500,1.202700,1.202700,1.202700,1.202700,0
20040830 031600,1.202600,1.202900,1.202600,1.202800,0
20040830 031700,1.202900,1.202900,1.202700,1.202700,0
20040830 031800,1.202600,1.202700,1.202600,1.202600,0
20040830 031900,1.202700,1.202700,1.202700,1.202700,0
20040830 032100,1.202800,1.202800,1.202500,1.202700,0
20040830 032200,1.202600,1.202600,1.202500,1.202500,0
20040830 032300,1.202600,1.202600,1.202500,1.202600,0
20040830 032400,1.202500,1.202600,1.202500,1.202500,0
20040830 032600,1.202400,1.202500,1.202400,1.202400,0
20040830 032700,1.202500,1.202500,1.202400,1.202500,0
20040830 032800,1.202600,1.202600,1.202400,1.202500,0
20040830 032900,1.202400,1.202500,1.202400,1.202400,0
20040830 033000,1.202500,1.202500,1.202400,1.202500,0
20040830 033100,1.202400,1.202500,1.202400,1.202500,0
20040830 033200,1.202400,1.202700,1.202400,1.202700,0
20040830 033300,1.202800,1.202800,1.202500,1.202600,0
20040830 033400,1.202700,1.202700,1.202600,1.202700,0
20040830 033500,1.202800,1.202800,1.202700,1.202700,0
20040830 033600,1.202800,1.202900,1.202700,1.202800,0
20040830 033700,1.202700,1.202800,1.202600,1.202700,0
20040830 033800,1.202800,1.202800,1.202800,1.202800,0
20040830 033900,1.202700,1.202700,1.202700,1.202700,0
20040830 034000,1.202600,1.202700,1.202600,1.202700,0
20040830 034100,1.202800,1.202800,1.202800,1.202800,0
20040830 034200,1.202700,1.202700,1.202600,1.202700,0
20040830 034300,1.202600,1.202600,1.202600,1.202600,0
20040830 034600,1.202700,1.202800,1.202600,1.202800,0
20040830 034700,1.202700,1.202700,1.202600,1.202600,0
20040830 034800,1.202700,1.202900,1.202700,1.202800,0
20040830 034900,1.202900,1.202900,1.202700,1.202800,0
20040830 035000,1.202700,1.202800,1.202700,1.202800,0
20040830 035100,1.202900,1.202900,1.202800,1.202800,0
20040830 035400,1.202900,1.202900,1.202800,1.202800,0
20040830 035600,1.202700,1.202900,1.202700,1.202800,0
20040830 035700,1.202700,1.202700,1.202700,1.202700,0
20040830 035800,1.202800,1.202900,1.202800,1.202900,0
20040830 035900,1.202800,1.202900,1.202700,1.202800,0
20040830 040000,1.202900,1.202900,1.202800,1.202900,0
20040830 040100,1.202800,1.202900,1.202800,1.202800,0
20040830 040200,1.202700,1.202800,1.202700,1.202800,0
20040830 040300,1.202900,1.203000,1.202600,1.202800,0
20040830 040400,1.202700,1.202700,1.202700,1.202700,0
20040830 040500,1.202800,1.202900,1.202600,1.202700,0
20040830 040700,1.202800,1.202900,1.202800,1.202800,0
20040830 040800,1.202700,1.202800,1.202700,1.202800,0
20040830 040900,1.202700,1.202900,1.202700,1.202800,0
20040830 041000,1.202900,1.202900,1.202700,1.202800,0
20040830 041100,1.202900,1.202900,1.202800,1.202900,0
20040830 041200,1.202800,1.203000,1.202800,1.202800,0
20040830 041300,1.202900,1.203000,1.202800,1.203000,0
20040830 041500,1.203100,1.203100,1.203000,1.203000,0
20040830 041600,1.203100,1.203100,1.203100,1.203100,0
20040830 042000,1.203000,1.203100,1.202900,1.202900,0
20040830 042100,1.202800,1.202800,1.202800,1.202800,0
20040830 042200,1.202700,1.202800,1.202600,1.202600,0
20040830 042300,1.202700,1.202700,1.202700,1.202700,0
20040830 042400,1.202800,1.202800,1.202500,1.202500,0
20040830 042500,1.202400,1.202500,1.202400,1.202500,0
20040830 042700,1.202600,1.202600,1.202400,1.202500,0
20040830 042800,1.202600,1.202600,1.202400,1.202400,0
20040830 042900,1.202500,1.202600,1.202500,1.202600,0
20040830 043000,1.202500,1.202700,1.202500,1.202600,0
20040830 043100,1.202500,1.202600,1.202500,1.202600,0
20040830 043200,1.202500,1.202500,1.202400,1.202500,0
20040830 043300,1.202600,1.202700,1.202600,1.202700,0
20040830 043400,1.202800,1.202800,1.202700,1.202700,0
20040830 043500,1.202800,1.202800,1.202800,1.202800,0
20040830 043600,1.202700,1.202700,1.202600,1.202700,0
20040830 043700,1.202800,1.202800,1.202700,1.202700,0
20040830 043900,1.202600,1.202600,1.202500,1.202600,0
20040830 044000,1.202500,1.202600,1.202500,1.202600,0
20040830 044100,1.202700,1.202800,1.202600,1.202600,0
20040830 044200,1.202700,1.202700,1.202600,1.202700,0
20040830 044300,1.202800,1.202800,1.202600,1.202600,0
20040830 044400,1.202700,1.202800,1.202600,1.202700,0
20040830 044500,1.202600,1.202600,1.202600,1.202600,0
20040830 044600,1.202700,1.202800,1.202600,1.202600,0
20040830 044700,1.202700,1.202800,1.202700,1.202800,0
20040830 044800,1.202900,1.203000,1.202800,1.202800,0
20040830 044900,1.202900,1.203000,1.202800,1.202900,0
20040830 045000,1.203000,1.203000,1.202900,1.202900,0
20040830 045100,1.202800,1.202900,1.202800,1.202900,0
20040830 045200,1.203000,1.203000,1.202900,1.202900,0
20040830 045300,1.203000,1.203100,1.202900,1.203000,0
20040830 045400,1.203100,1.203100,1.203000,1.203000,0
20040830 045500,1.202900,1.203200,1.202900,1.203100,0
20040830 045600,1.203200,1.203700,1.203100,1.203600,0
20040830 045700,1.203500,1.203700,1.203500,1.203500,0
20040830 045800,1.203600,1.203600,1.203300,1.203400,0
20040830 045900,1.203300,1.203500,1.203300,1.203500,0
20040830 050000,1.203400,1.203500,1.203400,1.203500,0
20040830 050100,1.203400,1.203500,1.203300,1.203500,0
20040830 050200,1.203400,1.203400,1.203200,1.203200,0
20040830 050300,1.203300,1.203300,1.203300,1.203300,0
20040830 050400,1.203400,1.203500,1.203300,1.203500,0
20040830 050500,1.203600,1.204000,1.203600,1.204000,0
20040830 050600,1.204100,1.204100,1.204000,1.204000,0
20040830 050700,1.203900,1.203900,1.203800,1.203800,0
20040830 050800,1.203900,1.203900,1.203900,1.203900,0
20040830 050900,1.203800,1.203900,1.203700,1.203900,0
20040830 051000,1.203800,1.203800,1.203700,1.203700,0
20040830 051100,1.203600,1.203900,1.203600,1.203900,0
20040830 051200,1.204000,1.204200,1.203900,1.204000,0
20040830 051300,1.203900,1.204200,1.203900,1.204100,0
20040830 051400,1.204200,1.204200,1.204100,1.204100,0
20040830 051500,1.204000,1.204200,1.204000,1.204100,0
20040830 051600,1.204200,1.204200,1.204100,1.204100,0
20040830 051700,1.204200,1.204200,1.204100,1.204100,0
20040830 051800,1.204200,1.204200,1.204100,1.204100,0
20040830 051900,1.204200,1.204200,1.204100,1.204100,0
20040830 052000,1.204200,1.204200,1.204100,1.204100,0
20040830 052100,1.204000,1.204100,1.203900,1.204000,0
20040830 052200,1.203900,1.204000,1.203900,1.204000,0
20040830 052300,1.203900,1.203900,1.203900,1.203900,0
20040830 052400,1.204000,1.204000,1.204000,1.204000,0
20040830 052500,1.204100,1.204200,1.204100,1.204200,0
20040830 052600,1.204100,1.204100,1.203600,1.203600,0
20040830 052700,1.203500,1.203600,1.203500,1.203500,0
20040830 052800,1.203600,1.204000,1.203600,1.204000,0
20040830 052900,1.204100,1.204400,1.204100,1.204200,0
20040830 053000,1.204100,1.204100,1.203900,1.204000,0
20040830 053100,1.203900,1.204300,1.203900,1.204300,0
20040830 053200,1.204400,1.204400,1.204200,1.204400,0
20040830 053300,1.204300,1.204400,1.204200,1.204200,0
20040830 053400,1.204300,1.204300,1.204200,1.204200,0
20040830 053500,1.204100,1.204300,1.204100,1.204200,0
20040830 053600,1.204100,1.204500,1.204100,1.204500,0
20040830 053700,1.204400,1.205000,1.204400,1.204800,0
20040830 053800,1.204900,1.204900,1.204700,1.204700,0
20040830 053900,1.204600,1.204700,1.204600,1.204700,0
20040830 054000,1.204600,1.204700,1.204600,1.204700,0
20040830 054100,1.204800,1.204800,1.204700,1.204700,0
20040830 054200,1.204800,1.204900,1.204700,1.204900,0
20040830 054300,1.204800,1.204900,1.204700,1.204800,0
20040830 054400,1.204700,1.204900,1.204600,1.204600,0
20040830 054500,1.204500,1.204700,1.204500,1.204700,0
20040830 054600,1.204600,1.204600,1.204600,1.204600,0
20040830 054700,1.204500,1.204500,1.204400,1.204500,0
20040830 054800,1.204600,1.204600,1.204500,1.204500,0
20040830 054900,1.204600,1.204600,1.204500,1.204600,0
20040830 055000,1.204700,1.204700,1.204500,1.204500,0
20040830 055100,1.204600,1.204700,1.204500,1.204500,0
20040830 055200,1.204600,1.204700,1.204600,1.204600,0
20040830 055400,1.204500,1.204600,1.204400,1.204600,0
20040830 055500,1.204700,1.205100,1.204700,1.205100,0
20040830 055600,1.205000,1.205100,1.204900,1.205000,0
20040830 055700,1.204900,1.204900,1.204900,1.204900,0
20040830 055900,1.204800,1.204900,1.204700,1.204700,0
20040830 060000,1.204600,1.204600,1.204600,1.204600,0
20040830 060100,1.204500,1.204600,1.204500,1.204500,0
20040830 060200,1.204400,1.204500,1.204400,1.204500,0
20040830 060300,1.204400,1.204500,1.204300,1.204300,0
20040830 060400,1.204400,1.204400,1.204400,1.204400,0
20040830 060500,1.204500,1.204700,1.204500,1.204600,0
20040830 060700,1.204500,1.204500,1.204300,1.204300,0
20040830 060800,1.204400,1.204400,1.204200,1.204400,0
20040830 060900,1.204300,1.204400,1.204300,1.204400,0
20040830 061000,1.204300,1.204400,1.204200,1.204400,0
20040830 061100,1.204300,1.204300,1.204100,1.204100,0
20040830 061200,1.204200,1.204200,1.203800,1.203800,0
20040830 061300,1.203900,1.204000,1.203900,1.204000,0
20040830 061400,1.203900,1.203900,1.203800,1.203900,0
20040830 061500,1.204000,1.204200,1.204000,1.204200,0
20040830 061600,1.204300,1.204400,1.204100,1.204400,0
20040830 061700,1.204500,1.204600,1.204400,1.204400,0
20040830 061900,1.204300,1.204400,1.204300,1.204300,0
20040830 062000,1.204200,1.204300,1.204200,1.204200,0
20040830 062100,1.204300,1.204400,1.204300,1.204300,0
20040830 062200,1.204400,1.204400,1.204200,1.204300,0
20040830 062300,1.204400,1.204500,1.204300,1.204400,0
20040830 062400,1.204500,1.204700,1.204500,1.204500,0
20040830 062600,1.204400,1.204400,1.204300,1.204300,0
20040830 062700,1.204400,1.204500,1.204400,1.204500,0
20040830 062800,1.204400,1.204500,1.204400,1.204500,0
20040830 062900,1.204600,1.204900,1.204500,1.204900,0
20040830 063000,1.204800,1.204800,1.204800,1.204800,0
20040830 063100,1.204700,1.204900,1.204700,1.204800,0
20040830 063200,1.204700,1.204800,1.204700,1.204800,0
20040830 063300,1.204900,1.204900,1.204700,1.204800,0
20040830 063400,1.204700,1.204800,1.204700,1.204700,0
20040830 063500,1.204800,1.204900,1.204700,1.204800,0
20040830 063600,1.204700,1.204800,1.204700,1.204700,0
20040830 063700,1.204800,1.204900,1.204700,1.204900,0
20040830 063800,1.205000,1.205000,1.204900,1.205000,0
20040830 063900,1.204900,1.205000,1.204900,1.204900,0
20040830 064000,1.205000,1.205000,1.204900,1.205000,0
20040830 064100,1.205100,1.205100,1.204700,1.204800,0
20040830 064200,1.204700,1.204800,1.204700,1.204800,0
20040830 064300,1.204900,1.204900,1.204700,1.204700,0
20040830 064400,1.204800,1.204800,1.204700,1.204700,0
20040830 064600,1.204800,1.204800,1.204700,1.204800,0
20040830 064700,1.204900,1.205000,1.204800,1.204800,0
20040830 064800,1.204900,1.205000,1.204800,1.204900,0
20040830 064900,1.205000,1.205000,1.204900,1.205000,0
20040830 065000,1.204900,1.205100,1.204700,1.205000,0
20040830 065100,1.205100,1.205200,1.204900,1.205000,0
20040830 065200,1.205100,1.205100,1.204900,1.205000,0
20040830 065300,1.204900,1.205100,1.204900,1.205100,0
20040830 065400,1.205000,1.205000,1.204900,1.204900,0
20040830 065500,1.205000,1.205000,1.204900,1.204900,0
20040830 065600,1.204800,1.204800,1.204800,1.204800,0
20040830 065700,1.204900,1.204900,1.204500,1.204600,0
20040830 065800,1.204500,1.204600,1.204500,1.204500,0
20040830 065900,1.204400,1.204500,1.204400,1.204500,0
20040830 070000,1.204400,1.204700,1.204300,1.204600,0
20040830 070100,1.204500,1.204700,1.204500,1.204600,0
20040830 070300,1.204700,1.204700,1.204600,1.204600,0
20040830 070400,1.204700,1.204700,1.204700,1.204700,0
20040830 070600,1.204600,1.204600,1.204600,1.204600,0
20040830 070700,1.204700,1.204700,1.204600,1.204600,0
20040830 070800,1.204500,1.204600,1.204500,1.204600,0
20040830 070900,1.204500,1.204600,1.204500,1.204600,0
20040830 071100,1.204700,1.204800,1.204600,1.204700,0
20040830 071200,1.204800,1.204800,1.204700,1.204700,0
20040830 071600,1.204800,1.204800,1.204800,1.204800,0
20040830 071700,1.204900,1.205100,1.204800,1.204900,0
20040830 071800,1.205000,1.205100,1.204900,1.204900,0
20040830 071900,1.204800,1.205000,1.204700,1.205000,0
20040830 072100,1.204900,1.204900,1.204800,1.204800,0
20040830 072200,1.204700,1.204800,1.204700,1.204800,0
20040830 072400,1.204900,1.204900,1.204700,1.204700,0
20040830 072600,1.204800,1.204800,1.204800,1.204800,0
20040830 072800,1.204700,1.204700,1.204400,1.204400,0
20040830 072900,1.204500,1.204500,1.204400,1.204500,0
20040830 073000,1.204600,1.204600,1.204600,1.204600,0
20040830 073100,1.204500,1.204600,1.204500,1.204600,0
20040830 073200,1.204500,1.204600,1.204500,1.204500,0
20040830 073300,1.204600,1.204700,1.204600,1.204700,0
20040830 073400,1.204600,1.204800,1.204600,1.204800,0
20040830 073500,1.204700,1.204900,1.204700,1.204800,0
20040830 073600,1.204900,1.205100,1.204900,1.204900,0
20040830 073700,1.204800,1.205000,1.204800,1.204900,0
20040830 073800,1.205000,1.205000,1.204900,1.204900,0
20040830 073900,1.204800,1.204800,1.204800,1.204800,0
20040830 074000,1.204700,1.204800,1.204700,1.204800,0
20040830 074100,1.204700,1.204900,1.204700,1.204800,0
20040830 074200,1.204900,1.205000,1.204900,1.204900,0
20040830 074300,1.205000,1.205100,1.205000,1.205100,0
20040830 074400,1.205000,1.205000,1.204600,1.204600,0
20040830 074500,1.204700,1.204800,1.204600,1.204700,0
20040830 074700,1.204600,1.204700,1.204600,1.204700,0
20040830 074800,1.204600,1.204700,1.204600,1.204600,0
20040830 074900,1.204700,1.204700,1.204500,1.204600,0
20040830 075000,1.204700,1.204700,1.204500,1.204600,0
20040830 075100,1.204500,1.204600,1.204400,1.204500,0
20040830 075200,1.204600,1.204800,1.204600,1.204800,0
20040830 075300,1.204900,1.204900,1.204700,1.204900,0
20040830 075400,1.204800,1.204800,1.204700,1.204700,0
20040830 075600,1.204800,1.205000,1.204800,1.204900,0
20040830 075700,1.205000,1.205100,1.205000,1.205100,0
20040830 075800,1.205000,1.205000,1.204900,1.205000,0
20040830 075900,1.205100,1.205100,1.204900,1.205100,0
20040830 080000,1.205000,1.205100,1.204900,1.205000,0
20040830 080100,1.205100,1.205100,1.204900,1.205000,0
20040830 080200,1.204900,1.205000,1.204900,1.205000,0
20040830 080300,1.204900,1.204900,1.204900,1.204900,0
20040830 080400,1.204800,1.205000,1.204800,1.204900,0
20040830 080500,1.204800,1.205000,1.204800,1.205000,0
20040830 080600,1.204900,1.205100,1.204900,1.204900,0
20040830 080700,1.205000,1.205000,1.204800,1.204900,0
20040830 080800,1.205000,1.205100,1.204900,1.205000,0
20040830 080900,1.204900,1.204900,1.204800,1.204900,0
20040830 081000,1.205000,1.205100,1.204800,1.205000,0
20040830 081100,1.204900,1.205000,1.204800,1.204900,0
20040830 081200,1.205000,1.205000,1.204800,1.204900,0
20040830 081300,1.204800,1.204900,1.204700,1.204700,0
20040830 081400,1.204600,1.204700,1.204500,1.204700,0
20040830 081500,1.204800,1.204800,1.204700,1.204800,0
20040830 081600,1.204700,1.204800,1.204500,1.204500,0
20040830 081800,1.204600,1.204700,1.204500,1.204500,0
20040830 081900,1.204400,1.204500,1.204400,1.204500,0
20040830 082000,1.204600,1.204600,1.204400,1.204600,0
20040830 082100,1.204500,1.204500,1.204400,1.204500,0
20040830 082200,1.204600,1.204800,1.204500,1.204700,0
20040830 082300,1.204800,1.204900,1.204700,1.204900,0
20040830 082400,1.205000,1.205000,1.205000,1.205000,0
20040830 082500,1.205100,1.205100,1.204900,1.204900,0
20040830 082600,1.205000,1.205400,1.205000,1.205400,0
20040830 082700,1.205500,1.206000,1.205500,1.206000,0
20040830 082800,1.205900,1.206100,1.205900,1.205900,0
20040830 082900,1.205800,1.206000,1.205800,1.205900,0
20040830 083000,1.206000,1.206100,1.205900,1.205900,0
20040830 083100,1.205800,1.205900,1.205300,1.205600,0
20040830 083200,1.205500,1.205500,1.205200,1.205300,0
20040830 083300,1.205200,1.205200,1.204900,1.204900,0
20040830 083400,1.205000,1.205000,1.204800,1.204900,0
20040830 083500,1.204800,1.204800,1.204600,1.204600,0
20040830 083600,1.204500,1.204500,1.203800,1.203800,0
20040830 083700,1.203900,1.203900,1.203700,1.203800,0
20040830 083800,1.203700,1.203700,1.203400,1.203400,0
20040830 083900,1.203300,1.203400,1.202900,1.203000,0
20040830 084000,1.202900,1.203000,1.202800,1.202900,0
20040830 084100,1.202800,1.203300,1.202800,1.203200,0
20040830 084200,1.203300,1.203300,1.203100,1.203200,0
20040830 084300,1.203300,1.203400,1.203200,1.203400,0
20040830 084400,1.203300,1.203300,1.203000,1.203200,0
20040830 084500,1.203100,1.203300,1.203100,1.203300,0
20040830 084600,1.203200,1.203200,1.203000,1.203000,0
20040830 084700,1.202900,1.203000,1.202800,1.202800,0
20040830 084800,1.202900,1.202900,1.202800,1.202800,0
20040830 084900,1.202700,1.203200,1.202700,1.202900,0
20040830 085000,1.203000,1.203200,1.202900,1.202900,0
20040830 085100,1.202800,1.202800,1.202600,1.202600,0
20040830 085200,1.202500,1.202500,1.202300,1.202500,0
20040830 085300,1.202400,1.202600,1.202300,1.202600,0
20040830 085400,1.202700,1.202700,1.202500,1.202600,0
20040830 085500,1.202700,1.202900,1.202600,1.202900,0
20040830 085600,1.202800,1.203000,1.202700,1.203000,0
20040830 085700,1.202900,1.202900,1.202700,1.202800,0
20040830 085800,1.202700,1.202800,1.202500,1.202500,0
20040830 085900,1.202400,1.202500,1.202400,1.202400,0
20040830 090000,1.202500,1.202700,1.202500,1.202700,0
20040830 090100,1.202600,1.202800,1.202600,1.202700,0
20040830 090200,1.202800,1.202900,1.202700,1.202900,0
20040830 090300,1.202800,1.203000,1.202800,1.202900,0
20040830 090400,1.203000,1.203000,1.202900,1.202900,0
20040830 090500,1.203000,1.203100,1.202900,1.203100,0
20040830 090600,1.203000,1.203100,1.202900,1.203000,0
20040830 090800,1.203100,1.203100,1.202900,1.203000,0
20040830 090900,1.203100,1.203200,1.203000,1.203100,0
20040830 091100,1.203200,1.203200,1.202900,1.203000,0
20040830 091200,1.203100,1.203100,1.202900,1.203000,0
20040830 091300,1.203100,1.203200,1.203000,1.203200,0
20040830 091400,1.203100,1.203200,1.203000,1.203200,0
20040830 091500,1.203100,1.203100,1.203100,1.203100,0
20040830 091600,1.203200,1.203200,1.203100,1.203100,0
20040830 091700,1.203200,1.203300,1.203200,1.203300,0
20040830 091800,1.203200,1.203400,1.203200,1.203300,0
20040830 091900,1.203200,1.203400,1.203200,1.203200,0
20040830 092100,1.203300,1.203300,1.203200,1.203300,0
20040830 092200,1.203200,1.203300,1.203200,1.203200,0
20040830 092300,1.203100,1.203200,1.203100,1.203100,0
20040830 092400,1.203000,1.203100,1.203000,1.203100,0
20040830 092500,1.203000,1.203100,1.202900,1.203000,0
20040830 092600,1.203100,1.203100,1.203000,1.203000,0
20040830 092700,1.203100,1.203100,1.203100,1.203100,0
20040830 092800,1.203000,1.203100,1.202900,1.203000,0
20040830 092900,1.202900,1.203000,1.202900,1.202900,0
20040830 093000,1.202800,1.203000,1.202800,1.203000,0
20040830 093100,1.203100,1.203500,1.203100,1.203300,0
20040830 093200,1.203400,1.203400,1.203200,1.203300,0
20040830 093300,1.203400,1.203500,1.203300,1.203500,0
20040830 093400,1.203600,1.203600,1.203300,1.203400,0
20040830 093500,1.203500,1.203700,1.203500,1.203700,0
20040830 093600,1.203600,1.203800,1.203600,1.203700,0
20040830 093700,1.203600,1.203700,1.203500,1.203500,0
20040830 093800,1.203600,1.203600,1.203300,1.203400,0
20040830 093900,1.203500,1.203600,1.203500,1.203500,0
20040830 094000,1.203400,1.203500,1.203400,1.203500,0
20040830 094100,1.203400,1.203400,1.203300,1.203400,0
20040830 094200,1.203300,1.203400,1.203300,1.203400,0
20040830 094300,1.203300,1.203400,1.203300,1.203400,0
20040830 094400,1.203300,1.203400,1.203200,1.203400,0
20040830 094500,1.203500,1.203600,1.203400,1.203600,0
20040830 094600,1.203500,1.203600,1.203500,1.203600,0
20040830 094700,1.203500,1.203600,1.203300,1.203300,0
20040830 094800,1.203400,1.203500,1.203000,1.203100,0
20040830 094900,1.203200,1.203300,1.203100,1.203100,0
20040830 095000,1.203200,1.203300,1.203100,1.203200,0
20040830 095100,1.203100,1.203300,1.203100,1.203300,0
20040830 095200,1.203200,1.203400,1.203100,1.203300,0
20040830 095300,1.203400,1.203500,1.203200,1.203400,0
20040830 095400,1.203300,1.203400,1.203300,1.203300,0
20040830 095500,1.203400,1.203500,1.203200,1.203200,0
20040830 095600,1.203300,1.203500,1.203200,1.203200,0
20040830 095800,1.203300,1.203300,1.203300,1.203300,0
20040830 095900,1.203400,1.203400,1.203100,1.203100,0
20040830 100000,1.203200,1.203200,1.203100,1.203100,0
20040830 100100,1.203000,1.203000,1.203000,1.203000,0
20040830 100200,1.202900,1.203000,1.202900,1.202900,0
20040830 100400,1.203000,1.203000,1.202900,1.203000,0
20040830 100500,1.202900,1.203300,1.202900,1.203200,0
20040830 100600,1.203100,1.203300,1.203100,1.203200,0
20040830 100700,1.203300,1.203300,1.203200,1.203200,0
20040830 100800,1.203300,1.203300,1.203200,1.203300,0
20040830 100900,1.203200,1.203200,1.203100,1.203100,0
20040830 101000,1.203200,1.203200,1.203000,1.203100,0
20040830 101100,1.203000,1.203000,1.202800,1.203000,0
20040830 101200,1.202900,1.203100,1.202900,1.202900,0
20040830 101300,1.203000,1.203100,1.203000,1.203000,0
20040830 101400,1.202900,1.203000,1.202800,1.202900,0
20040830 101500,1.202800,1.202900,1.202800,1.202900,0
20040830 101600,1.203000,1.203100,1.202900,1.202900,0
20040830 101700,1.203000,1.203000,1.202900,1.203000,0
20040830 101800,1.202900,1.203000,1.202800,1.202800,0
20040830 101900,1.202900,1.203000,1.202900,1.203000,0
20040830 102000,1.203100,1.203100,1.202900,1.203000,0
20040830 102100,1.203100,1.203200,1.203000,1.203100,0
20040830 102200,1.203200,1.203200,1.203100,1.203100,0
20040830 102300,1.203200,1.203200,1.203000,1.203000,0
20040830 102400,1.203100,1.203300,1.203100,1.203100,0
20040830 102500,1.203000,1.203200,1.203000,1.203100,0
20040830 102600,1.203200,1.203300,1.203200,1.203300,0
20040830 102700,1.203200,1.203200,1.203200,1.203200,0
20040830 102800,1.203100,1.203200,1.203100,1.203200,0
20040830 103000,1.203300,1.203300,1.203300,1.203300,0
20040830 103100,1.203200,1.203200,1.203200,1.203200,0
20040830 103200,1.203300,1.203400,1.203300,1.203300,0
20040830 103300,1.203400,1.203600,1.203400,1.203600,0
20040830 103400,1.203700,1.204100,1.203600,1.204000,0
20040830 103500,1.203900,1.204100,1.203800,1.204000,0
20040830 103600,1.203900,1.204100,1.203900,1.204000,0
20040830 103700,1.203900,1.204000,1.203800,1.204000,0
20040830 103800,1.204100,1.204200,1.203900,1.204200,0
20040830 103900,1.204100,1.204700,1.204100,1.204500,0
20040830 104000,1.204400,1.204700,1.204400,1.204600,0
20040830 104100,1.204700,1.204800,1.204600,1.204600,0
20040830 104200,1.204500,1.204700,1.204500,1.204700,0
20040830 104300,1.204600,1.204600,1.204400,1.204400,0
20040830 104400,1.204500,1.204500,1.204500,1.204500,0
20040830 104500,1.204400,1.204600,1.204400,1.204500,0
20040830 104600,1.204600,1.204600,1.204300,1.204400,0
20040830 104700,1.204500,1.204600,1.204500,1.204600,0
20040830 104800,1.204700,1.204700,1.204600,1.204600,0
20040830 104900,1.204500,1.204500,1.204500,1.204500,0
20040830 105000,1.204600,1.204600,1.204500,1.204500,0
20040830 105100,1.204600,1.204700,1.204600,1.204600,0
20040830 105200,1.204700,1.204700,1.204600,1.204600,0
20040830 105300,1.204700,1.204700,1.204400,1.204500,0
20040830 105400,1.204400,1.204600,1.204400,1.204400,0
20040830 105500,1.204300,1.204500,1.204300,1.204500,0
20040830 105600,1.204400,1.204500,1.204300,1.204500,0
20040830 105700,1.204400,1.204400,1.204300,1.204300,0
20040830 105800,1.204200,1.204400,1.204200,1.204300,0
20040830 105900,1.204200,1.204400,1.204200,1.204400,0
20040830 110000,1.204300,1.204400,1.204300,1.204300,0
20040830 110100,1.204400,1.204500,1.204200,1.204500,0
20040830 110200,1.204400,1.204500,1.204300,1.204300,0
20040830 110300,1.204400,1.204500,1.204300,1.204300,0
20040830 110400,1.204400,1.204400,1.204200,1.204200,0
20040830 110500,1.204100,1.204100,1.203600,1.203600,0
20040830 110600,1.203500,1.203600,1.203400,1.203400,0
20040830 110700,1.203500,1.203700,1.203500,1.203700,0
20040830 110800,1.203600,1.203800,1.203600,1.203800,0
20040830 110900,1.203700,1.203700,1.203700,1.203700,0
20040830 111100,1.203600,1.203600,1.203600,1.203600,0
20040830 111400,1.203500,1.203500,1.203300,1.203300,0
20040830 111500,1.203200,1.203300,1.203100,1.203200,0
20040830 111600,1.203100,1.203400,1.203100,1.203400,0
20040830 111700,1.203500,1.203500,1.203300,1.203300,0
20040830 111800,1.203200,1.203400,1.203200,1.203300,0
20040830 111900,1.203400,1.203600,1.203300,1.203600,0
20040830 112000,1.203500,1.203500,1.203400,1.203500,0
20040830 112100,1.203400,1.203400,1.203400,1.203400,0
20040830 112200,1.203500,1.204000,1.203500,1.204000,0
20040830 112300,1.204100,1.204100,1.203800,1.203900,0
20040830 112400,1.203800,1.203800,1.203700,1.203800,0
20040830 112500,1.203700,1.203900,1.203700,1.203900,0
20040830 112600,1.204000,1.204100,1.203900,1.204100,0
20040830 112700,1.204000,1.204300,1.204000,1.204100,0
20040830 112800,1.204200,1.204600,1.204200,1.204400,0
20040830 112900,1.204500,1.204500,1.204400,1.204500,0
20040830 113000,1.204400,1.204400,1.204200,1.204300,0
20040830 113100,1.204400,1.204400,1.204300,1.204300,0
20040830 113200,1.204200,1.204400,1.204200,1.204300,0
20040830 113300,1.204200,1.204400,1.204100,1.204200,0
20040830 113400,1.204300,1.204400,1.204200,1.204300,0
20040830 113500,1.204400,1.204600,1.204300,1.204400,0
20040830 113600,1.204500,1.204500,1.204300,1.204300,0
20040830 113700,1.204400,1.204400,1.204300,1.204300,0
20040830 113800,1.204400,1.204700,1.204300,1.204400,0
20040830 113900,1.204300,1.204700,1.204300,1.204700,0
20040830 114000,1.204600,1.204600,1.204500,1.204500,0
20040830 114100,1.204400,1.204500,1.204300,1.204400,0
20040830 114200,1.204500,1.204600,1.204400,1.204500,0
20040830 114400,1.204400,1.204500,1.204400,1.204500,0
20040830 114500,1.204600,1.204900,1.204600,1.204600,0
20040830 114600,1.204500,1.204700,1.204400,1.204400,0
20040830 114700,1.204500,1.204500,1.204500,1.204500,0
20040830 114800,1.204600,1.204900,1.204600,1.204700,0
20040830 114900,1.204600,1.205400,1.204600,1.205300,0
20040830 115000,1.205400,1.205600,1.205200,1.205500,0
20040830 115100,1.205600,1.205600,1.205200,1.205200,0
20040830 115200,1.205100,1.205100,1.204900,1.205100,0
20040830 115300,1.205200,1.205200,1.205000,1.205000,0
20040830 115400,1.204900,1.205200,1.204900,1.205200,0
20040830 115500,1.205100,1.205100,1.205000,1.205100,0
20040830 115600,1.205000,1.205100,1.204900,1.204900,0
20040830 115700,1.205000,1.205000,1.204900,1.205000,0
20040830 115800,1.204900,1.205000,1.204800,1.204900,0
20040830 115900,1.204800,1.205100,1.204800,1.205100,0
20040830 120000,1.205000,1.205000,1.204600,1.204700,0
20040830 120100,1.204800,1.204900,1.204700,1.204800,0
20040830 120200,1.204900,1.204900,1.204700,1.204700,0
20040830 120300,1.204600,1.204800,1.204600,1.204700,0
20040830 120400,1.204800,1.204800,1.204600,1.204600,0
20040830 120500,1.204500,1.204500,1.204400,1.204400,0
20040830 120600,1.204500,1.204600,1.204500,1.204600,0
20040830 120900,1.204500,1.204700,1.204500,1.204600,0
20040830 121000,1.204700,1.204700,1.204600,1.204600,0
20040830 121200,1.204700,1.204700,1.204700,1.204700,0
20040830 121400,1.204600,1.204600,1.204600,1.204600,0
20040830 121600,1.204700,1.204800,1.204700,1.204800,0
20040830 121700,1.204700,1.204700,1.204700,1.204700,0
20040830 121800,1.204600,1.204900,1.204600,1.204900,0
20040830 121900,1.205000,1.205000,1.204900,1.204900,0
20040830 122000,1.204800,1.204800,1.204800,1.204800,0
20040830 122100,1.204700,1.204700,1.204700,1.204700,0
20040830 122200,1.204800,1.204800,1.204800,1.204800,0
20040830 122300,1.204900,1.205100,1.204900,1.205100,0
20040830 122400,1.205000,1.205400,1.205000,1.205300,0
20040830 122500,1.205200,1.205400,1.205200,1.205300,0
20040830 122600,1.205400,1.205400,1.205200,1.205200,0
20040830 122700,1.205100,1.205100,1.205000,1.205000,0
20040830 122800,1.204900,1.205000,1.204700,1.204800,0
20040830 122900,1.204900,1.205000,1.204800,1.205000,0
20040830 123000,1.204900,1.205200,1.204900,1.205200,0
20040830 123100,1.205300,1.205500,1.205300,1.205400,0
20040830 123200,1.205500,1.205500,1.205400,1.205500,0
20040830 123300,1.205400,1.205400,1.205200,1.205200,0
20040830 123400,1.205300,1.205500,1.205300,1.205400,0
20040830 123500,1.205500,1.205500,1.205500,1.205500,0
20040830 123600,1.205600,1.205900,1.205600,1.205800,0
20040830 123800,1.205800,1.206700,1.205700,1.206600,0
20040830 123900,1.206700,1.206700,1.206200,1.206400,0
20040830 124000,1.206500,1.206800,1.206300,1.206600,0
20040830 124100,1.206500,1.207000,1.206500,1.206800,0
20040830 124200,1.206700,1.206700,1.206500,1.206500,0
20040830 124300,1.206400,1.206400,1.206200,1.206200,0
20040830 124400,1.206300,1.206400,1.206200,1.206300,0
20040830 124500,1.206200,1.206300,1.206100,1.206200,0
20040830 124600,1.206100,1.206200,1.206000,1.206000,0
20040830 124700,1.205900,1.206000,1.205900,1.205900,0
20040830 124800,1.206000,1.206000,1.205800,1.205900,0
20040830 124900,1.205800,1.206000,1.205800,1.206000,0
20040830 125000,1.205900,1.206200,1.205900,1.206100,0
20040830 125100,1.206000,1.206300,1.206000,1.206300,0
20040830 125200,1.206400,1.206600,1.206400,1.206600,0
20040830 125300,1.206500,1.206500,1.206300,1.206400,0
20040830 125400,1.206500,1.206500,1.206400,1.206400,0
20040830 125600,1.206300,1.206300,1.206200,1.206300,0
20040830 125700,1.206200,1.206200,1.206200,1.206200,0
20040830 125800,1.206300,1.206300,1.206100,1.206100,0
20040830 125900,1.206200,1.206400,1.206100,1.206400,0
20040830 130000,1.206500,1.206500,1.206400,1.206500,0
20040830 130100,1.206400,1.206500,1.206400,1.206500,0
20040830 130200,1.206400,1.206400,1.206100,1.206200,0
20040830 130300,1.206100,1.206200,1.206100,1.206200,0
20040830 130400,1.206100,1.206200,1.206100,1.206100,0
20040830 130500,1.206000,1.206100,1.206000,1.206000,0
20040830 130600,1.206100,1.206300,1.206000,1.206300,0
20040830 130700,1.206200,1.206300,1.206200,1.206300,0
20040830 130800,1.206400,1.206400,1.206300,1.206400,0
20040830 130900,1.206300,1.206400,1.206200,1.206200,0
20040830 131000,1.206300,1.206400,1.206200,1.206300,0
20040830 131100,1.206400,1.206500,1.206300,1.206300,0
20040830 131200,1.206400,1.206400,1.206300,1.206400,0
20040830 131300,1.206300,1.206400,1.206300,1.206300,0
20040830 131400,1.206400,1.206400,1.206300,1.206300,0
20040830 131600,1.206200,1.206200,1.206200,1.206200,0
20040830 131700,1.206100,1.206200,1.206100,1.206200,0
20040830 131800,1.206100,1.206300,1.206100,1.206300,0
20040830 131900,1.206200,1.206300,1.206200,1.206200,0
20040830 132000,1.206300,1.206300,1.206200,1.206200,0
20040830 132100,1.206100,1.206200,1.206100,1.206200,0
20040830 132200,1.206100,1.206200,1.206100,1.206200,0
20040830 132300,1.206100,1.206200,1.206100,1.206100,0
20040830 132400,1.206200,1.206300,1.206100,1.206200,0
20040830 132500,1.206100,1.206200,1.206100,1.206200,0
20040830 132700,1.206100,1.206200,1.206100,1.206200,0
20040830 132800,1.206100,1.206200,1.206100,1.206100,0
20040830 133100,1.206200,1.206300,1.206200,1.206200,0
20040830 133200,1.206100,1.206200,1.206000,1.206000,0
20040830 133400,1.205900,1.205900,1.205900,1.205900,0
20040830 133500,1.205800,1.205800,1.205800,1.205800,0
20040830 133700,1.205900,1.206000,1.205800,1.205800,0
20040830 133800,1.205700,1.205700,1.205700,1.205700,0
20040830 134000,1.205800,1.205900,1.205800,1.205900,0
20040830 134200,1.206000,1.206000,1.205900,1.206000,0
20040830 134300,1.205900,1.206000,1.205900,1.206000,0
20040830 134400,1.205900,1.205900,1.205800,1.205800,0
20040830 134500,1.205900,1.205900,1.205900,1.205900,0
20040830 134700,1.206000,1.206000,1.205900,1.205900,0
20040830 134800,1.206000,1.206000,1.205900,1.206000,0
20040830 134900,1.205900,1.206100,1.205900,1.206100,0
20040830 135000,1.206000,1.206100,1.206000,1.206100,0
20040830 135300,1.206200,1.206200,1.206200,1.206200,0
20040830 135400,1.206100,1.206100,1.206100,1.206100,0
20040830 135500,1.206000,1.206100,1.205900,1.205900,0
20040830 135600,1.206000,1.206000,1.205900,1.205900,0
20040830 135900,1.205800,1.206000,1.205800,1.206000,0
20040830 140100,1.205900,1.206000,1.205900,1.206000,0
20040830 140500,1.205900,1.205900,1.205900,1.205900,0
20040830 140700,1.206000,1.206100,1.205900,1.206000,0
20040830 140800,1.205900,1.206000,1.205900,1.206000,0
20040830 140900,1.205900,1.205900,1.205900,1.205900,0
20040830 141000,1.206000,1.206100,1.206000,1.206000,0
20040830 141100,1.206100,1.206100,1.206100,1.206100,0
20040830 141200,1.206200,1.206200,1.206200,1.206200,0
20040830 141300,1.206100,1.206300,1.206100,1.206300,0
20040830 141600,1.206400,1.206400,1.206300,1.206400,0
20040830 141700,1.206500,1.206500,1.206400,1.206400,0
20040830 141800,1.206300,1.206400,1.206300,1.206400,0
20040830 141900,1.206300,1.206300,1.206300,1.206300,0
20040830 142000,1.206400,1.206500,1.206100,1.206200,0
20040830 142100,1.206300,1.206300,1.206200,1.206200,0
20040830 142200,1.206100,1.206200,1.206000,1.206000,0
20040830 142300,1.205900,1.205900,1.205900,1.205900,0
20040830 142400,1.205800,1.205900,1.205800,1.205900,0
20040830 142500,1.205900,1.206000,1.205800,1.205800,0
20040830 142700,1.205700,1.205700,1.205500,1.205500,0
20040830 142800,1.205600,1.205600,1.205600,1.205600,0
20040830 142900,1.205700,1.205800,1.205600,1.205800,0
20040830 143000,1.205900,1.205900,1.205800,1.205800,0
20040830 143100,1.205900,1.206000,1.205800,1.205800,0
20040830 143300,1.205700,1.205700,1.205600,1.205600,0
20040830 143500,1.205500,1.205600,1.205500,1.205600,0
20040830 143600,1.205700,1.205700,1.205600,1.205600,0
20040830 143700,1.205500,1.205600,1.205300,1.205600,0
20040830 143800,1.205500,1.205600,1.205500,1.205600,0
20040830 143900,1.205500,1.205500,1.205200,1.205200,0
20040830 144000,1.205100,1.205200,1.205000,1.205200,0
20040830 144100,1.205100,1.205200,1.205000,1.205200,0
20040830 144300,1.205300,1.205400,1.205200,1.205300,0
20040830 144400,1.205400,1.205600,1.205300,1.205600,0
20040830 144500,1.205700,1.205700,1.205600,1.205700,0
20040830 144600,1.205600,1.205700,1.205500,1.205700,0
20040830 144700,1.205600,1.205800,1.205600,1.205700,0
20040830 144800,1.205600,1.205900,1.205600,1.205900,0
20040830 144900,1.205800,1.205800,1.205600,1.205700,0
20040830 145000,1.205800,1.205800,1.205800,1.205800,0
20040830 145100,1.205900,1.206000,1.205800,1.205800,0
20040830 145200,1.205700,1.205800,1.205700,1.205800,0
20040830 145500,1.205900,1.205900,1.205800,1.205800,0
20040830 145600,1.205900,1.206000,1.205400,1.205400,0
20040830 145700,1.205500,1.205700,1.205100,1.205300,0
20040830 145800,1.205400,1.205400,1.205100,1.205300,0
20040830 145900,1.205200,1.205200,1.205000,1.205200,0
20040830 150000,1.205300,1.205300,1.205200,1.205300,0
20040830 150100,1.205200,1.205500,1.205200,1.205300,0
20040830 150200,1.205400,1.205400,1.205300,1.205300,0
20040830 150300,1.205400,1.205400,1.205400,1.205400,0
20040830 150500,1.205300,1.205500,1.205300,1.205500,0
20040830 150600,1.205600,1.205600,1.205600,1.205600,0
20040830 150700,1.205500,1.205600,1.205400,1.205500,0
20040830 151100,1.205600,1.205700,1.205600,1.205600,0
20040830 151200,1.205500,1.205500,1.205500,1.205500,0
20040830 151300,1.205600,1.205600,1.205500,1.205500,0
20040830 151400,1.205600,1.205800,1.205600,1.205800,0
20040830 151500,1.205600,1.205900,1.205600,1.205700,0
20040830 151600,1.205600,1.205600,1.205600,1.205600,0
20040830 151700,1.205500,1.205500,1.205500,1.205500,0
20040830 151800,1.205400,1.205600,1.205400,1.205500,0
20040830 151900,1.205600,1.205600,1.205500,1.205500,0
20040830 152000,1.205600,1.205600,1.205600,1.205600,0
20040830 152100,1.205700,1.205800,1.205700,1.205800,0
20040830 152200,1.205700,1.205800,1.205700,1.205800,0
20040830 152300,1.205700,1.205800,1.205600,1.205700,0
20040830 152400,1.205600,1.205800,1.205600,1.205700,0
20040830 152500,1.205600,1.205600,1.205600,1.205600,0
20040830 152600,1.205700,1.205700,1.205700,1.205700,0
20040830 152800,1.205600,1.205600,1.205500,1.205500,0
20040830 152900,1.205400,1.205500,1.205400,1.205500,0
20040830 153000,1.205600,1.205600,1.205500,1.205600,0
20040830 153100,1.205500,1.205600,1.205500,1.205500,0
20040830 153400,1.205400,1.205600,1.205400,1.205600,0
20040830 153500,1.205500,1.205500,1.205500,1.205500,0
20040830 153700,1.205600,1.205600,1.205600,1.205600,0
20040830 153800,1.205500,1.205500,1.205500,1.205500,0
20040830 153900,1.205600,1.205600,1.205600,1.205600,0
20040830 154000,1.205500,1.205700,1.205500,1.205600,0
20040830 154200,1.205500,1.205500,1.205400,1.205500,0
20040830 154300,1.205400,1.205600,1.205400,1.205500,0
20040830 154500,1.205600,1.205600,1.205500,1.205500,0
20040830 155200,1.205600,1.205600,1.205500,1.205600,0
20040830 155300,1.205500,1.205500,1.205400,1.205400,0
20040830 155500,1.205300,1.205500,1.205300,1.205400,0
20040830 155600,1.205500,1.205600,1.205500,1.205500,0
20040830 155700,1.205600,1.205600,1.205500,1.205500,0
20040830 155800,1.205400,1.205600,1.205400,1.205500,0
20040830 155900,1.205400,1.205400,1.205300,1.205400,0
20040830 160100,1.205500,1.205500,1.205500,1.205500,0
20040830 160200,1.205400,1.205400,1.205400,1.205400,0
20040830 160500,1.205500,1.205500,1.205300,1.205300,0
20040830 160600,1.205400,1.205500,1.205400,1.205500,0
20040830 160800,1.205600,1.205600,1.205500,1.205600,0
20040830 161200,1.205700,1.205700,1.205500,1.205500,0
20040830 161300,1.205600,1.205600,1.205600,1.205600,0
20040830 161600,1.205500,1.205600,1.205500,1.205500,0
20040830 161700,1.205600,1.205700,1.205600,1.205600,0
20040830 162100,1.205700,1.205700,1.205600,1.205700,0
20040830 162200,1.205800,1.205800,1.205500,1.205600,0
20040830 162500,1.205700,1.205800,1.205700,1.205800,0
20040830 162600,1.205700,1.205800,1.205700,1.205800,0
20040830 162700,1.205900,1.205900,1.205800,1.205800,0
20040830 162800,1.205900,1.205900,1.205800,1.205800,0
20040830 162900,1.205900,1.205900,1.205800,1.205900,0
20040830 163000,1.205800,1.206000,1.205700,1.205800,0
20040830 163200,1.205700,1.205700,1.205700,1.205700,0
20040830 163300,1.205600,1.205600,1.205500,1.205500,0
20040830 163400,1.205600,1.205600,1.205500,1.205600,0
20040830 163500,1.205700,1.205800,1.205700,1.205800,0
20040830 163600,1.205900,1.205900,1.205800,1.205800,0
20040830 163800,1.205700,1.205700,1.205600,1.205600,0
20040830 163900,1.205700,1.205700,1.205600,1.205600,0
20040830 164000,1.205500,1.205600,1.205400,1.205400,0
20040830 164100,1.205300,1.205500,1.205300,1.205400,0
20040830 164200,1.205500,1.205500,1.205400,1.205500,0
20040830 164300,1.205400,1.205400,1.205400,1.205400,0
20040830 164400,1.205500,1.205700,1.205400,1.205600,0
20040830 164600,1.205700,1.205700,1.205500,1.205600,0
20040830 164900,1.205700,1.205700,1.205600,1.205600,0
20040830 165000,1.205700,1.205700,1.205600,1.205600,0
20040830 165100,1.205700,1.205700,1.205600,1.205700,0
20040830 165300,1.205600,1.205600,1.205600,1.205600,0
20040830 165400,1.205500,1.205500,1.205500,1.205500,0
20040830 165500,1.205600,1.205600,1.205600,1.205600,0
20040830 165600,1.205500,1.205600,1.205500,1.205600,0
20040830 165800,1.205700,1.205700,1.205600,1.205600,0
20040830 173100,1.206000,1.206000,1.206000,1.206000,0
20040830 173200,1.205900,1.206000,1.205900,1.205900,0
20040830 173300,1.205800,1.205900,1.205700,1.205700,0
20040830 173500,1.205600,1.205600,1.205500,1.205600,0
20040830 173600,1.205700,1.205800,1.205600,1.205600,0
20040830 173700,1.205700,1.206100,1.205700,1.206100,0
20040830 173800,1.205900,1.205900,1.205800,1.205900,0
20040830 174200,1.206000,1.206000,1.206000,1.206000,0
20040830 174300,1.206100,1.206100,1.206100,1.206100,0
20040830 174400,1.206000,1.206000,1.206000,1.206000,0
20040830 174500,1.205900,1.205900,1.205900,1.205900,0
20040830 174800,1.205800,1.205800,1.205800,1.205800,0
20040830 174900,1.205900,1.206000,1.205900,1.206000,0
20040830 175000,1.205900,1.205900,1.205900,1.205900,0
20040830 175100,1.205800,1.205800,1.205800,1.205800,0
20040830 175200,1.205900,1.205900,1.205800,1.205800,0
20040830 175300,1.205700,1.205700,1.205600,1.205700,0
20040830 175500,1.205600,1.205700,1.205500,1.205500,0
20040830 175700,1.205400,1.205500,1.205400,1.205500,0
20040830 180200,1.205600,1.205600,1.205600,1.205600,0
20040830 180300,1.205500,1.205500,1.205400,1.205500,0
20040830 181000,1.205200,1.205500,1.205200,1.205300,0
20040830 181100,1.205200,1.205500,1.205200,1.205400,0
20040830 181200,1.205300,1.205400,1.205100,1.205200,0
20040830 181300,1.205300,1.205300,1.205300,1.205300,0
20040830 181600,1.205200,1.205200,1.205100,1.205100,0
20040830 181700,1.205000,1.205100,1.204900,1.204900,0
20040830 181900,1.204800,1.205100,1.204800,1.205100,0
20040830 182000,1.205000,1.205000,1.204900,1.205000,0
20040830 182100,1.204900,1.205100,1.204900,1.205100,0
20040830 182200,1.205000,1.205100,1.204900,1.204900,0
20040830 182300,1.205000,1.205000,1.205000,1.205000,0
20040830 182600,1.204900,1.204900,1.204900,1.204900,0
20040830 182700,1.205100,1.205100,1.205100,1.205100,0
20040830 182900,1.205200,1.205200,1.205200,1.205200,0
20040830 183000,1.205300,1.205400,1.205300,1.205400,0
20040830 183100,1.205300,1.205300,1.205100,1.205300,0
20040830 183200,1.205200,1.205200,1.205200,1.205200,0
20040830 183300,1.205100,1.205100,1.204900,1.204900,0
20040830 183400,1.205000,1.205000,1.204900,1.205000,0
20040830 183500,1.205100,1.205100,1.205000,1.205000,0
20040830 183600,1.204900,1.204900,1.204900,1.204900,0
20040830 183700,1.205000,1.205000,1.205000,1.205000,0
20040830 183800,1.204900,1.205000,1.204900,1.205000,0
20040830 184000,1.204900,1.204900,1.204900,1.204900,0
20040830 184100,1.205000,1.205000,1.205000,1.205000,0
20040830 184200,1.204900,1.204900,1.204900,1.204900,0
20040830 184300,1.205000,1.205000,1.204900,1.204900,0
20040830 184400,1.205000,1.205000,1.205000,1.205000,0
20040830 184500,1.205100,1.205100,1.205100,1.205100,0
20040830 184600,1.205200,1.205200,1.205000,1.205000,0
20040830 184700,1.205100,1.205100,1.205100,1.205100,0
20040830 184800,1.205000,1.205100,1.205000,1.205100,0
20040830 184900,1.205000,1.205000,1.205000,1.205000,0
20040830 185000,1.205100,1.205100,1.205100,1.205100,0
20040830 185100,1.205000,1.205000,1.205000,1.205000,0
20040830 185300,1.204900,1.204900,1.204900,1.204900,0
20040830 185400,1.204800,1.204800,1.204800,1.204800,0
20040830 185500,1.204900,1.205000,1.204800,1.204800,0
20040830 185600,1.204900,1.205100,1.204900,1.204900,0
20040830 185800,1.204800,1.204800,1.204800,1.204800,0
20040830 190000,1.204900,1.205000,1.204800,1.204900,0
20040830 190100,1.205000,1.205000,1.204900,1.204900,0
20040830 190300,1.205000,1.205000,1.205000,1.205000,0
20040830 190400,1.204900,1.205000,1.204900,1.204900,0
20040830 190700,1.204800,1.204800,1.204800,1.204800,0
20040830 190900,1.204900,1.204900,1.204600,1.204600,0
20040830 191000,1.204700,1.204900,1.204600,1.204700,0
20040830 191100,1.204800,1.204800,1.204800,1.204800,0
20040830 191300,1.204900,1.204900,1.204800,1.204900,0
20040830 191400,1.205000,1.205000,1.204900,1.204900,0
20040830 191600,1.205000,1.205000,1.204700,1.204800,0
20040830 191700,1.204700,1.204800,1.204600,1.204800,0
20040830 191900,1.204700,1.204700,1.204700,1.204700,0
20040830 192000,1.204600,1.205000,1.204500,1.205000,0
20040830 192100,1.204900,1.205000,1.204800,1.204800,0
20040830 192200,1.204900,1.204900,1.204900,1.204900,0
20040830 192300,1.205000,1.205100,1.205000,1.205000,0
20040830 192400,1.204900,1.204900,1.204800,1.204800,0
20040830 192600,1.204700,1.204800,1.204700,1.204800,0
20040830 192800,1.204900,1.204900,1.204900,1.204900,0
20040830 192900,1.205000,1.205000,1.204900,1.204900,0
20040830 193100,1.204800,1.204900,1.204700,1.204900,0
20040830 193400,1.205000,1.205000,1.205000,1.205000,0
20040830 193500,1.204900,1.204900,1.204900,1.204900,0
20040830 193600,1.204800,1.204800,1.204800,1.204800,0
20040830 193800,1.204900,1.205000,1.204900,1.205000,0
20040830 194000,1.204900,1.205000,1.204900,1.204900,0
20040830 194100,1.205000,1.205100,1.205000,1.205100,0
20040830 194200,1.205000,1.205100,1.205000,1.205000,0
20040830 194400,1.205100,1.205100,1.205100,1.205100,0
20040830 194700,1.205000,1.205100,1.205000,1.205100,0
20040830 194800,1.205000,1.205100,1.205000,1.205000,0
20040830 194900,1.205100,1.205100,1.205100,1.205100,0
20040830 195000,1.205000,1.205100,1.204800,1.205000,0
20040830 195100,1.205100,1.205100,1.204700,1.204700,0
20040830 195200,1.204600,1.205000,1.204600,1.204900,0
20040830 195500,1.205000,1.205000,1.205000,1.205000,0
20040830 195600,1.205100,1.205200,1.205000,1.205100,0
20040830 195700,1.205000,1.205100,1.205000,1.205100,0
20040830 195800,1.205000,1.205000,1.205000,1.205000,0
20040830 195900,1.205100,1.205400,1.205100,1.205200,0
20040830 200000,1.205100,1.205200,1.205000,1.205200,0
20040830 200100,1.205100,1.205200,1.205100,1.205200,0
20040830 200200,1.205100,1.205300,1.205100,1.205200,0
20040830 200300,1.205300,1.205500,1.205200,1.205500,0
20040830 200400,1.205600,1.205600,1.205500,1.205500,0
20040830 200500,1.205400,1.205500,1.205100,1.205200,0
20040830 200600,1.205300,1.205300,1.205200,1.205200,0
20040830 200800,1.205100,1.205200,1.205100,1.205100,0
20040830 200900,1.205000,1.205100,1.205000,1.205100,0
20040830 201100,1.205200,1.205300,1.205200,1.205300,0
20040830 201200,1.205200,1.205300,1.205100,1.205200,0
20040830 201300,1.205300,1.205400,1.205300,1.205400,0
20040830 201400,1.205500,1.205500,1.205400,1.205500,0
20040830 201500,1.205700,1.205700,1.205600,1.205600,0
20040830 201600,1.205700,1.205800,1.205500,1.205500,0
20040830 201700,1.205400,1.205700,1.205400,1.205700,0
20040830 201800,1.205600,1.205700,1.205500,1.205700,0
20040830 201900,1.205600,1.205600,1.205600,1.205600,0
20040830 202000,1.205500,1.205600,1.205400,1.205600,0
20040830 202100,1.205700,1.205700,1.205700,1.205700,0
20040830 202200,1.205600,1.205700,1.205500,1.205500,0
20040830 202300,1.205600,1.205900,1.205600,1.205800,0
20040830 202500,1.205900,1.205900,1.205900,1.205900,0
20040830 202600,1.205800,1.205800,1.205700,1.205800,0
20040830 202700,1.205700,1.205700,1.205700,1.205700,0
20040830 202900,1.205600,1.205600,1.205600,1.205600,0
20040830 203000,1.205700,1.205900,1.205700,1.205900,0
20040830 203100,1.205800,1.205900,1.205800,1.205900,0
20040830 203200,1.206000,1.206000,1.205800,1.205900,0
20040830 203300,1.206000,1.206100,1.205800,1.206000,0
20040830 203400,1.205900,1.205900,1.205800,1.205900,0
20040830 203500,1.206000,1.206100,1.206000,1.206000,0
20040830 203600,1.206100,1.206200,1.206000,1.206100,0
20040830 203800,1.206200,1.206500,1.206200,1.206400,0
20040830 203900,1.206500,1.206500,1.206400,1.206400,0
20040830 204000,1.206500,1.206500,1.206500,1.206500,0
20040830 204100,1.206400,1.206500,1.206400,1.206400,0
20040830 204200,1.206300,1.206400,1.206300,1.206400,0
20040830 204300,1.206500,1.206600,1.206400,1.206500,0
20040830 204400,1.206600,1.206600,1.206500,1.206600,0
20040830 204500,1.206700,1.206900,1.206700,1.206800,0
20040830 204600,1.206700,1.206700,1.206500,1.206600,0
20040830 204700,1.206700,1.206700,1.206600,1.206600,0
20040830 204800,1.206700,1.206700,1.206600,1.206700,0
20040830 204900,1.206800,1.206800,1.206800,1.206800,0
20040830 205000,1.206700,1.206700,1.206600,1.206600,0
20040830 205100,1.206700,1.206700,1.206600,1.206600,0
20040830 205200,1.206700,1.206700,1.206600,1.206600,0
20040830 205300,1.206700,1.206700,1.206600,1.206700,0
20040830 205400,1.206800,1.206800,1.206600,1.206800,0
20040830 205500,1.206900,1.206900,1.206600,1.206600,0
20040830 205600,1.206700,1.206700,1.206600,1.206600,0
20040830 205700,1.206700,1.206700,1.206700,1.206700,0
20040830 205800,1.206600,1.206800,1.206600,1.206700,0
20040830 205900,1.206600,1.206700,1.206600,1.206600,0
20040830 210000,1.206700,1.206800,1.206700,1.206700,0
20040830 210100,1.206600,1.206700,1.206500,1.206600,0
20040830 210200,1.206500,1.206600,1.206500,1.206500,0
20040830 210300,1.206600,1.206600,1.206300,1.206300,0
20040830 210400,1.206400,1.206400,1.206100,1.206100,0
20040830 210500,1.206200,1.206200,1.206000,1.206100,0
20040830 210600,1.206200,1.206300,1.206200,1.206300,0
20040830 210800,1.206200,1.206300,1.206200,1.206300,0
20040830 210900,1.206200,1.206200,1.206200,1.206200,0
20040830 211000,1.206300,1.206300,1.206200,1.206200,0
20040830 211100,1.206100,1.206200,1.206100,1.206200,0
20040830 211200,1.206100,1.206100,1.206000,1.206000,0
20040830 211300,1.206100,1.206100,1.205900,1.205900,0
20040830 211400,1.206000,1.206100,1.206000,1.206100,0
20040830 211500,1.206000,1.206000,1.206000,1.206000,0
20040830 211700,1.205900,1.205900,1.205900,1.205900,0
20040830 211800,1.206000,1.206300,1.206000,1.206200,0
20040830 212000,1.206300,1.206600,1.206300,1.206600,0
20040830 212100,1.206500,1.206500,1.206200,1.206500,0
20040830 212200,1.206400,1.206600,1.206400,1.206500,0
20040830 212300,1.206400,1.206600,1.206400,1.206600,0
20040830 212400,1.206700,1.206900,1.206700,1.206800,0
20040830 212500,1.206900,1.206900,1.206700,1.206700,0
20040830 212600,1.206800,1.206800,1.206700,1.206800,0
20040830 212800,1.206700,1.206800,1.206700,1.206700,0
20040830 212900,1.206800,1.206800,1.206700,1.206800,0
20040830 213000,1.206900,1.206900,1.206800,1.206900,0
20040830 213100,1.206800,1.206900,1.206800,1.206900,0
20040830 213200,1.206800,1.206900,1.206800,1.206800,0
20040830 213300,1.206900,1.206900,1.206700,1.206700,0
20040830 213400,1.206800,1.206900,1.206700,1.206900,0
20040830 213500,1.207000,1.207000,1.206800,1.206900,0
20040830 213600,1.207000,1.207000,1.206900,1.206900,0
20040830 213700,1.207000,1.207000,1.207000,1.207000,0
20040830 213800,1.207100,1.207100,1.206800,1.206900,0
20040830 213900,1.206800,1.207400,1.206800,1.207400,0
20040830 214000,1.207500,1.207500,1.207300,1.207300,0
20040830 214100,1.207400,1.207400,1.207300,1.207400,0
20040830 214200,1.207500,1.207800,1.207500,1.207700,0
20040830 214300,1.207600,1.207700,1.207600,1.207700,0
20040830 214400,1.207800,1.207800,1.207700,1.207700,0
20040830 214500,1.207800,1.207800,1.207700,1.207700,0
20040830 214600,1.207800,1.207900,1.207700,1.207700,0
20040830 214700,1.207600,1.207600,1.207500,1.207500,0
20040830 214800,1.207600,1.207700,1.207400,1.207400,0
20040830 214900,1.207500,1.207700,1.207500,1.207700,0
20040830 215000,1.207600,1.207600,1.207400,1.207500,0
20040830 215100,1.207600,1.207600,1.207500,1.207500,0
20040830 215200,1.207600,1.207600,1.207500,1.207500,0
20040830 215300,1.207400,1.207600,1.207400,1.207600,0
20040830 215400,1.207500,1.207500,1.207400,1.207500,0
20040830 215500,1.207400,1.207500,1.207300,1.207400,0
20040830 215600,1.207500,1.207500,1.207500,1.207500,0
20040830 215700,1.207400,1.207400,1.207300,1.207400,0
20040830 215800,1.207500,1.207500,1.207500,1.207500,0
20040830 215900,1.207600,1.207800,1.207500,1.207600,0
20040830 220000,1.207500,1.207700,1.207500,1.207600,0
20040830 220100,1.207500,1.207700,1.207500,1.207500,0
20040830 220200,1.207600,1.207600,1.207400,1.207500,0
20040830 220400,1.207400,1.207400,1.207400,1.207400,0
20040830 220500,1.207300,1.207600,1.207300,1.207500,0
20040830 220600,1.207600,1.207600,1.207600,1.207600,0
20040830 220700,1.207700,1.207700,1.207600,1.207600,0
20040830 220800,1.207700,1.207900,1.207700,1.207900,0
20040830 220900,1.207800,1.207800,1.207700,1.207800,0
20040830 221000,1.207900,1.207900,1.207800,1.207800,0
20040830 221100,1.207700,1.207800,1.207700,1.207800,0
20040830 221200,1.207700,1.208000,1.207700,1.208000,0
20040830 221300,1.207900,1.207900,1.207700,1.207700,0
20040830 221400,1.207600,1.207600,1.207500,1.207500,0
20040830 221500,1.207400,1.207500,1.207400,1.207500,0
20040830 221800,1.207400,1.207400,1.207300,1.207300,0
20040830 221900,1.207400,1.207400,1.207300,1.207400,0
20040830 222000,1.207300,1.207600,1.207200,1.207500,0
20040830 222100,1.207400,1.207400,1.207300,1.207300,0
20040830 222200,1.207400,1.207400,1.207400,1.207400,0
20040830 222300,1.207300,1.207700,1.207300,1.207700,0
20040830 222400,1.207600,1.207700,1.207500,1.207500,0
20040830 222500,1.207400,1.207500,1.207400,1.207500,0
20040830 222600,1.207400,1.207700,1.207400,1.207500,0
20040830 222700,1.207400,1.207600,1.207400,1.207600,0
20040830 222800,1.207700,1.208000,1.207600,1.208000,0
20040830 222900,1.207900,1.208100,1.207900,1.208000,0
20040830 223000,1.208100,1.208100,1.208100,1.208100,0
20040830 223100,1.208200,1.208400,1.208100,1.208300,0
20040830 223200,1.208200,1.208400,1.208100,1.208200,0
20040830 223300,1.208100,1.208100,1.207900,1.207900,0
20040830 223400,1.207800,1.207900,1.207800,1.207900,0
20040830 223500,1.207800,1.207900,1.207700,1.207900,0
20040830 223600,1.207800,1.207800,1.207800,1.207800,0
20040830 223700,1.207700,1.207800,1.207700,1.207700,0
20040830 223800,1.207800,1.207900,1.207800,1.207900,0
20040830 223900,1.207800,1.207800,1.207800,1.207800,0
20040830 224000,1.207900,1.207900,1.207900,1.207900,0
20040830 224100,1.208000,1.208000,1.208000,1.208000,0
20040830 224200,1.208100,1.208100,1.208000,1.208100,0
20040830 224300,1.208000,1.208100,1.207900,1.208000,0
20040830 224400,1.207900,1.207900,1.207900,1.207900,0
20040830 224600,1.208000,1.208200,1.207900,1.208200,0
20040830 224700,1.208100,1.208100,1.207900,1.208000,0
20040830 224900,1.208100,1.208200,1.208100,1.208200,0
20040830 225000,1.208100,1.208200,1.208100,1.208200,0
20040830 225100,1.208300,1.208400,1.208300,1.208300,0
20040830 225200,1.208200,1.208200,1.208000,1.208000,0
20040830 225300,1.207900,1.207900,1.207700,1.207800,0
20040830 225400,1.207900,1.207900,1.207800,1.207900,0
20040830 225500,1.207800,1.208000,1.207800,1.207900,0
20040830 225600,1.208000,1.208100,1.208000,1.208000,0
20040830 225700,1.207900,1.208000,1.207700,1.207800,0
20040830 225900,1.207900,1.208000,1.207900,1.208000,0
20040830 230000,1.208100,1.208100,1.207800,1.208100,0
20040830 230100,1.208000,1.208100,1.208000,1.208100,0
20040830 230200,1.208000,1.208000,1.207900,1.208000,0
20040830 230500,1.207900,1.207900,1.207800,1.207800,0
20040830 230600,1.207900,1.208000,1.207900,1.207900,0
20040830 230700,1.207800,1.207900,1.207700,1.207800,0
20040830 230800,1.207900,1.208000,1.207900,1.208000,0
20040830 230900,1.208100,1.208100,1.208000,1.208000,0
20040830 231000,1.208100,1.208100,1.208000,1.208000,0
20040830 231200,1.208100,1.208100,1.208000,1.208000,0
20040830 231800,1.208100,1.208100,1.208100,1.208100,0
20040830 231900,1.208200,1.208300,1.208200,1.208300,0
20040830 232000,1.208200,1.208200,1.208100,1.208100,0
20040830 232100,1.208200,1.208300,1.208200,1.208200,0
20040830 232200,1.208100,1.208200,1.208000,1.208100,0
20040830 232300,1.208000,1.208200,1.208000,1.208200,0
20040830 232400,1.208300,1.208800,1.208300,1.208600,0
20040830 232500,1.208500,1.208700,1.208500,1.208600,0
20040830 232600,1.208500,1.208500,1.208400,1.208500,0
20040830 232700,1.208600,1.208600,1.208300,1.208400,0
20040830 232800,1.208300,1.208400,1.208300,1.208400,0
20040830 232900,1.208500,1.208500,1.208500,1.208500,0
20040830 233000,1.208600,1.208600,1.208500,1.208500,0
20040830 233100,1.208600,1.208800,1.208600,1.208600,0
20040830 233300,1.208700,1.208800,1.208700,1.208800,0
20040830 233400,1.208700,1.208700,1.208600,1.208600,0
20040830 233500,1.208700,1.208700,1.208600,1.208600,0
20040830 233600,1.208500,1.208500,1.208400,1.208400,0
20040830 233700,1.208500,1.208600,1.208400,1.208500,0
20040830 233800,1.208400,1.208500,1.208400,1.208500,0
20040830 233900,1.208400,1.208400,1.208400,1.208400,0
20040830 234700,1.208300,1.208400,1.208300,1.208400,0
20040830 234800,1.208500,1.208600,1.208500,1.208600,0
20040830 235000,1.208700,1.208700,1.208600,1.208600,0
20040830 235300,1.208500,1.208500,1.208500,1.208500,0
20040830 235500,1.208600,1.208700,1.208600,1.208700,0
20040830 235600,1.208800,1.208800,1.208800,1.208800,0
20040830 235700,1.208700,1.208800,1.208700,1.208700,0
20040830 235900,1.208800,1.208800,1.208800,1.208800,0
