20080327 000000,1.581500,1.581900,1.581300,1.581800,0
20080327 000100,1.581900,1.581900,1.581700,1.581800,0
20080327 000200,1.581900,1.582400,1.581900,1.582000,0
20080327 000300,1.582100,1.582100,1.581800,1.581900,0
20080327 000400,1.582100,1.582100,1.582000,1.582100,0
20080327 000500,1.582200,1.582600,1.582200,1.582500,0
20080327 000600,1.582600,1.582900,1.582400,1.582400,0
20080327 000700,1.582500,1.582600,1.582100,1.582100,0
20080327 000800,1.582000,1.582400,1.582000,1.582400,0
20080327 000900,1.582300,1.582400,1.582200,1.582300,0
20080327 001000,1.582200,1.582300,1.582100,1.582100,0
20080327 001100,1.582000,1.582100,1.582000,1.582000,0
20080327 001200,1.582100,1.582100,1.581900,1.581900,0
20080327 001300,1.581800,1.582000,1.581800,1.581900,0
20080327 001400,1.582000,1.582200,1.582000,1.582000,0
20080327 001500,1.582100,1.582100,1.582000,1.582000,0
20080327 001600,1.582100,1.582200,1.582100,1.582200,0
20080327 001700,1.582100,1.582200,1.581900,1.581900,0
20080327 001800,1.582000,1.582100,1.581900,1.582100,0
20080327 001900,1.582000,1.582000,1.581800,1.581800,0
20080327 002000,1.581900,1.581900,1.581900,1.581900,0
20080327 002100,1.582000,1.582000,1.581900,1.581900,0
20080327 002200,1.581800,1.581900,1.581500,1.581600,0
20080327 002400,1.581500,1.581900,1.581500,1.581700,0
20080327 002900,1.581600,1.581700,1.581600,1.581600,0
20080327 003000,1.581500,1.581500,1.581400,1.581400,0
20080327 003200,1.581300,1.581300,1.581000,1.581000,0
20080327 003300,1.581100,1.581100,1.581000,1.581100,0
20080327 003400,1.581200,1.581400,1.581200,1.581300,0
20080327 003500,1.581400,1.581500,1.581400,1.581400,0
20080327 003600,1.581500,1.581500,1.581500,1.581500,0
20080327 003700,1.581400,1.581400,1.581100,1.581200,0
20080327 003800,1.581100,1.581100,1.581000,1.581000,0
20080327 003900,1.580900,1.580900,1.580700,1.580700,0
20080327 004000,1.580900,1.581000,1.580800,1.581000,0
20080327 004100,1.581100,1.581100,1.580900,1.580900,0
20080327 004200,1.580800,1.580900,1.580800,1.580900,0
20080327 004300,1.580800,1.580900,1.580800,1.580900,0
20080327 004400,1.581000,1.581800,1.581000,1.581600,0
20080327 004500,1.581500,1.581500,1.581400,1.581500,0
20080327 004600,1.581400,1.581500,1.581200,1.581300,0
20080327 004700,1.581200,1.581200,1.581000,1.581000,0
20080327 004800,1.580900,1.581000,1.580800,1.581000,0
20080327 004900,1.580900,1.580900,1.580800,1.580900,0
20080327 005000,1.580800,1.580900,1.580700,1.580700,0
20080327 005100,1.580600,1.580700,1.580600,1.580600,0
20080327 005200,1.580700,1.580700,1.580600,1.580600,0
20080327 005300,1.580500,1.580600,1.580500,1.580500,0
20080327 005400,1.580400,1.580400,1.579900,1.580200,0
20080327 005500,1.580300,1.580400,1.580200,1.580200,0
20080327 005600,1.580100,1.580200,1.579900,1.580200,0
20080327 005700,1.580100,1.580200,1.580100,1.580200,0
20080327 005800,1.580100,1.580200,1.580100,1.580200,0
20080327 005900,1.580300,1.580400,1.580300,1.580300,0
20080327 010000,1.580200,1.580200,1.580200,1.580200,0
20080327 010100,1.580300,1.580300,1.580200,1.580200,0
20080327 010200,1.580300,1.580300,1.580200,1.580200,0
20080327 010300,1.580100,1.580100,1.579800,1.580100,0
20080327 010500,1.580200,1.580400,1.580100,1.580300,0
20080327 010600,1.580400,1.580400,1.580400,1.580400,0
20080327 010700,1.580300,1.580500,1.580300,1.580400,0
20080327 010800,1.580500,1.580500,1.580500,1.580500,0
20080327 010900,1.580400,1.580500,1.580300,1.580400,0
20080327 011000,1.580300,1.580400,1.580000,1.580100,0
20080327 011100,1.580000,1.580100,1.580000,1.580100,0
20080327 011200,1.580000,1.580100,1.580000,1.580100,0
20080327 011300,1.580000,1.580100,1.579900,1.579900,0
20080327 011400,1.579800,1.579800,1.579800,1.579800,0
20080327 011500,1.579900,1.580000,1.579800,1.580000,0
20080327 011600,1.579900,1.580400,1.579800,1.580400,0
20080327 011700,1.580500,1.580800,1.580400,1.580600,0
20080327 011800,1.580500,1.580600,1.580400,1.580400,0
20080327 011900,1.580500,1.580700,1.580500,1.580700,0
20080327 012000,1.580600,1.580600,1.580600,1.580600,0
20080327 012100,1.580700,1.580700,1.580500,1.580600,0
20080327 012200,1.580700,1.580700,1.580600,1.580700,0
20080327 012300,1.580500,1.580600,1.580500,1.580500,0
20080327 012400,1.580600,1.580700,1.580500,1.580700,0
20080327 012500,1.580800,1.581100,1.580800,1.581000,0
20080327 012600,1.581100,1.581100,1.581000,1.581000,0
20080327 012700,1.581100,1.581100,1.581100,1.581100,0
20080327 012800,1.581000,1.581100,1.580900,1.581100,0
20080327 012900,1.581000,1.581000,1.580800,1.580900,0
20080327 013000,1.580800,1.580900,1.580800,1.580900,0
20080327 013100,1.580800,1.580800,1.580600,1.580700,0
20080327 013200,1.580800,1.580900,1.580700,1.580800,0
20080327 013300,1.580900,1.581100,1.580900,1.581100,0
20080327 013400,1.581200,1.581800,1.581200,1.581800,0
20080327 013500,1.581700,1.581800,1.581600,1.581700,0
20080327 013600,1.581600,1.581600,1.581100,1.581600,0
20080327 013700,1.581700,1.581900,1.581700,1.581800,0
20080327 013800,1.581700,1.581900,1.581500,1.581500,0
20080327 013900,1.581400,1.581400,1.581300,1.581400,0
20080327 014100,1.581300,1.581500,1.581300,1.581500,0
20080327 014200,1.581400,1.581500,1.581400,1.581500,0
20080327 014300,1.581400,1.581500,1.581400,1.581400,0
20080327 014400,1.581500,1.581600,1.581400,1.581600,0
20080327 014500,1.581500,1.581600,1.581500,1.581600,0
20080327 014600,1.581700,1.581800,1.581400,1.581400,0
20080327 014700,1.581500,1.581500,1.581100,1.581200,0
20080327 014800,1.581300,1.581300,1.581300,1.581300,0
20080327 014900,1.581400,1.581400,1.581000,1.581000,0
20080327 015000,1.580900,1.581200,1.580500,1.581000,0
20080327 015100,1.580900,1.581100,1.580800,1.580900,0
20080327 015200,1.580800,1.580900,1.580300,1.580300,0
20080327 015300,1.580400,1.580400,1.580400,1.580400,0
20080327 015400,1.580100,1.580400,1.580000,1.580100,0
20080327 015500,1.580000,1.580300,1.580000,1.580200,0
20080327 015600,1.580100,1.580400,1.580100,1.580300,0
20080327 015700,1.580400,1.580800,1.580400,1.580700,0
20080327 015800,1.580600,1.580700,1.580500,1.580600,0
20080327 015900,1.580700,1.581200,1.580700,1.581100,0
20080327 020000,1.581000,1.581300,1.580700,1.581300,0
20080327 020100,1.581400,1.581800,1.581100,1.581600,0
20080327 020200,1.581500,1.581600,1.581400,1.581500,0
20080327 020300,1.581400,1.581400,1.581200,1.581300,0
20080327 020400,1.581200,1.581300,1.580900,1.581000,0
20080327 020500,1.580900,1.580900,1.580700,1.580800,0
20080327 020600,1.580900,1.580900,1.580800,1.580800,0
20080327 020700,1.580900,1.580900,1.580900,1.580900,0
20080327 020800,1.580800,1.580900,1.580700,1.580700,0
20080327 020900,1.580800,1.580900,1.580700,1.580800,0
20080327 021000,1.580700,1.580800,1.580000,1.580000,0
20080327 021100,1.579900,1.580000,1.579500,1.579500,0
20080327 021200,1.579300,1.579900,1.579100,1.579400,0
20080327 021300,1.579300,1.579900,1.579300,1.579800,0
20080327 021400,1.579700,1.579700,1.579400,1.579700,0
20080327 021500,1.579600,1.580200,1.579500,1.580200,0
20080327 021600,1.580100,1.580600,1.580100,1.580400,0
20080327 021700,1.580300,1.580500,1.580100,1.580200,0
20080327 021800,1.580100,1.580100,1.579900,1.580000,0
20080327 021900,1.579900,1.580200,1.579900,1.580200,0
20080327 022000,1.580300,1.580400,1.580200,1.580400,0
20080327 022100,1.580500,1.580600,1.580300,1.580400,0
20080327 022200,1.580500,1.580500,1.580300,1.580300,0
20080327 022300,1.580400,1.580400,1.580100,1.580200,0
20080327 022400,1.580100,1.580200,1.579800,1.579900,0
20080327 022500,1.579800,1.579900,1.579500,1.579500,0
20080327 022600,1.579600,1.579600,1.579300,1.579400,0
20080327 022700,1.579300,1.580000,1.579300,1.579800,0
20080327 022800,1.579900,1.579900,1.579700,1.579900,0
20080327 022900,1.579800,1.579800,1.579600,1.579600,0
20080327 023000,1.579500,1.579800,1.579500,1.579800,0
20080327 023100,1.579900,1.579900,1.579300,1.579600,0
20080327 023200,1.579700,1.579700,1.579500,1.579600,0
20080327 023300,1.579500,1.579600,1.579400,1.579400,0
20080327 023400,1.579300,1.579300,1.579300,1.579300,0
20080327 023500,1.579400,1.579400,1.579300,1.579400,0
20080327 023600,1.579300,1.579500,1.579300,1.579400,0
20080327 023700,1.579300,1.579300,1.579200,1.579200,0
20080327 023800,1.579400,1.579800,1.579400,1.579700,0
20080327 023900,1.579800,1.579800,1.579300,1.579400,0
20080327 024000,1.579500,1.579500,1.579100,1.579200,0
20080327 024100,1.579300,1.579300,1.579200,1.579200,0
20080327 024200,1.579100,1.579100,1.578900,1.579000,0
20080327 024300,1.578900,1.579000,1.578100,1.578200,0
20080327 024400,1.578300,1.578300,1.578100,1.578300,0
20080327 024500,1.578400,1.578500,1.578300,1.578300,0
20080327 024600,1.578500,1.578600,1.578300,1.578600,0
20080327 024700,1.578700,1.578900,1.578700,1.578900,0
20080327 024800,1.579000,1.579000,1.578700,1.578800,0
20080327 024900,1.578900,1.578900,1.578800,1.578900,0
20080327 025000,1.578800,1.578900,1.578700,1.578700,0
20080327 025100,1.578800,1.578800,1.578100,1.578200,0
20080327 025200,1.578300,1.578500,1.577700,1.577700,0
20080327 025300,1.577600,1.577900,1.577600,1.577900,0
20080327 025400,1.578000,1.578100,1.577800,1.578100,0
20080327 025500,1.578200,1.578200,1.578000,1.578100,0
20080327 025600,1.578000,1.578100,1.577800,1.577800,0
20080327 025700,1.577900,1.578100,1.577900,1.578000,0
20080327 025800,1.577900,1.578400,1.577900,1.578400,0
20080327 025900,1.578500,1.578800,1.578400,1.578600,0
20080327 030000,1.578500,1.578800,1.578400,1.578700,0
20080327 030100,1.578600,1.578700,1.578500,1.578600,0
20080327 030200,1.578700,1.578800,1.578500,1.578600,0
20080327 030300,1.578700,1.578700,1.578300,1.578500,0
20080327 030400,1.578600,1.578700,1.578400,1.578500,0
20080327 030500,1.578600,1.578600,1.578500,1.578500,0
20080327 030600,1.578600,1.578800,1.578500,1.578800,0
20080327 030700,1.578900,1.579800,1.578900,1.579400,0
20080327 030800,1.579500,1.579600,1.579200,1.579200,0
20080327 030900,1.579300,1.579500,1.579000,1.579300,0
20080327 031000,1.579200,1.579400,1.579000,1.579000,0
20080327 031100,1.579100,1.579200,1.578800,1.578900,0
20080327 031200,1.579000,1.579100,1.578800,1.579000,0
20080327 031300,1.578900,1.579100,1.578900,1.579100,0
20080327 031400,1.579000,1.579200,1.578900,1.579000,0
20080327 031500,1.578900,1.579000,1.578900,1.578900,0
20080327 031600,1.579000,1.579000,1.578400,1.578600,0
20080327 031700,1.578500,1.578600,1.578200,1.578300,0
20080327 031800,1.578200,1.578500,1.578000,1.578300,0
20080327 031900,1.578400,1.578500,1.578300,1.578400,0
20080327 032000,1.578500,1.578500,1.578400,1.578500,0
20080327 032100,1.578400,1.578900,1.578400,1.578800,0
20080327 032200,1.578700,1.578900,1.578600,1.578800,0
20080327 032300,1.578700,1.578800,1.578600,1.578800,0
20080327 032400,1.578900,1.579200,1.578900,1.579200,0
20080327 032500,1.579100,1.579600,1.579100,1.579500,0
20080327 032600,1.579600,1.579600,1.578900,1.578900,0
20080327 032700,1.579000,1.579100,1.578800,1.579100,0
20080327 032800,1.579200,1.579700,1.579200,1.579700,0
20080327 032900,1.579600,1.579700,1.579500,1.579600,0
20080327 033000,1.579700,1.580000,1.579700,1.579800,0
20080327 033100,1.579700,1.580400,1.579700,1.580100,0
20080327 033200,1.580200,1.580400,1.579900,1.580000,0
20080327 033300,1.580100,1.580400,1.580100,1.580300,0
20080327 033400,1.580400,1.580700,1.580100,1.580400,0
20080327 033500,1.580300,1.580300,1.580000,1.580100,0
20080327 033600,1.580000,1.580100,1.579800,1.580000,0
20080327 033700,1.579900,1.580300,1.579900,1.580300,0
20080327 033800,1.580400,1.580700,1.580300,1.580400,0
20080327 033900,1.580300,1.580400,1.580200,1.580400,0
20080327 034000,1.580500,1.580500,1.580200,1.580200,0
20080327 034100,1.580100,1.580300,1.579900,1.579900,0
20080327 034200,1.579800,1.579900,1.579600,1.579800,0
20080327 034300,1.579900,1.580000,1.579800,1.580000,0
20080327 034400,1.579900,1.580000,1.579400,1.579400,0
20080327 034500,1.579500,1.579800,1.579400,1.579600,0
20080327 034600,1.579500,1.579900,1.579300,1.579300,0
20080327 034700,1.579200,1.579600,1.579100,1.579500,0
20080327 034800,1.579600,1.579600,1.579500,1.579600,0
20080327 034900,1.579500,1.579600,1.579300,1.579400,0
20080327 035000,1.579300,1.579400,1.578900,1.579200,0
20080327 035100,1.579000,1.579100,1.578800,1.579100,0
20080327 035200,1.579200,1.579200,1.578900,1.578900,0
20080327 035300,1.579000,1.579000,1.578800,1.578900,0
20080327 035400,1.579000,1.579000,1.578800,1.578800,0
20080327 035500,1.578900,1.578900,1.578800,1.578800,0
20080327 035600,1.578700,1.578800,1.578700,1.578800,0
20080327 035700,1.578700,1.578700,1.577500,1.577700,0
20080327 035800,1.577800,1.577800,1.577300,1.577300,0
20080327 035900,1.577200,1.577300,1.576800,1.576800,0
20080327 040000,1.576700,1.576800,1.576200,1.576200,0
20080327 040100,1.576300,1.576400,1.576000,1.576200,0
20080327 040200,1.576100,1.576200,1.575600,1.575600,0
20080327 040300,1.575500,1.575500,1.574500,1.574800,0
20080327 040400,1.574700,1.574700,1.573700,1.574500,0
20080327 040500,1.574600,1.574900,1.574400,1.574900,0
20080327 040600,1.574800,1.575000,1.574000,1.574300,0
20080327 040700,1.574200,1.574700,1.574200,1.574200,0
20080327 040800,1.574100,1.574300,1.573800,1.574300,0
20080327 040900,1.574400,1.574700,1.574300,1.574400,0
20080327 041000,1.574500,1.575100,1.574500,1.574800,0
20080327 041100,1.574700,1.574900,1.574700,1.574800,0
20080327 041200,1.574700,1.575300,1.574700,1.575000,0
20080327 041300,1.575100,1.575200,1.575000,1.575200,0
20080327 041400,1.575300,1.575700,1.575300,1.575600,0
20080327 041500,1.575700,1.575700,1.575100,1.575300,0
20080327 041600,1.575200,1.575200,1.574900,1.575200,0
20080327 041700,1.575100,1.575400,1.575100,1.575100,0
20080327 041800,1.575200,1.575200,1.574500,1.574500,0
20080327 041900,1.574400,1.574500,1.574200,1.574300,0
20080327 042000,1.574400,1.574400,1.573400,1.573400,0
20080327 042100,1.573300,1.573700,1.573200,1.573700,0
20080327 042200,1.573600,1.574200,1.573600,1.574000,0
20080327 042300,1.574100,1.574200,1.573700,1.574000,0
20080327 042400,1.574100,1.574500,1.574000,1.574000,0
20080327 042500,1.574100,1.574100,1.573600,1.573700,0
20080327 042600,1.573600,1.573600,1.572800,1.573100,0
20080327 042700,1.573200,1.573900,1.573200,1.573900,0
20080327 042800,1.574000,1.574100,1.573700,1.574100,0
20080327 042900,1.574000,1.574100,1.573300,1.573300,0
20080327 043000,1.573200,1.573700,1.572900,1.572900,0
20080327 043100,1.573000,1.573400,1.573000,1.573300,0
20080327 043200,1.573400,1.573500,1.573200,1.573300,0
20080327 043300,1.573400,1.573600,1.573300,1.573600,0
20080327 043400,1.573700,1.574000,1.573600,1.573900,0
20080327 043500,1.574000,1.574000,1.573700,1.573700,0
20080327 043600,1.573600,1.573600,1.573200,1.573300,0
20080327 043700,1.573400,1.573600,1.573300,1.573600,0
20080327 043800,1.573700,1.573900,1.573700,1.573900,0
20080327 043900,1.574100,1.574100,1.573800,1.573900,0
20080327 044000,1.574000,1.574200,1.573800,1.574100,0
20080327 044100,1.574000,1.574200,1.573800,1.574200,0
20080327 044200,1.574300,1.574700,1.574300,1.574300,0
20080327 044300,1.574400,1.574500,1.574200,1.574500,0
20080327 044400,1.574400,1.574700,1.574400,1.574500,0
20080327 044500,1.574600,1.575000,1.574600,1.575000,0
20080327 044600,1.574900,1.575100,1.574500,1.574700,0
20080327 044700,1.574600,1.574700,1.574300,1.574300,0
20080327 044800,1.574400,1.574500,1.574200,1.574300,0
20080327 044900,1.574400,1.574600,1.573900,1.574400,0
20080327 045000,1.574500,1.574600,1.574400,1.574600,0
20080327 045100,1.574700,1.575000,1.574600,1.574800,0
20080327 045200,1.574900,1.574900,1.574700,1.574800,0
20080327 045300,1.574700,1.574900,1.574700,1.574800,0
20080327 045400,1.574900,1.575000,1.574700,1.574900,0
20080327 045500,1.574800,1.575300,1.574800,1.575100,0
20080327 045600,1.575200,1.575400,1.575100,1.575100,0
20080327 045700,1.575200,1.575300,1.574900,1.574900,0
20080327 045800,1.575000,1.575500,1.575000,1.575400,0
20080327 045900,1.575500,1.575500,1.575400,1.575400,0
20080327 050000,1.575300,1.575300,1.575100,1.575100,0
20080327 050100,1.575200,1.575500,1.575100,1.575300,0
20080327 050200,1.575200,1.575800,1.575200,1.575700,0
20080327 050300,1.575800,1.576000,1.575700,1.576000,0
20080327 050400,1.576100,1.576100,1.575700,1.576000,0
20080327 050500,1.576100,1.576100,1.575700,1.576000,0
20080327 050600,1.576100,1.577100,1.576100,1.577100,0
20080327 050700,1.577000,1.577000,1.576800,1.576900,0
20080327 050800,1.576800,1.576900,1.576700,1.576700,0
20080327 050900,1.576400,1.576400,1.576000,1.576100,0
20080327 051000,1.576000,1.576300,1.576000,1.576200,0
20080327 051100,1.576300,1.576300,1.575900,1.576200,0
20080327 051200,1.576300,1.576400,1.576000,1.576200,0
20080327 051300,1.576100,1.576400,1.576000,1.576300,0
20080327 051400,1.576400,1.576500,1.576200,1.576200,0
20080327 051500,1.576100,1.576100,1.575900,1.575900,0
20080327 051600,1.576000,1.576800,1.575900,1.576800,0
20080327 051700,1.576900,1.576900,1.576700,1.576800,0
20080327 051800,1.576900,1.576900,1.576500,1.576600,0
20080327 051900,1.576700,1.576800,1.576700,1.576700,0
20080327 052000,1.576800,1.576800,1.576400,1.576500,0
20080327 052100,1.576400,1.577400,1.576400,1.577400,0
20080327 052200,1.577600,1.578000,1.577300,1.577600,0
20080327 052300,1.577700,1.577700,1.577400,1.577500,0
20080327 052400,1.577600,1.577800,1.577400,1.577500,0
20080327 052500,1.577400,1.577400,1.577100,1.577300,0
20080327 052600,1.577200,1.577600,1.577100,1.577500,0
20080327 052700,1.577400,1.577900,1.577200,1.577700,0
20080327 052800,1.577800,1.578100,1.577700,1.577800,0
20080327 052900,1.577900,1.578000,1.577800,1.577900,0
20080327 053000,1.578000,1.578200,1.577900,1.578000,0
20080327 053100,1.577900,1.577900,1.577700,1.577800,0
20080327 053200,1.577900,1.578000,1.577900,1.577900,0
20080327 053300,1.578000,1.578000,1.577900,1.577900,0
20080327 053400,1.578000,1.578000,1.577700,1.577700,0
20080327 053500,1.577600,1.577900,1.577600,1.577800,0
20080327 053600,1.577700,1.578000,1.577600,1.577900,0
20080327 053700,1.577800,1.578200,1.577800,1.578200,0
20080327 053800,1.578100,1.578100,1.577800,1.577900,0
20080327 053900,1.577800,1.577900,1.577600,1.577700,0
20080327 054000,1.577600,1.577700,1.577600,1.577700,0
20080327 054200,1.577800,1.577800,1.577500,1.577500,0
20080327 054300,1.577400,1.577600,1.577400,1.577500,0
20080327 054400,1.577600,1.577600,1.577300,1.577300,0
20080327 054500,1.577400,1.577400,1.577000,1.577100,0
20080327 054600,1.577200,1.577200,1.577100,1.577100,0
20080327 054700,1.577200,1.577200,1.577000,1.577100,0
20080327 054800,1.577000,1.577100,1.577000,1.577000,0
20080327 054900,1.577100,1.577100,1.576800,1.577100,0
20080327 055000,1.576900,1.576900,1.576800,1.576800,0
20080327 055100,1.576900,1.577200,1.576900,1.577200,0
20080327 055200,1.577300,1.577500,1.577000,1.577000,0
20080327 055300,1.577100,1.577200,1.577100,1.577200,0
20080327 055400,1.577100,1.577100,1.577000,1.577100,0
20080327 055500,1.577200,1.577200,1.577100,1.577200,0
20080327 055600,1.577300,1.577300,1.576700,1.576900,0
20080327 055700,1.577000,1.577300,1.577000,1.577000,0
20080327 055800,1.577100,1.577300,1.577000,1.577300,0
20080327 055900,1.577200,1.577900,1.577200,1.577700,0
20080327 060000,1.577900,1.578400,1.577800,1.578300,0
20080327 060100,1.578400,1.578400,1.578100,1.578300,0
20080327 060200,1.578400,1.578400,1.578100,1.578100,0
20080327 060300,1.578000,1.578500,1.578000,1.578400,0
20080327 060400,1.578500,1.578700,1.578500,1.578600,0
20080327 060500,1.578500,1.578900,1.578500,1.578900,0
20080327 060600,1.579000,1.579400,1.578900,1.579300,0
20080327 060700,1.579200,1.579300,1.579000,1.579100,0
20080327 060800,1.579000,1.579400,1.579000,1.579300,0
20080327 060900,1.579400,1.580300,1.579400,1.579900,0
20080327 061000,1.579800,1.580000,1.579700,1.579800,0
20080327 061100,1.579900,1.580300,1.579800,1.580100,0
20080327 061200,1.580000,1.581000,1.580000,1.580800,0
20080327 061300,1.580700,1.581900,1.580700,1.581500,0
20080327 061400,1.581600,1.581600,1.581100,1.581300,0
20080327 061500,1.581400,1.582000,1.581300,1.581900,0
20080327 061600,1.582000,1.582100,1.581500,1.581500,0
20080327 061700,1.581300,1.581700,1.581200,1.581600,0
20080327 061800,1.581700,1.582000,1.581700,1.581700,0
20080327 061900,1.581500,1.582300,1.581500,1.581600,0
20080327 062000,1.581400,1.581700,1.581400,1.581600,0
20080327 062100,1.581700,1.581900,1.581700,1.581800,0
20080327 062200,1.581900,1.582100,1.581900,1.582100,0
20080327 062300,1.582200,1.582200,1.581800,1.582000,0
20080327 062400,1.582100,1.582100,1.581400,1.581400,0
20080327 062500,1.581300,1.581400,1.581200,1.581300,0
20080327 062600,1.581200,1.581300,1.580800,1.580800,0
20080327 062700,1.580700,1.581000,1.580700,1.580900,0
20080327 062800,1.580800,1.580900,1.580800,1.580900,0
20080327 062900,1.581000,1.581000,1.580700,1.580800,0
20080327 063000,1.580700,1.580700,1.580500,1.580500,0
20080327 063100,1.580400,1.580500,1.580100,1.580400,0
20080327 063200,1.580300,1.580400,1.579900,1.580000,0
20080327 063300,1.579900,1.580100,1.579700,1.580100,0
20080327 063400,1.580200,1.580300,1.580200,1.580300,0
20080327 063500,1.580400,1.580400,1.580300,1.580300,0
20080327 063600,1.580400,1.580400,1.580200,1.580200,0
20080327 063700,1.580100,1.580200,1.579700,1.579700,0
20080327 063800,1.579800,1.579800,1.579100,1.579300,0
20080327 063900,1.579400,1.579500,1.579200,1.579200,0
20080327 064000,1.579300,1.579500,1.579300,1.579500,0
20080327 064100,1.579600,1.579900,1.579600,1.579700,0
20080327 064200,1.579800,1.579900,1.579700,1.579700,0
20080327 064300,1.579800,1.580000,1.579800,1.580000,0
20080327 064400,1.580100,1.580400,1.580000,1.580400,0
20080327 064500,1.580500,1.580600,1.580400,1.580500,0
20080327 064600,1.580600,1.581000,1.580600,1.580900,0
20080327 064700,1.580800,1.580900,1.580700,1.580700,0
20080327 064800,1.580600,1.580700,1.580400,1.580500,0
20080327 064900,1.580400,1.580700,1.580400,1.580600,0
20080327 065000,1.580500,1.580500,1.580400,1.580400,0
20080327 065100,1.580300,1.580300,1.580000,1.580200,0
20080327 065200,1.580300,1.580500,1.580200,1.580500,0
20080327 065300,1.580400,1.580600,1.580300,1.580400,0
20080327 065400,1.580500,1.580600,1.580500,1.580500,0
20080327 065500,1.580600,1.581000,1.580600,1.581000,0
20080327 065600,1.581100,1.581100,1.580600,1.580700,0
20080327 065700,1.580600,1.580700,1.580500,1.580600,0
20080327 065800,1.580700,1.580800,1.580600,1.580700,0
20080327 065900,1.580600,1.580900,1.580300,1.580900,0
20080327 070000,1.580800,1.581000,1.580500,1.580800,0
20080327 070100,1.580700,1.581000,1.580700,1.580800,0
20080327 070200,1.580700,1.581000,1.580700,1.581000,0
20080327 070300,1.580900,1.581100,1.580900,1.581100,0
20080327 070400,1.581000,1.581000,1.580800,1.580900,0
20080327 070500,1.580800,1.581100,1.580800,1.581100,0
20080327 070600,1.581000,1.581000,1.580800,1.580900,0
20080327 070700,1.580700,1.580800,1.580600,1.580600,0
20080327 070800,1.580500,1.580700,1.580500,1.580600,0
20080327 070900,1.580500,1.581200,1.580500,1.581200,0
20080327 071000,1.581300,1.581500,1.581200,1.581400,0
20080327 071100,1.581300,1.581600,1.581300,1.581500,0
20080327 071200,1.581400,1.581500,1.581300,1.581400,0
20080327 071300,1.581500,1.581600,1.581400,1.581500,0
20080327 071400,1.581600,1.581600,1.581400,1.581400,0
20080327 071500,1.581500,1.581800,1.581500,1.581700,0
20080327 071600,1.581600,1.582300,1.581600,1.582200,0
20080327 071700,1.582300,1.582400,1.582000,1.582200,0
20080327 071800,1.582300,1.582400,1.582100,1.582100,0
20080327 071900,1.582000,1.582100,1.581900,1.582100,0
20080327 072000,1.582000,1.582200,1.581800,1.581800,0
20080327 072100,1.581700,1.581900,1.581700,1.581800,0
20080327 072200,1.581700,1.581800,1.581700,1.581800,0
20080327 072300,1.581700,1.581800,1.581700,1.581700,0
20080327 072400,1.581600,1.581800,1.581600,1.581800,0
20080327 072500,1.581700,1.581700,1.581600,1.581600,0
20080327 072600,1.581700,1.581800,1.581600,1.581700,0
20080327 072700,1.581800,1.582000,1.581700,1.581900,0
20080327 072800,1.582000,1.582100,1.582000,1.582000,0
20080327 072900,1.581900,1.581900,1.581600,1.581600,0
20080327 073000,1.581500,1.581500,1.581000,1.581300,0
20080327 073100,1.581200,1.581300,1.581100,1.581200,0
20080327 073200,1.581100,1.581200,1.581000,1.581100,0
20080327 073300,1.581000,1.581100,1.580900,1.580900,0
20080327 073400,1.581000,1.581000,1.580700,1.580700,0
20080327 073500,1.580500,1.580700,1.580400,1.580500,0
20080327 073600,1.580400,1.580600,1.580300,1.580300,0
20080327 073700,1.580400,1.580400,1.579900,1.580000,0
20080327 073800,1.580100,1.580300,1.579900,1.580100,0
20080327 073900,1.580200,1.580200,1.580000,1.580200,0
20080327 074000,1.580100,1.580200,1.579800,1.580000,0
20080327 074100,1.579900,1.580000,1.579500,1.579600,0
20080327 074200,1.579700,1.579900,1.579700,1.579900,0
20080327 074300,1.579800,1.580100,1.579800,1.580000,0
20080327 074400,1.580100,1.580100,1.579800,1.579800,0
20080327 074500,1.579700,1.579800,1.579600,1.579700,0
20080327 074600,1.579800,1.579900,1.579700,1.579800,0
20080327 074700,1.579900,1.580100,1.579800,1.579900,0
20080327 074800,1.579800,1.579900,1.579800,1.579800,0
20080327 074900,1.579900,1.580000,1.579800,1.579800,0
20080327 075000,1.579700,1.579800,1.579600,1.579700,0
20080327 075100,1.579600,1.580000,1.579600,1.580000,0
20080327 075200,1.580200,1.580200,1.579700,1.579700,0
20080327 075300,1.579800,1.579800,1.579600,1.579600,0
20080327 075400,1.579500,1.579500,1.579100,1.579300,0
20080327 075500,1.579400,1.579600,1.579400,1.579600,0
20080327 075600,1.579700,1.579700,1.579400,1.579400,0
20080327 075700,1.579500,1.579500,1.579300,1.579300,0
20080327 075800,1.579400,1.579400,1.579300,1.579400,0
20080327 075900,1.579500,1.579500,1.579300,1.579300,0
20080327 080000,1.579400,1.579500,1.579200,1.579200,0
20080327 080100,1.579300,1.579400,1.579200,1.579400,0
20080327 080200,1.579300,1.579500,1.579300,1.579300,0
20080327 080300,1.579400,1.579400,1.579200,1.579200,0
20080327 080400,1.579100,1.579100,1.578600,1.578600,0
20080327 080500,1.578500,1.578900,1.578400,1.578900,0
20080327 080600,1.579000,1.579000,1.578800,1.579000,0
20080327 080700,1.579100,1.579100,1.579000,1.579100,0
20080327 080800,1.579000,1.579300,1.579000,1.579100,0
20080327 080900,1.579200,1.579300,1.579200,1.579200,0
20080327 081000,1.579100,1.579100,1.579100,1.579100,0
20080327 081100,1.579200,1.579300,1.579100,1.579200,0
20080327 081200,1.579300,1.579300,1.579200,1.579300,0
20080327 081300,1.579400,1.579400,1.579400,1.579400,0
20080327 081400,1.579300,1.579300,1.579000,1.579100,0
20080327 081500,1.579200,1.579300,1.579200,1.579200,0
20080327 081600,1.579100,1.579200,1.579000,1.579000,0
20080327 081700,1.579100,1.579100,1.578800,1.578800,0
20080327 081800,1.578700,1.578900,1.578700,1.578900,0
20080327 081900,1.579000,1.579100,1.578600,1.578800,0
20080327 082000,1.578700,1.578900,1.578700,1.578800,0
20080327 082100,1.578700,1.579000,1.578700,1.579000,0
20080327 082200,1.578900,1.579100,1.578900,1.579100,0
20080327 082300,1.579000,1.579200,1.579000,1.579200,0
20080327 082400,1.579300,1.579400,1.579200,1.579200,0
20080327 082500,1.579300,1.579600,1.579300,1.579600,0
20080327 082600,1.579500,1.579900,1.579500,1.579800,0
20080327 082700,1.579700,1.579700,1.579300,1.579300,0
20080327 082800,1.579400,1.579800,1.579300,1.579600,0
20080327 082900,1.579500,1.579600,1.579300,1.579500,0
20080327 083000,1.579400,1.579400,1.578200,1.578500,0
20080327 083100,1.578400,1.578400,1.576100,1.576400,0
20080327 083200,1.576300,1.576600,1.575400,1.575900,0
20080327 083300,1.575800,1.576400,1.575600,1.576400,0
20080327 083400,1.576300,1.576800,1.576300,1.576800,0
20080327 083500,1.576900,1.577200,1.576800,1.576800,0
20080327 083600,1.576700,1.577300,1.576600,1.577200,0
20080327 083700,1.577000,1.577300,1.576600,1.576700,0
20080327 083800,1.576800,1.576900,1.575900,1.576200,0
20080327 083900,1.576100,1.576200,1.575900,1.576100,0
20080327 084000,1.576200,1.576400,1.576000,1.576300,0
20080327 084100,1.576400,1.576500,1.576200,1.576200,0
20080327 084200,1.576300,1.576300,1.575200,1.575400,0
20080327 084300,1.575500,1.575500,1.573800,1.574100,0
20080327 084400,1.574200,1.574400,1.573600,1.573600,0
20080327 084500,1.573700,1.574300,1.573500,1.574300,0
20080327 084600,1.574400,1.574600,1.574400,1.574500,0
20080327 084700,1.574600,1.574600,1.574100,1.574500,0
20080327 084800,1.574400,1.574400,1.574100,1.574100,0
20080327 084900,1.574000,1.574200,1.573400,1.573400,0
20080327 085000,1.573300,1.573400,1.573000,1.573400,0
20080327 085100,1.573500,1.573500,1.573100,1.573400,0
20080327 085200,1.573500,1.573900,1.573400,1.573800,0
20080327 085300,1.573900,1.574200,1.573800,1.574200,0
20080327 085400,1.574300,1.574600,1.574200,1.574200,0
20080327 085500,1.574300,1.574800,1.574300,1.574700,0
20080327 085600,1.574800,1.575600,1.574800,1.575200,0
20080327 085700,1.575300,1.575700,1.574900,1.575000,0
20080327 085800,1.574900,1.575600,1.574900,1.575600,0
20080327 085900,1.575500,1.575600,1.574500,1.574600,0
20080327 090000,1.574700,1.575500,1.574600,1.575400,0
20080327 090100,1.575500,1.575600,1.575400,1.575600,0
20080327 090200,1.575500,1.576000,1.575500,1.575900,0
20080327 090300,1.575800,1.576100,1.575800,1.576100,0
20080327 090400,1.576000,1.576600,1.576000,1.576500,0
20080327 090500,1.576400,1.577200,1.576300,1.576800,0
20080327 090600,1.576900,1.577000,1.576800,1.576900,0
20080327 090700,1.576800,1.577100,1.576700,1.577000,0
20080327 090800,1.577100,1.577100,1.576700,1.576700,0
20080327 090900,1.576600,1.577000,1.576400,1.576900,0
20080327 091000,1.577000,1.577000,1.576900,1.577000,0
20080327 091100,1.576900,1.577000,1.576900,1.577000,0
20080327 091200,1.577100,1.578900,1.577100,1.578900,0
20080327 091300,1.579000,1.579000,1.578100,1.578400,0
20080327 091400,1.578200,1.578700,1.578100,1.578700,0
20080327 091500,1.578800,1.578800,1.578300,1.578400,0
20080327 091600,1.578500,1.578500,1.578100,1.578300,0
20080327 091700,1.578400,1.579000,1.578300,1.578700,0
20080327 091800,1.578800,1.580400,1.578700,1.579700,0
20080327 091900,1.579600,1.579700,1.578800,1.579000,0
20080327 092000,1.579100,1.579400,1.578700,1.578700,0
20080327 092100,1.578600,1.579100,1.578500,1.578800,0
20080327 092200,1.578700,1.578700,1.578400,1.578600,0
20080327 092300,1.578500,1.578600,1.578300,1.578400,0
20080327 092400,1.578300,1.578500,1.578000,1.578400,0
20080327 092500,1.578500,1.579200,1.578400,1.579100,0
20080327 092600,1.579000,1.579900,1.579000,1.579500,0
20080327 092700,1.579400,1.580000,1.579400,1.580000,0
20080327 092800,1.579900,1.580100,1.579400,1.579600,0
20080327 092900,1.579500,1.580100,1.579300,1.579900,0
20080327 093000,1.580000,1.580500,1.579400,1.579500,0
20080327 093100,1.579400,1.579500,1.578900,1.579100,0
20080327 093200,1.579200,1.579300,1.579000,1.579000,0
20080327 093300,1.578900,1.579100,1.578900,1.579000,0
20080327 093400,1.579100,1.579100,1.578500,1.578800,0
20080327 093500,1.578900,1.579200,1.578600,1.578700,0
20080327 093600,1.578600,1.578700,1.578300,1.578300,0
20080327 093700,1.578400,1.578600,1.578000,1.578300,0
20080327 093800,1.578400,1.578500,1.578100,1.578300,0
20080327 093900,1.578400,1.579000,1.578400,1.579000,0
20080327 094000,1.579100,1.579200,1.579000,1.579000,0
20080327 094100,1.578900,1.579100,1.578800,1.578800,0
20080327 094200,1.578900,1.579200,1.578800,1.579200,0
20080327 094300,1.579100,1.579300,1.579000,1.579100,0
20080327 094400,1.579000,1.579100,1.579000,1.579100,0
20080327 094500,1.579000,1.579200,1.579000,1.579100,0
20080327 094600,1.579300,1.579800,1.579100,1.579800,0
20080327 094700,1.579700,1.579800,1.579400,1.579600,0
20080327 094800,1.579700,1.579700,1.579000,1.579000,0
20080327 094900,1.579100,1.579100,1.578500,1.578900,0
20080327 095000,1.578800,1.579300,1.578800,1.579300,0
20080327 095100,1.579200,1.579200,1.578700,1.579000,0
20080327 095200,1.579100,1.579200,1.578500,1.578500,0
20080327 095300,1.578600,1.578800,1.578500,1.578800,0
20080327 095400,1.578700,1.578800,1.578100,1.578300,0
20080327 095500,1.578200,1.578300,1.578200,1.578300,0
20080327 095600,1.578200,1.578300,1.578100,1.578100,0
20080327 095700,1.578200,1.578200,1.578100,1.578200,0
20080327 095800,1.578300,1.578300,1.578000,1.578100,0
20080327 095900,1.578200,1.578800,1.578100,1.578700,0
20080327 100000,1.578600,1.579000,1.578400,1.578800,0
20080327 100100,1.578700,1.578700,1.578100,1.578500,0
20080327 100200,1.578400,1.578600,1.578300,1.578500,0
20080327 100300,1.578400,1.578500,1.577600,1.577600,0
20080327 100400,1.577700,1.578400,1.577700,1.578400,0
20080327 100500,1.578300,1.578300,1.577900,1.578200,0
20080327 100600,1.578100,1.578400,1.578100,1.578100,0
20080327 100700,1.578000,1.578100,1.577800,1.577800,0
20080327 100800,1.577900,1.578000,1.577300,1.577500,0
20080327 100900,1.577700,1.577700,1.576900,1.577200,0
20080327 101000,1.577300,1.577300,1.577000,1.577000,0
20080327 101100,1.577100,1.577300,1.577000,1.577200,0
20080327 101200,1.577300,1.577500,1.577200,1.577400,0
20080327 101300,1.577300,1.577400,1.577200,1.577200,0
20080327 101400,1.577100,1.577300,1.577100,1.577300,0
20080327 101500,1.577200,1.577400,1.577200,1.577300,0
20080327 101600,1.577200,1.577200,1.577100,1.577200,0
20080327 101700,1.577300,1.577500,1.577200,1.577500,0
20080327 101800,1.577400,1.577600,1.577300,1.577400,0
20080327 101900,1.577300,1.577500,1.577300,1.577400,0
20080327 102000,1.577300,1.577600,1.577300,1.577600,0
20080327 102100,1.577500,1.577800,1.577500,1.577600,0
20080327 102200,1.577700,1.577800,1.577500,1.577700,0
20080327 102300,1.577800,1.578300,1.577800,1.578300,0
20080327 102400,1.578200,1.578500,1.578200,1.578300,0
20080327 102500,1.578400,1.578400,1.578100,1.578100,0
20080327 102600,1.578200,1.579500,1.578200,1.579300,0
20080327 102700,1.579200,1.579500,1.579000,1.579200,0
20080327 102800,1.579100,1.579400,1.578700,1.579300,0
20080327 102900,1.579200,1.579800,1.579200,1.579800,0
20080327 103000,1.579700,1.580500,1.579600,1.580500,0
20080327 103100,1.580600,1.581300,1.580500,1.580800,0
20080327 103200,1.580900,1.581100,1.580800,1.580900,0
20080327 103300,1.581000,1.581000,1.579800,1.579800,0
20080327 103400,1.579900,1.580200,1.579700,1.580200,0
20080327 103500,1.580100,1.580600,1.580000,1.580000,0
20080327 103600,1.580100,1.580100,1.579300,1.579300,0
20080327 103700,1.579200,1.579400,1.578800,1.578900,0
20080327 103800,1.579000,1.579200,1.578500,1.578900,0
20080327 103900,1.579000,1.579300,1.579000,1.579200,0
20080327 104000,1.579100,1.579200,1.579000,1.579100,0
20080327 104100,1.579000,1.579100,1.578700,1.578700,0
20080327 104200,1.578800,1.579000,1.578700,1.579000,0
20080327 104300,1.578900,1.579400,1.578900,1.579100,0
20080327 104400,1.579000,1.579000,1.578700,1.578800,0
20080327 104500,1.578700,1.578700,1.578300,1.578300,0
20080327 104600,1.578200,1.578700,1.578200,1.578500,0
20080327 104700,1.578600,1.578600,1.578300,1.578300,0
20080327 104800,1.578200,1.578400,1.578100,1.578100,0
20080327 104900,1.578200,1.578300,1.578100,1.578200,0
20080327 105000,1.578100,1.578100,1.577600,1.577700,0
20080327 105100,1.577800,1.578200,1.577800,1.578200,0
20080327 105200,1.578100,1.578500,1.578100,1.578300,0
20080327 105300,1.578200,1.578300,1.577900,1.578000,0
20080327 105400,1.578100,1.578200,1.577900,1.578100,0
20080327 105500,1.578200,1.578200,1.578000,1.578200,0
20080327 105600,1.578300,1.578500,1.578000,1.578300,0
20080327 105700,1.578400,1.578800,1.578300,1.578500,0
20080327 105800,1.578400,1.578500,1.578200,1.578300,0
20080327 105900,1.578400,1.578700,1.578200,1.578600,0
20080327 110000,1.578500,1.578500,1.578100,1.578100,0
20080327 110100,1.578200,1.578500,1.578100,1.578500,0
20080327 110200,1.578600,1.578600,1.578100,1.578300,0
20080327 110300,1.578200,1.578700,1.578200,1.578500,0
20080327 110400,1.578600,1.578800,1.578500,1.578500,0
20080327 110500,1.578600,1.578700,1.578400,1.578600,0
20080327 110600,1.578500,1.578500,1.578200,1.578500,0
20080327 110700,1.578400,1.578500,1.578200,1.578400,0
20080327 110800,1.578200,1.578400,1.578100,1.578300,0
20080327 110900,1.578200,1.578500,1.578200,1.578400,0
20080327 111000,1.578500,1.578600,1.578400,1.578500,0
20080327 111100,1.578400,1.578500,1.578300,1.578400,0
20080327 111200,1.578500,1.578600,1.578400,1.578600,0
20080327 111300,1.578500,1.579000,1.578500,1.578900,0
20080327 111400,1.578800,1.579000,1.578700,1.579000,0
20080327 111500,1.579100,1.579900,1.579100,1.579800,0
20080327 111600,1.579700,1.579700,1.579500,1.579700,0
20080327 111700,1.579600,1.579700,1.579400,1.579400,0
20080327 111800,1.579300,1.579400,1.579000,1.579000,0
20080327 111900,1.578900,1.579000,1.578800,1.578900,0
20080327 112000,1.579000,1.579000,1.578300,1.578300,0
20080327 112100,1.578200,1.578600,1.578200,1.578500,0
20080327 112200,1.578400,1.578400,1.578000,1.578400,0
20080327 112300,1.578300,1.578500,1.578200,1.578500,0
20080327 112400,1.578600,1.579200,1.578500,1.579200,0
20080327 112500,1.579100,1.579300,1.578900,1.579000,0
20080327 112600,1.578900,1.579000,1.578900,1.579000,0
20080327 112700,1.578900,1.578900,1.578500,1.578500,0
20080327 112800,1.578300,1.578600,1.578300,1.578500,0
20080327 112900,1.578600,1.578600,1.578300,1.578300,0
20080327 113000,1.578400,1.578500,1.577900,1.578000,0
20080327 113100,1.578200,1.578200,1.577900,1.578200,0
20080327 113200,1.578100,1.578200,1.577900,1.578100,0
20080327 113300,1.578200,1.578500,1.578100,1.578200,0
20080327 113400,1.578300,1.578300,1.578100,1.578200,0
20080327 113500,1.578400,1.578400,1.578100,1.578100,0
20080327 113600,1.578200,1.578200,1.577900,1.578000,0
20080327 113700,1.577900,1.578100,1.577500,1.577600,0
20080327 113800,1.577700,1.578100,1.577600,1.578000,0
20080327 113900,1.578100,1.578100,1.577900,1.578000,0
20080327 114000,1.577800,1.578000,1.577500,1.578000,0
20080327 114100,1.577900,1.578000,1.577600,1.577600,0
20080327 114200,1.577400,1.578100,1.577400,1.578000,0
20080327 114300,1.578100,1.578500,1.578000,1.578500,0
20080327 114400,1.578600,1.579400,1.578300,1.579200,0
20080327 114500,1.579100,1.579200,1.578900,1.579000,0
20080327 114600,1.579100,1.579100,1.578800,1.578800,0
20080327 114700,1.578900,1.579200,1.578900,1.579200,0
20080327 114800,1.579100,1.579300,1.579100,1.579100,0
20080327 114900,1.579200,1.579300,1.579100,1.579300,0
20080327 115000,1.579200,1.579800,1.579200,1.579600,0
20080327 115100,1.579500,1.580000,1.579300,1.579900,0
20080327 115200,1.579800,1.579900,1.579700,1.579700,0
20080327 115300,1.579600,1.579700,1.579400,1.579600,0
20080327 115400,1.579700,1.579900,1.579600,1.579700,0
20080327 115500,1.579600,1.579800,1.579600,1.579600,0
20080327 115600,1.579700,1.579700,1.579600,1.579700,0
20080327 115700,1.579800,1.580100,1.579700,1.580100,0
20080327 115800,1.580200,1.580500,1.580000,1.580000,0
20080327 115900,1.580100,1.580500,1.579800,1.579800,0
20080327 120000,1.579900,1.579900,1.579400,1.579600,0
20080327 120100,1.579700,1.580100,1.579700,1.579900,0
20080327 120200,1.579800,1.579900,1.579700,1.579700,0
20080327 120300,1.579800,1.579800,1.579500,1.579600,0
20080327 120400,1.579500,1.579600,1.579500,1.579500,0
20080327 120500,1.579400,1.579500,1.578800,1.578800,0
20080327 120600,1.578900,1.579200,1.578700,1.579200,0
20080327 120700,1.579100,1.579500,1.579100,1.579400,0
20080327 120800,1.579500,1.579500,1.579300,1.579400,0
20080327 120900,1.579500,1.579500,1.579300,1.579300,0
20080327 121000,1.579400,1.579500,1.579200,1.579200,0
20080327 121100,1.579300,1.579700,1.579200,1.579700,0
20080327 121200,1.579500,1.579800,1.579500,1.579800,0
20080327 121300,1.579900,1.580100,1.579800,1.580000,0
20080327 121400,1.580100,1.580700,1.580000,1.580500,0
20080327 121500,1.580600,1.580900,1.580600,1.580600,0
20080327 121600,1.580700,1.580700,1.580000,1.580100,0
20080327 121700,1.580000,1.580100,1.579900,1.580100,0
20080327 121800,1.580000,1.580000,1.579900,1.579900,0
20080327 121900,1.579800,1.579900,1.579700,1.579700,0
20080327 122000,1.579800,1.579900,1.579600,1.579700,0
20080327 122100,1.579600,1.579800,1.579200,1.579400,0
20080327 122200,1.579800,1.580000,1.579700,1.579900,0
20080327 122300,1.579800,1.579900,1.579700,1.579900,0
20080327 122400,1.579800,1.580200,1.579800,1.580100,0
20080327 122500,1.580200,1.580200,1.579800,1.579900,0
20080327 122600,1.579800,1.580000,1.579700,1.579700,0
20080327 122700,1.579600,1.579600,1.579300,1.579500,0
20080327 122800,1.579400,1.579600,1.579400,1.579500,0
20080327 122900,1.579400,1.579400,1.578800,1.578800,0
20080327 123000,1.578700,1.578900,1.578400,1.578700,0
20080327 123100,1.578600,1.578900,1.578600,1.578900,0
20080327 123200,1.578800,1.579300,1.578800,1.579200,0
20080327 123300,1.579300,1.579300,1.579100,1.579100,0
20080327 123400,1.579000,1.579100,1.578700,1.579000,0
20080327 123500,1.579100,1.579200,1.579000,1.579000,0
20080327 123600,1.579100,1.579200,1.579100,1.579200,0
20080327 123700,1.579300,1.579400,1.579200,1.579300,0
20080327 123800,1.579400,1.579600,1.579300,1.579400,0
20080327 123900,1.579500,1.579700,1.579300,1.579300,0
20080327 124000,1.579200,1.579500,1.579200,1.579300,0
20080327 124100,1.579400,1.579400,1.579000,1.579400,0
20080327 124200,1.579500,1.579700,1.579400,1.579600,0
20080327 124300,1.579500,1.579700,1.579300,1.579300,0
20080327 124400,1.579200,1.579300,1.579100,1.579200,0
20080327 124500,1.579300,1.579400,1.579200,1.579400,0
20080327 124600,1.579500,1.579600,1.579400,1.579600,0
20080327 124700,1.579500,1.579500,1.579400,1.579500,0
20080327 124800,1.579600,1.579600,1.579300,1.579500,0
20080327 124900,1.579400,1.579500,1.579200,1.579500,0
20080327 125000,1.579400,1.579500,1.579300,1.579400,0
20080327 125100,1.579500,1.579500,1.579200,1.579300,0
20080327 125200,1.579200,1.579300,1.579200,1.579300,0
20080327 125300,1.579400,1.579500,1.579400,1.579500,0
20080327 125400,1.579600,1.580000,1.579500,1.579800,0
20080327 125500,1.579700,1.579900,1.579700,1.579800,0
20080327 125600,1.579700,1.579800,1.579700,1.579700,0
20080327 125700,1.579800,1.579800,1.579600,1.579600,0
20080327 125800,1.579400,1.579600,1.579400,1.579500,0
20080327 125900,1.579600,1.579700,1.579500,1.579700,0
20080327 130000,1.579800,1.579800,1.579500,1.579700,0
20080327 130100,1.579600,1.579600,1.579500,1.579500,0
20080327 130200,1.579600,1.579600,1.579500,1.579500,0
20080327 130300,1.579600,1.579600,1.579500,1.579600,0
20080327 130400,1.579700,1.579700,1.579500,1.579500,0
20080327 130500,1.579400,1.579400,1.579300,1.579400,0
20080327 130600,1.579300,1.579400,1.579300,1.579400,0
20080327 130700,1.579300,1.579300,1.579000,1.579100,0
20080327 130800,1.579000,1.579500,1.579000,1.579500,0
20080327 130900,1.579600,1.579600,1.579500,1.579500,0
20080327 131000,1.579400,1.579500,1.579400,1.579500,0
20080327 131100,1.579600,1.580200,1.579600,1.580200,0
20080327 131200,1.580100,1.580100,1.580000,1.580000,0
20080327 131300,1.580100,1.580100,1.580000,1.580000,0
20080327 131400,1.580100,1.580200,1.580100,1.580200,0
20080327 131500,1.580300,1.580800,1.580300,1.580400,0
20080327 131600,1.580300,1.580300,1.579900,1.580200,0
20080327 131700,1.580100,1.580100,1.579900,1.580100,0
20080327 131800,1.580200,1.580200,1.579900,1.580200,0
20080327 131900,1.580300,1.580400,1.580100,1.580100,0
20080327 132000,1.580000,1.580200,1.579900,1.580000,0
20080327 132100,1.579800,1.579800,1.579300,1.579400,0
20080327 132200,1.579500,1.579500,1.579300,1.579400,0
20080327 132300,1.579500,1.579500,1.579000,1.579100,0
20080327 132400,1.579200,1.579200,1.579100,1.579200,0
20080327 132500,1.579300,1.579400,1.579200,1.579300,0
20080327 132600,1.579400,1.579400,1.579200,1.579400,0
20080327 132700,1.579300,1.579400,1.579300,1.579400,0
20080327 132800,1.579600,1.579700,1.579300,1.579300,0
20080327 132900,1.579400,1.579400,1.579300,1.579400,0
20080327 133000,1.579300,1.579700,1.579300,1.579500,0
20080327 133100,1.579600,1.579600,1.579300,1.579500,0
20080327 133200,1.579400,1.579500,1.579400,1.579500,0
20080327 133300,1.579600,1.579900,1.579600,1.579800,0
20080327 133400,1.579700,1.579900,1.579700,1.579800,0
20080327 133500,1.579700,1.579800,1.579700,1.579700,0
20080327 133600,1.579800,1.579900,1.579800,1.579900,0
20080327 133700,1.579800,1.580200,1.579800,1.580000,0
20080327 133800,1.580100,1.580500,1.580100,1.580500,0
20080327 133900,1.580600,1.580600,1.580400,1.580500,0
20080327 134000,1.580600,1.580600,1.580300,1.580500,0
20080327 134100,1.580400,1.580600,1.580400,1.580600,0
20080327 134200,1.580700,1.581000,1.580600,1.581000,0
20080327 134300,1.581300,1.581600,1.581200,1.581300,0
20080327 134400,1.581400,1.581400,1.581200,1.581200,0
20080327 134500,1.581300,1.581500,1.581300,1.581400,0
20080327 134600,1.581500,1.581700,1.581300,1.581700,0
20080327 134700,1.581600,1.581600,1.581400,1.581400,0
20080327 134800,1.581500,1.581500,1.581300,1.581300,0
20080327 134900,1.581200,1.581300,1.581200,1.581200,0
20080327 135000,1.581300,1.581300,1.581100,1.581200,0
20080327 135100,1.581100,1.581200,1.581100,1.581100,0
20080327 135200,1.581000,1.581200,1.581000,1.581200,0
20080327 135300,1.581300,1.581300,1.581000,1.581100,0
20080327 135400,1.581000,1.581200,1.581000,1.581200,0
20080327 135500,1.581100,1.581200,1.580900,1.581000,0
20080327 135600,1.581100,1.581300,1.581100,1.581300,0
20080327 135800,1.581200,1.581400,1.581200,1.581200,0
20080327 135900,1.581100,1.581200,1.581000,1.581000,0
20080327 140000,1.580900,1.580900,1.580900,1.580900,0
20080327 140100,1.580700,1.580700,1.580400,1.580700,0
20080327 140200,1.580600,1.580600,1.580500,1.580600,0
20080327 140300,1.580700,1.580700,1.580600,1.580700,0
20080327 140400,1.580800,1.581000,1.580700,1.581000,0
20080327 140500,1.580900,1.581300,1.580900,1.581000,0
20080327 140600,1.580800,1.581000,1.580700,1.580900,0
20080327 140700,1.581000,1.581000,1.580600,1.580700,0
20080327 140800,1.580800,1.581000,1.580800,1.580900,0
20080327 140900,1.581000,1.581000,1.580600,1.580800,0
20080327 141000,1.580900,1.580900,1.580900,1.580900,0
20080327 141100,1.581000,1.581200,1.580900,1.581100,0
20080327 141200,1.581000,1.581100,1.580800,1.580900,0
20080327 141300,1.581000,1.581000,1.580700,1.580700,0
20080327 141400,1.580800,1.580800,1.580600,1.580600,0
20080327 141500,1.580500,1.580700,1.580400,1.580500,0
20080327 141600,1.580400,1.580500,1.580200,1.580300,0
20080327 141700,1.580200,1.580200,1.579800,1.579800,0
20080327 141800,1.579900,1.579900,1.579400,1.579700,0
20080327 141900,1.579600,1.579900,1.579600,1.579700,0
20080327 142000,1.579600,1.579800,1.579600,1.579600,0
20080327 142100,1.579700,1.579800,1.579600,1.579600,0
20080327 142200,1.579500,1.579600,1.579500,1.579500,0
20080327 142300,1.579400,1.579500,1.579400,1.579500,0
20080327 142400,1.579400,1.579400,1.579400,1.579400,0
20080327 142500,1.579500,1.579500,1.579200,1.579200,0
20080327 142600,1.579300,1.579300,1.579200,1.579200,0
20080327 142700,1.579300,1.579300,1.578800,1.578800,0
20080327 142800,1.578700,1.578800,1.578500,1.578500,0
20080327 142900,1.578600,1.578600,1.578500,1.578500,0
20080327 143000,1.578600,1.578900,1.578400,1.578500,0
20080327 143100,1.578400,1.578600,1.578300,1.578500,0
20080327 143200,1.578400,1.578500,1.578400,1.578400,0
20080327 143300,1.578500,1.579000,1.578500,1.578900,0
20080327 143400,1.578800,1.579100,1.578700,1.578800,0
20080327 143500,1.578700,1.578700,1.578300,1.578400,0
20080327 143600,1.578300,1.578400,1.577500,1.577500,0
20080327 143700,1.577400,1.577500,1.577000,1.577500,0
20080327 143800,1.577600,1.577800,1.577400,1.577500,0
20080327 143900,1.577400,1.577400,1.577000,1.577100,0
20080327 144000,1.577200,1.577300,1.577000,1.577200,0
20080327 144100,1.577100,1.577500,1.577100,1.577400,0
20080327 144200,1.577500,1.577600,1.577500,1.577600,0
20080327 144300,1.577700,1.577700,1.577600,1.577700,0
20080327 144400,1.577800,1.578300,1.577800,1.578200,0
20080327 144500,1.578100,1.578200,1.577900,1.578000,0
20080327 144600,1.578300,1.578600,1.578200,1.578500,0
20080327 144700,1.578600,1.578600,1.578300,1.578300,0
20080327 144800,1.578200,1.578300,1.577800,1.577900,0
20080327 144900,1.578000,1.578300,1.577900,1.578100,0
20080327 145000,1.578000,1.578400,1.578000,1.578100,0
20080327 145100,1.578000,1.578000,1.576900,1.576900,0
20080327 145200,1.577000,1.577300,1.577000,1.577300,0
20080327 145300,1.577400,1.577600,1.577300,1.577500,0
20080327 145400,1.577700,1.577700,1.577300,1.577500,0
20080327 145500,1.577400,1.577400,1.577300,1.577300,0
20080327 145600,1.577200,1.577700,1.577200,1.577700,0
20080327 145700,1.577800,1.577900,1.577800,1.577800,0
20080327 145800,1.577900,1.577900,1.577800,1.577800,0
20080327 145900,1.577900,1.578000,1.577900,1.578000,0
20080327 150000,1.577900,1.578400,1.577900,1.578400,0
20080327 150100,1.578500,1.578500,1.578200,1.578300,0
20080327 150200,1.578100,1.578200,1.577800,1.577900,0
20080327 150400,1.577800,1.577900,1.577800,1.577900,0
20080327 150500,1.577700,1.578100,1.577700,1.577800,0
20080327 150600,1.577700,1.577900,1.577700,1.577900,0
20080327 150700,1.578000,1.578200,1.578000,1.578200,0
20080327 150800,1.578100,1.578300,1.578000,1.578000,0
20080327 150900,1.578100,1.578100,1.577600,1.577700,0
20080327 151000,1.577800,1.577900,1.577700,1.577700,0
20080327 151100,1.577500,1.577500,1.576700,1.576700,0
20080327 151200,1.576600,1.577300,1.576000,1.576400,0
20080327 151300,1.576500,1.576500,1.576200,1.576500,0
20080327 151400,1.576600,1.576600,1.576600,1.576600,0
20080327 151500,1.576500,1.576700,1.576500,1.576700,0
20080327 151600,1.576800,1.576800,1.576600,1.576700,0
20080327 151700,1.576600,1.576700,1.576600,1.576700,0
20080327 151800,1.576600,1.576900,1.576600,1.576600,0
20080327 151900,1.576700,1.576700,1.576500,1.576600,0
20080327 152000,1.576700,1.576700,1.576600,1.576700,0
20080327 152100,1.576600,1.576700,1.576600,1.576700,0
20080327 152200,1.576600,1.576700,1.576500,1.576600,0
20080327 152300,1.576500,1.576700,1.576500,1.576700,0
20080327 152400,1.576500,1.576500,1.576400,1.576400,0
20080327 152500,1.576500,1.576500,1.576500,1.576500,0
20080327 152600,1.576600,1.576700,1.576400,1.576400,0
20080327 152700,1.576500,1.576500,1.576400,1.576400,0
20080327 152800,1.576500,1.576600,1.576500,1.576600,0
20080327 153000,1.576500,1.576600,1.576500,1.576500,0
20080327 153100,1.576400,1.576600,1.576400,1.576600,0
20080327 153200,1.576500,1.576600,1.576500,1.576500,0
20080327 153300,1.576400,1.576400,1.576400,1.576400,0
20080327 153400,1.576300,1.576300,1.576300,1.576300,0
20080327 153500,1.576400,1.576400,1.576000,1.576200,0
20080327 153600,1.576100,1.576200,1.576000,1.576100,0
20080327 153700,1.576200,1.576200,1.576000,1.576000,0
20080327 153800,1.576100,1.576100,1.575800,1.576100,0
20080327 153900,1.576000,1.576300,1.576000,1.576300,0
20080327 154000,1.576200,1.576500,1.576200,1.576400,0
20080327 154100,1.576500,1.576900,1.576500,1.576900,0
20080327 154200,1.576800,1.576800,1.576600,1.576800,0
20080327 154300,1.576700,1.576900,1.576500,1.576800,0
20080327 154400,1.576900,1.577100,1.576900,1.577100,0
20080327 154500,1.577000,1.577500,1.577000,1.577500,0
20080327 154600,1.577400,1.577500,1.577200,1.577300,0
20080327 154700,1.577400,1.577400,1.577300,1.577400,0
20080327 154800,1.577500,1.577600,1.577300,1.577500,0
20080327 154900,1.577400,1.577600,1.577400,1.577500,0
20080327 155000,1.577600,1.577600,1.577500,1.577500,0
20080327 155200,1.577600,1.578000,1.577600,1.578000,0
20080327 155300,1.577900,1.578700,1.577900,1.578300,0
20080327 155400,1.578400,1.578600,1.578100,1.578100,0
20080327 155500,1.578000,1.578000,1.577800,1.577900,0
20080327 155600,1.577800,1.578000,1.577800,1.577800,0
20080327 155700,1.577700,1.577800,1.577400,1.577800,0
20080327 155800,1.577700,1.577700,1.577700,1.577700,0
20080327 155900,1.577600,1.577700,1.577600,1.577700,0
20080327 160000,1.577600,1.577600,1.577300,1.577300,0
20080327 160100,1.577200,1.577300,1.577200,1.577200,0
20080327 160200,1.577300,1.577300,1.577000,1.577100,0
20080327 160300,1.577000,1.577100,1.577000,1.577000,0
20080327 160400,1.576900,1.577100,1.576900,1.577100,0
20080327 160500,1.577200,1.577300,1.577100,1.577300,0
20080327 160600,1.577400,1.577400,1.577200,1.577300,0
20080327 160700,1.577200,1.577300,1.577200,1.577200,0
20080327 160800,1.577300,1.577300,1.577100,1.577100,0
20080327 160900,1.577200,1.577200,1.577000,1.577000,0
20080327 161000,1.576900,1.577000,1.576800,1.576800,0
20080327 161100,1.576700,1.576900,1.576500,1.576700,0
20080327 161200,1.576800,1.576800,1.576800,1.576800,0
20080327 161300,1.577000,1.577200,1.577000,1.577100,0
20080327 161400,1.577000,1.577000,1.576900,1.577000,0
20080327 161500,1.576900,1.577000,1.576900,1.576900,0
20080327 161600,1.576800,1.576800,1.576700,1.576700,0
20080327 161700,1.576800,1.576800,1.576500,1.576500,0
20080327 161800,1.576400,1.576400,1.576300,1.576300,0
20080327 161900,1.576400,1.576800,1.576400,1.576700,0
20080327 162100,1.576800,1.577200,1.576800,1.577000,0
20080327 162200,1.576900,1.577000,1.576900,1.576900,0
20080327 162300,1.577000,1.577100,1.576900,1.576900,0
20080327 162400,1.577000,1.577000,1.576900,1.576900,0
20080327 162500,1.576800,1.576900,1.576800,1.576800,0
20080327 162600,1.576900,1.576900,1.576800,1.576800,0
20080327 162700,1.576700,1.576800,1.576600,1.576700,0
20080327 162800,1.576800,1.576800,1.576700,1.576800,0
20080327 162900,1.576900,1.576900,1.576700,1.576800,0
20080327 163000,1.576900,1.577000,1.576800,1.576900,0
20080327 163100,1.577000,1.577000,1.576800,1.576900,0
20080327 163200,1.576800,1.576900,1.576700,1.576800,0
20080327 163300,1.576700,1.576900,1.576700,1.576800,0
20080327 163400,1.576900,1.576900,1.576800,1.576800,0
20080327 163500,1.576700,1.576800,1.576700,1.576700,0
20080327 163600,1.576800,1.577100,1.576800,1.577000,0
20080327 163700,1.576900,1.577000,1.576900,1.577000,0
20080327 163800,1.577100,1.577200,1.577000,1.577100,0
20080327 163900,1.577200,1.577200,1.577100,1.577200,0
20080327 164000,1.577400,1.577400,1.577300,1.577300,0
20080327 164100,1.577400,1.577900,1.577400,1.577900,0
20080327 164200,1.577800,1.577900,1.577600,1.577800,0
20080327 164400,1.577700,1.577800,1.577200,1.577300,0
20080327 164500,1.577400,1.577500,1.577400,1.577400,0
20080327 164600,1.577500,1.577500,1.577400,1.577400,0
20080327 164800,1.577500,1.577600,1.577400,1.577600,0
20080327 164900,1.577700,1.578200,1.577700,1.578000,0
20080327 165000,1.577900,1.578200,1.577900,1.578000,0
20080327 165100,1.578100,1.578100,1.578000,1.578100,0
20080327 165200,1.578200,1.578200,1.578000,1.578000,0
20080327 165300,1.578100,1.578100,1.578000,1.578100,0
20080327 165400,1.578200,1.578200,1.578100,1.578100,0
20080327 165600,1.578000,1.578100,1.577900,1.578000,0
20080327 165700,1.578100,1.578100,1.578100,1.578100,0
20080327 165800,1.578200,1.578200,1.578100,1.578100,0
20080327 165900,1.578000,1.578200,1.578000,1.578100,0
20080327 170000,1.578000,1.578000,1.578000,1.578000,0
20080327 170100,1.578100,1.578100,1.578000,1.578000,0
20080327 170200,1.578100,1.578100,1.578000,1.578100,0
20080327 170300,1.578000,1.578100,1.578000,1.578100,0
20080327 170400,1.578000,1.578200,1.578000,1.578100,0
20080327 170500,1.578000,1.578200,1.578000,1.578200,0
20080327 170600,1.578100,1.578500,1.578100,1.578500,0
20080327 170700,1.578400,1.578600,1.578400,1.578500,0
20080327 170800,1.578600,1.578700,1.578600,1.578700,0
20080327 170900,1.578800,1.578900,1.578700,1.578700,0
20080327 171000,1.578600,1.578600,1.578600,1.578600,0
20080327 171100,1.578500,1.578600,1.578500,1.578600,0
20080327 171200,1.578800,1.578800,1.578700,1.578700,0
20080327 171300,1.578600,1.578700,1.578600,1.578600,0
20080327 171500,1.578700,1.578700,1.578600,1.578600,0
20080327 171600,1.578500,1.578500,1.578500,1.578500,0
20080327 171700,1.578400,1.578500,1.578300,1.578400,0
20080327 171800,1.578300,1.578300,1.578100,1.578200,0
20080327 171900,1.578300,1.578300,1.578200,1.578200,0
20080327 172000,1.578300,1.578400,1.578300,1.578400,0
20080327 172100,1.578300,1.578400,1.578300,1.578400,0
20080327 172200,1.578300,1.578400,1.578200,1.578300,0
20080327 172300,1.578400,1.578500,1.578400,1.578400,0
20080327 172400,1.578500,1.578500,1.578400,1.578400,0
20080327 172500,1.578500,1.578500,1.578400,1.578400,0
20080327 172600,1.578500,1.578500,1.578500,1.578500,0
20080327 172700,1.578400,1.578500,1.578400,1.578400,0
20080327 172800,1.578500,1.578500,1.578400,1.578400,0
20080327 172900,1.578500,1.578600,1.578400,1.578500,0
20080327 173100,1.578600,1.578600,1.578500,1.578500,0
20080327 173200,1.578600,1.578700,1.578600,1.578700,0
20080327 173300,1.578600,1.578600,1.578600,1.578600,0
20080327 173400,1.578500,1.578600,1.578500,1.578500,0
20080327 173500,1.578600,1.578700,1.578600,1.578700,0
20080327 173600,1.578600,1.578800,1.578600,1.578600,0
20080327 173700,1.578700,1.578800,1.578300,1.578600,0
20080327 173800,1.578500,1.578500,1.578500,1.578500,0
20080327 173900,1.578600,1.578700,1.578600,1.578600,0
20080327 174000,1.578500,1.578600,1.578100,1.578100,0
20080327 174100,1.578300,1.578300,1.577900,1.577900,0
20080327 174200,1.578000,1.578500,1.578000,1.578300,0
20080327 174300,1.578200,1.578200,1.578200,1.578200,0
20080327 174600,1.578300,1.578300,1.578300,1.578300,0
20080327 174800,1.578200,1.578200,1.578100,1.578200,0
20080327 174900,1.578100,1.578100,1.577900,1.577900,0
20080327 175000,1.577800,1.577800,1.577600,1.577700,0
20080327 175100,1.577600,1.577900,1.577600,1.577900,0
20080327 175200,1.578300,1.578300,1.578200,1.578200,0
20080327 175300,1.578100,1.578200,1.578000,1.578000,0
20080327 175400,1.577900,1.577900,1.577700,1.577900,0
20080327 175500,1.578000,1.578000,1.577800,1.577800,0
20080327 175600,1.577900,1.577900,1.577800,1.577800,0
20080327 175800,1.577900,1.577900,1.577800,1.577800,0
20080327 175900,1.577900,1.577900,1.577900,1.577900,0
20080327 180000,1.577800,1.578100,1.577800,1.578100,0
20080327 180200,1.578000,1.578000,1.577900,1.578000,0
20080327 180300,1.578100,1.578100,1.578100,1.578100,0
20080327 180400,1.578200,1.578400,1.578200,1.578400,0
20080327 180500,1.578500,1.578500,1.578500,1.578500,0
20080327 180600,1.578700,1.578700,1.578600,1.578600,0
20080327 180700,1.578700,1.578700,1.578700,1.578700,0
20080327 180900,1.578600,1.578600,1.578300,1.578300,0
20080327 181000,1.578200,1.578500,1.578100,1.578400,0
20080327 181100,1.578500,1.578500,1.578400,1.578500,0
20080327 181200,1.578600,1.578600,1.578500,1.578500,0
20080327 181300,1.578400,1.578500,1.578400,1.578400,0
20080327 181400,1.578500,1.578500,1.577900,1.578000,0
20080327 181500,1.578100,1.578400,1.578100,1.578400,0
20080327 181600,1.578300,1.578300,1.578300,1.578300,0
20080327 181700,1.578400,1.578400,1.578200,1.578300,0
20080327 181800,1.578200,1.578200,1.578200,1.578200,0
20080327 181900,1.578100,1.578100,1.578000,1.578000,0
20080327 182000,1.577900,1.578000,1.577900,1.578000,0
20080327 182200,1.577900,1.578000,1.577900,1.578000,0
20080327 182300,1.578100,1.578100,1.578100,1.578100,0
20080327 182500,1.578200,1.578500,1.578200,1.578500,0
20080327 182600,1.578600,1.578600,1.578600,1.578600,0
20080327 182900,1.578700,1.578800,1.578700,1.578800,0
20080327 183000,1.578900,1.578900,1.578800,1.578900,0
20080327 183100,1.578800,1.579400,1.578800,1.579400,0
20080327 183200,1.579500,1.579900,1.579500,1.579700,0
20080327 183300,1.579900,1.579900,1.579800,1.579900,0
20080327 183400,1.580000,1.580000,1.579900,1.579900,0
20080327 183500,1.579800,1.580000,1.579800,1.580000,0
20080327 183600,1.580100,1.580500,1.580100,1.580200,0
20080327 183700,1.580300,1.580300,1.580100,1.580200,0
20080327 183800,1.580300,1.581200,1.580300,1.581100,0
20080327 183900,1.581200,1.581300,1.581000,1.581200,0
20080327 184000,1.581300,1.581800,1.580900,1.580900,0
20080327 184100,1.580800,1.581000,1.580800,1.581000,0
20080327 184200,1.581100,1.581100,1.580900,1.581000,0
20080327 184300,1.580900,1.580900,1.580900,1.580900,0
20080327 184400,1.581100,1.581100,1.580900,1.581100,0
20080327 184500,1.581000,1.581000,1.581000,1.581000,0
20080327 184700,1.580900,1.580900,1.580800,1.580900,0
20080327 184800,1.581000,1.581000,1.580900,1.580900,0
20080327 184900,1.581000,1.581300,1.581000,1.581300,0
20080327 185000,1.581400,1.581600,1.581300,1.581300,0
20080327 185100,1.581400,1.581400,1.581300,1.581300,0
20080327 185200,1.581400,1.581400,1.581300,1.581300,0
20080327 185300,1.581400,1.581500,1.581400,1.581400,0
20080327 185400,1.581500,1.581600,1.581500,1.581600,0
20080327 185500,1.581500,1.581900,1.581500,1.581900,0
20080327 185600,1.582000,1.582000,1.581600,1.581700,0
20080327 185700,1.581800,1.581800,1.581600,1.581600,0
20080327 185800,1.581500,1.581500,1.581300,1.581300,0
20080327 185900,1.581400,1.581400,1.581200,1.581300,0
20080327 190000,1.581200,1.581300,1.581200,1.581300,0
20080327 190100,1.581400,1.581700,1.581400,1.581700,0
20080327 190200,1.581600,1.581800,1.581600,1.581700,0
20080327 190300,1.581600,1.581600,1.581100,1.581300,0
20080327 190400,1.581200,1.581400,1.581200,1.581400,0
20080327 190500,1.581300,1.581300,1.580800,1.580800,0
20080327 190600,1.580700,1.581100,1.580700,1.581000,0
20080327 190700,1.581100,1.581100,1.580900,1.581000,0
20080327 190800,1.580900,1.581000,1.580900,1.580900,0
20080327 190900,1.581000,1.581000,1.580800,1.580800,0
20080327 191000,1.580900,1.581000,1.580700,1.580900,0
20080327 191100,1.581000,1.581100,1.581000,1.581000,0
20080327 191200,1.581100,1.581400,1.581100,1.581200,0
20080327 191300,1.581100,1.581100,1.581000,1.581000,0
20080327 191400,1.581100,1.581100,1.581000,1.581000,0
20080327 191500,1.580900,1.580900,1.580900,1.580900,0
20080327 191700,1.581000,1.581200,1.581000,1.581000,0
20080327 191800,1.581100,1.581200,1.581100,1.581100,0
20080327 191900,1.581200,1.581200,1.581100,1.581100,0
20080327 192000,1.581000,1.581000,1.580800,1.580800,0
20080327 192100,1.580700,1.581000,1.580700,1.581000,0
20080327 192200,1.581200,1.581200,1.581100,1.581100,0
20080327 192400,1.581000,1.581000,1.580900,1.581000,0
20080327 192500,1.580900,1.580900,1.580900,1.580900,0
20080327 192600,1.581000,1.581100,1.580800,1.580900,0
20080327 192700,1.581000,1.581700,1.580900,1.581500,0
20080327 192800,1.581600,1.581600,1.581600,1.581600,0
20080327 192900,1.581700,1.581700,1.581600,1.581600,0
20080327 193000,1.581700,1.581700,1.581600,1.581700,0
20080327 193100,1.581600,1.581600,1.581100,1.581100,0
20080327 193200,1.581000,1.581000,1.580800,1.580900,0
20080327 193300,1.581000,1.581000,1.580900,1.581000,0
20080327 193400,1.580900,1.581400,1.580900,1.581400,0
20080327 193500,1.581300,1.581600,1.581300,1.581500,0
20080327 193600,1.581600,1.581600,1.581100,1.581100,0
20080327 193700,1.581000,1.581100,1.580900,1.580900,0
20080327 193800,1.580800,1.581000,1.580800,1.580900,0
20080327 193900,1.581000,1.581100,1.580900,1.581100,0
20080327 194000,1.581000,1.581000,1.580800,1.580900,0
20080327 194100,1.581000,1.581000,1.581000,1.581000,0
20080327 194300,1.581100,1.581100,1.580900,1.581100,0
20080327 194400,1.581300,1.581300,1.581000,1.581000,0
20080327 194500,1.581100,1.581100,1.581100,1.581100,0
20080327 194600,1.581200,1.581500,1.581100,1.581400,0
20080327 194700,1.581500,1.581700,1.581400,1.581400,0
20080327 194800,1.581500,1.581700,1.581500,1.581600,0
20080327 194900,1.581500,1.581600,1.581400,1.581500,0
20080327 195000,1.581400,1.581500,1.581400,1.581500,0
20080327 195100,1.581400,1.581500,1.581400,1.581400,0
20080327 195200,1.581300,1.581400,1.581300,1.581300,0
20080327 195300,1.581400,1.581400,1.581300,1.581300,0
20080327 195500,1.581400,1.581400,1.581400,1.581400,0
20080327 195600,1.581500,1.581600,1.581400,1.581600,0
20080327 195700,1.581500,1.581600,1.581400,1.581600,0
20080327 195800,1.581500,1.581500,1.581400,1.581400,0
20080327 195900,1.581300,1.581400,1.581200,1.581300,0
20080327 200000,1.581200,1.581300,1.581000,1.581000,0
20080327 200100,1.580900,1.581100,1.580900,1.581000,0
20080327 200200,1.580900,1.580900,1.580900,1.580900,0
20080327 200300,1.581000,1.581000,1.580900,1.580900,0
20080327 200400,1.580800,1.580800,1.580600,1.580600,0
20080327 200500,1.580700,1.580700,1.580300,1.580500,0
20080327 200600,1.580400,1.580600,1.580400,1.580600,0
20080327 200700,1.580700,1.580700,1.580600,1.580700,0
20080327 200800,1.580600,1.580600,1.580100,1.580200,0
20080327 200900,1.580300,1.580300,1.580000,1.580100,0
20080327 201000,1.580200,1.580300,1.580100,1.580200,0
20080327 201100,1.580100,1.580200,1.580100,1.580200,0
20080327 201200,1.580100,1.580200,1.580100,1.580100,0
20080327 201300,1.580200,1.580400,1.580200,1.580300,0
20080327 201400,1.580200,1.580300,1.580200,1.580200,0
20080327 201500,1.580300,1.580300,1.580300,1.580300,0
20080327 201600,1.580400,1.580400,1.580300,1.580300,0
20080327 201700,1.580200,1.580300,1.580200,1.580200,0
20080327 201800,1.580100,1.580200,1.580100,1.580100,0
20080327 201900,1.580200,1.580200,1.580200,1.580200,0
20080327 202200,1.580100,1.580100,1.580000,1.580000,0
20080327 202300,1.580100,1.580100,1.580000,1.580000,0
20080327 202400,1.579900,1.580000,1.579900,1.580000,0
20080327 202500,1.579900,1.580000,1.579900,1.580000,0
20080327 202600,1.579900,1.580100,1.579900,1.579900,0
20080327 202700,1.580000,1.580000,1.579900,1.580000,0
20080327 202800,1.580100,1.580100,1.580000,1.580100,0
20080327 203000,1.580000,1.580000,1.579800,1.579900,0
20080327 203100,1.580000,1.580000,1.579800,1.580000,0
20080327 203300,1.579900,1.579900,1.579900,1.579900,0
20080327 203400,1.579800,1.579900,1.579800,1.579800,0
20080327 203500,1.579900,1.579900,1.579700,1.579800,0
20080327 203600,1.579900,1.579900,1.579800,1.579800,0
20080327 203700,1.579900,1.579900,1.579600,1.579600,0
20080327 204000,1.579700,1.579800,1.579600,1.579600,0
20080327 204100,1.579500,1.579600,1.579500,1.579600,0
20080327 204300,1.579500,1.579600,1.578900,1.578900,0
20080327 204400,1.578800,1.579100,1.578700,1.579000,0
20080327 204500,1.578900,1.579000,1.578900,1.579000,0
20080327 204600,1.578900,1.578900,1.578100,1.578100,0
20080327 204700,1.578300,1.578500,1.578300,1.578400,0
20080327 204800,1.578500,1.578500,1.578400,1.578400,0
20080327 204900,1.578300,1.578300,1.578300,1.578300,0
20080327 205000,1.578200,1.578300,1.577900,1.578000,0
20080327 205100,1.577900,1.578000,1.577700,1.578000,0
20080327 205200,1.577900,1.578300,1.577800,1.578000,0
20080327 205300,1.578100,1.578400,1.578100,1.578400,0
20080327 205400,1.578300,1.579000,1.578300,1.578600,0
20080327 205500,1.578700,1.579200,1.578400,1.578700,0
20080327 205600,1.578600,1.578800,1.578400,1.578500,0
20080327 205700,1.578400,1.578500,1.578300,1.578300,0
20080327 205800,1.578400,1.578400,1.578200,1.578300,0
20080327 205900,1.578200,1.578300,1.577700,1.578000,0
20080327 210000,1.577900,1.577900,1.577300,1.577500,0
20080327 210100,1.577600,1.578000,1.577600,1.577900,0
20080327 210200,1.578000,1.578200,1.578000,1.578100,0
20080327 210300,1.578200,1.578200,1.577900,1.578100,0
20080327 210400,1.578000,1.578100,1.577900,1.578000,0
20080327 210500,1.577900,1.577900,1.577600,1.577800,0
20080327 210600,1.577700,1.577700,1.577400,1.577400,0
20080327 210700,1.577300,1.577300,1.577000,1.577100,0
20080327 210800,1.577000,1.577100,1.576700,1.577100,0
20080327 210900,1.577200,1.577500,1.577000,1.577100,0
20080327 211000,1.577200,1.577200,1.577100,1.577100,0
20080327 211100,1.577200,1.577400,1.577200,1.577400,0
20080327 211200,1.577500,1.577500,1.577300,1.577300,0
20080327 211300,1.577400,1.577500,1.577300,1.577500,0
20080327 211400,1.577400,1.577400,1.577400,1.577400,0
20080327 211500,1.577500,1.577800,1.577500,1.577800,0
20080327 211600,1.577700,1.577900,1.577600,1.577900,0
20080327 211700,1.577800,1.578200,1.577800,1.578000,0
20080327 211800,1.577900,1.578600,1.577800,1.578600,0
20080327 211900,1.578700,1.578700,1.578000,1.578200,0
20080327 212000,1.578300,1.578500,1.578300,1.578500,0
20080327 212100,1.578400,1.578500,1.578200,1.578300,0
20080327 212200,1.578400,1.578400,1.578300,1.578400,0
20080327 212300,1.578300,1.578400,1.578300,1.578400,0
20080327 212400,1.578500,1.578600,1.578400,1.578500,0
20080327 212500,1.578400,1.578600,1.578300,1.578600,0
20080327 212600,1.578500,1.578800,1.578400,1.578600,0
20080327 212700,1.578500,1.578700,1.578500,1.578600,0
20080327 212800,1.578700,1.578800,1.578500,1.578800,0
20080327 212900,1.578900,1.578900,1.578900,1.578900,0
20080327 213100,1.578800,1.579000,1.578800,1.579000,0
20080327 213200,1.578900,1.579200,1.578900,1.579100,0
20080327 213300,1.579200,1.579300,1.579200,1.579300,0
20080327 213400,1.579200,1.579500,1.579200,1.579500,0
20080327 213500,1.579600,1.579600,1.579200,1.579300,0
20080327 213600,1.579200,1.579300,1.579100,1.579200,0
20080327 213700,1.579100,1.579200,1.579000,1.579100,0
20080327 213800,1.579000,1.579100,1.579000,1.579000,0
20080327 213900,1.579100,1.579200,1.579000,1.579200,0
20080327 214000,1.579100,1.579200,1.578900,1.579200,0
20080327 214100,1.579100,1.579700,1.579100,1.579700,0
20080327 214200,1.579800,1.580300,1.579500,1.579900,0
20080327 214300,1.579800,1.579800,1.579500,1.579600,0
20080327 214400,1.579500,1.579700,1.579300,1.579500,0
20080327 214500,1.579400,1.579400,1.579400,1.579400,0
20080327 214600,1.579300,1.579400,1.579300,1.579400,0
20080327 214800,1.579300,1.579400,1.579300,1.579400,0
20080327 214900,1.579300,1.579400,1.579300,1.579400,0
20080327 215000,1.579300,1.579300,1.579100,1.579100,0
20080327 215100,1.579200,1.579200,1.579200,1.579200,0
20080327 215200,1.579300,1.579400,1.579300,1.579400,0
20080327 215300,1.579300,1.579300,1.579200,1.579200,0
20080327 215400,1.579300,1.579300,1.579100,1.579200,0
20080327 215500,1.579100,1.579100,1.579000,1.579100,0
20080327 215600,1.579000,1.579100,1.579000,1.579000,0
20080327 215700,1.579100,1.579100,1.579000,1.579100,0
20080327 215800,1.579000,1.579200,1.579000,1.579200,0
20080327 215900,1.579100,1.579500,1.579100,1.579500,0
20080327 220000,1.579600,1.579900,1.579600,1.579800,0
20080327 220100,1.579900,1.579900,1.579700,1.579700,0
20080327 220300,1.579600,1.579700,1.579500,1.579600,0
20080327 220500,1.579500,1.579500,1.579300,1.579300,0
20080327 220600,1.579400,1.579500,1.579400,1.579500,0
20080327 220700,1.579400,1.579500,1.579400,1.579400,0
20080327 220800,1.579500,1.579500,1.579400,1.579500,0
20080327 221000,1.579600,1.579600,1.579500,1.579600,0
20080327 221100,1.579500,1.579700,1.579500,1.579600,0
20080327 221200,1.579700,1.579700,1.579700,1.579700,0
20080327 221300,1.579600,1.579700,1.579600,1.579600,0
20080327 221400,1.579700,1.580000,1.579600,1.579700,0
20080327 221700,1.579600,1.579600,1.579600,1.579600,0
20080327 221800,1.579700,1.579700,1.579400,1.579500,0
20080327 221900,1.579400,1.579500,1.579400,1.579400,0
20080327 222000,1.579300,1.579300,1.579300,1.579300,0
20080327 222100,1.579400,1.579400,1.579100,1.579200,0
20080327 222200,1.579100,1.579100,1.579100,1.579100,0
20080327 222300,1.579200,1.579200,1.578900,1.578900,0
20080327 222400,1.579000,1.579500,1.579000,1.579500,0
20080327 222500,1.579400,1.579600,1.579400,1.579500,0
20080327 222600,1.579600,1.579600,1.579500,1.579500,0
20080327 222700,1.579600,1.579600,1.579500,1.579500,0
20080327 222800,1.579400,1.579400,1.579300,1.579400,0
20080327 222900,1.579300,1.579400,1.579300,1.579300,0
20080327 223000,1.579200,1.579300,1.579100,1.579200,0
20080327 223100,1.579100,1.579200,1.579100,1.579200,0
20080327 223300,1.579300,1.579300,1.579200,1.579200,0
20080327 223400,1.579100,1.579200,1.579100,1.579200,0
20080327 223500,1.579100,1.579200,1.579100,1.579200,0
20080327 223600,1.579100,1.579200,1.579100,1.579200,0
20080327 223700,1.579300,1.579400,1.579200,1.579400,0
20080327 223800,1.579500,1.579500,1.579500,1.579500,0
20080327 223900,1.579400,1.579500,1.579400,1.579500,0
20080327 224000,1.579600,1.579600,1.579600,1.579600,0
20080327 224200,1.579500,1.579500,1.579500,1.579500,0
20080327 224400,1.579400,1.579400,1.579400,1.579400,0
20080327 224500,1.579300,1.579300,1.579300,1.579300,0
20080327 224600,1.579400,1.579500,1.579300,1.579500,0
20080327 224700,1.579600,1.579600,1.579500,1.579600,0
20080327 224800,1.580000,1.580200,1.579900,1.579900,0
20080327 224900,1.580000,1.580200,1.580000,1.580200,0
20080327 225000,1.580100,1.580300,1.580100,1.580300,0
20080327 225100,1.580200,1.580200,1.580200,1.580200,0
20080327 225200,1.580100,1.580100,1.580100,1.580100,0
20080327 225300,1.580200,1.580200,1.580000,1.580000,0
20080327 225400,1.580100,1.580100,1.580100,1.580100,0
20080327 225500,1.580000,1.580200,1.579800,1.579800,0
20080327 225600,1.579700,1.579800,1.579500,1.579700,0
20080327 225700,1.579600,1.579800,1.579500,1.579700,0
20080327 225800,1.579600,1.579600,1.579400,1.579500,0
20080327 225900,1.579400,1.579600,1.579200,1.579600,0
20080327 230000,1.579500,1.579500,1.579200,1.579400,0
20080327 230100,1.579300,1.579300,1.579300,1.579300,0
20080327 230200,1.579400,1.579400,1.579300,1.579300,0
20080327 230300,1.579500,1.579500,1.579300,1.579500,0
20080327 230400,1.579600,1.579600,1.579500,1.579500,0
20080327 230500,1.579400,1.579500,1.579300,1.579300,0
20080327 230600,1.579200,1.579300,1.579000,1.579100,0
20080327 230700,1.579000,1.579200,1.578900,1.579200,0
20080327 230800,1.579100,1.579300,1.579100,1.579100,0
20080327 230900,1.579200,1.579200,1.578900,1.579000,0
20080327 231000,1.579100,1.579200,1.579100,1.579100,0
20080327 231100,1.579200,1.579300,1.579200,1.579300,0
20080327 231200,1.579200,1.579300,1.579100,1.579200,0
20080327 231300,1.579100,1.579300,1.579100,1.579300,0
20080327 231400,1.579200,1.579200,1.579100,1.579200,0
20080327 231600,1.579000,1.579000,1.578900,1.578900,0
20080327 231700,1.578800,1.578900,1.578700,1.578800,0
20080327 231800,1.578900,1.578900,1.578900,1.578900,0
20080327 231900,1.579000,1.579100,1.578900,1.579000,0
20080327 232000,1.579100,1.579500,1.579000,1.579300,0
20080327 232100,1.579200,1.579300,1.579100,1.579100,0
20080327 232200,1.579200,1.579200,1.579000,1.579100,0
20080327 232300,1.579000,1.579100,1.579000,1.579000,0
20080327 232400,1.579100,1.579500,1.579100,1.579400,0
20080327 232500,1.579300,1.579400,1.579000,1.579300,0
20080327 232600,1.579200,1.579200,1.579100,1.579200,0
20080327 232700,1.579300,1.579300,1.579100,1.579200,0
20080327 232800,1.579300,1.579300,1.579300,1.579300,0
20080327 232900,1.579200,1.579300,1.579200,1.579300,0
20080327 233000,1.579400,1.579400,1.579200,1.579300,0
20080327 233100,1.579200,1.579400,1.579200,1.579200,0
20080327 233200,1.579100,1.579200,1.579000,1.579000,0
20080327 233300,1.579100,1.579500,1.579100,1.579300,0
20080327 233400,1.579400,1.580000,1.579400,1.579700,0
20080327 233500,1.579600,1.579600,1.579300,1.579500,0
20080327 233600,1.579600,1.579700,1.579500,1.579500,0
20080327 233700,1.579600,1.579600,1.579500,1.579500,0
20080327 233800,1.579600,1.579600,1.579600,1.579600,0
20080327 233900,1.579700,1.579700,1.579700,1.579700,0
20080327 234000,1.579600,1.579600,1.579500,1.579500,0
20080327 234100,1.579600,1.579600,1.579500,1.579600,0
20080327 234200,1.579500,1.579600,1.579500,1.579600,0
20080327 234300,1.579700,1.579700,1.579600,1.579600,0
20080327 234400,1.579700,1.579700,1.579600,1.579600,0
20080327 234500,1.579700,1.579700,1.579600,1.579700,0
20080327 234600,1.579800,1.579900,1.579700,1.579800,0
20080327 234700,1.579700,1.579800,1.579600,1.579600,0
20080327 234900,1.579500,1.579800,1.579500,1.579800,0
20080327 235000,1.579700,1.579900,1.579700,1.579900,0
20080327 235100,1.579800,1.579800,1.579600,1.579700,0
20080327 235200,1.579800,1.579800,1.579700,1.579700,0
20080327 235300,1.579800,1.579800,1.579700,1.579800,0
20080327 235400,1.579700,1.579800,1.579700,1.579800,0
20080327 235500,1.579700,1.579700,1.579700,1.579700,0
20080327 235600,1.579600,1.579800,1.579600,1.579600,0
20080327 235700,1.579500,1.579500,1.579400,1.579500,0
20080327 235800,1.579400,1.579400,1.579400,1.579400,0
20080327 235900,1.579300,1.579700,1.579300,1.579600,0
