20100104 000000,1.428900,1.428900,1.428800,1.428900,0
20100104 000100,1.428800,1.428900,1.428800,1.428800,0
20100104 000200,1.428900,1.428900,1.428900,1.428900,0
20100104 000300,1.429000,1.429000,1.428900,1.429000,0
20100104 000400,1.428900,1.429000,1.428900,1.429000,0
20100104 000500,1.428900,1.428900,1.428900,1.428900,0
20100104 000600,1.429000,1.429000,1.429000,1.429000,0
20100104 000700,1.429100,1.429100,1.429000,1.429100,0
20100104 000800,1.429200,1.429200,1.429100,1.429200,0
20100104 000900,1.429300,1.429300,1.429100,1.429300,0
20100104 001000,1.429400,1.429400,1.429300,1.429300,0
20100104 001100,1.429400,1.429600,1.429400,1.429500,0
20100104 001200,1.429400,1.429400,1.429300,1.429300,0
20100104 001300,1.429400,1.429400,1.429400,1.429400,0
20100104 001400,1.429500,1.429500,1.429400,1.429500,0
20100104 001500,1.429400,1.429500,1.429400,1.429500,0
20100104 001600,1.429400,1.429400,1.429400,1.429400,0
20100104 001700,1.429500,1.429500,1.429500,1.429500,0
20100104 001800,1.429400,1.429500,1.429400,1.429400,0
20100104 001900,1.429500,1.429500,1.429400,1.429400,0
20100104 002100,1.429500,1.429500,1.429500,1.429500,0
20100104 002200,1.429400,1.429500,1.429400,1.429500,0
20100104 002400,1.429400,1.429400,1.429400,1.429400,0
20100104 002500,1.429500,1.429500,1.429500,1.429500,0
20100104 002600,1.429600,1.429700,1.429500,1.429600,0
20100104 002700,1.429500,1.429900,1.429500,1.429900,0
20100104 002800,1.429800,1.429900,1.429800,1.429900,0
20100104 003000,1.430000,1.430100,1.430000,1.430100,0
20100104 003100,1.430200,1.430300,1.430100,1.430100,0
20100104 003200,1.430000,1.430100,1.429900,1.430100,0
20100104 003300,1.429900,1.430000,1.429900,1.429900,0
20100104 003500,1.430000,1.430000,1.429800,1.429800,0
20100104 003600,1.429700,1.429800,1.429700,1.429700,0
20100104 003700,1.429800,1.429800,1.429800,1.429800,0
20100104 003800,1.429900,1.429900,1.429900,1.429900,0
20100104 004000,1.430000,1.430200,1.430000,1.430200,0
20100104 004100,1.430300,1.430700,1.430300,1.430600,0
20100104 004200,1.430500,1.430500,1.430400,1.430400,0
20100104 004300,1.430300,1.430400,1.430200,1.430300,0
20100104 004400,1.430200,1.430500,1.430100,1.430500,0
20100104 004500,1.430400,1.430400,1.430300,1.430300,0
20100104 004600,1.430400,1.430500,1.430400,1.430400,0
20100104 004700,1.430500,1.430600,1.430500,1.430600,0
20100104 004800,1.430500,1.430600,1.430500,1.430600,0
20100104 004900,1.430700,1.430800,1.430600,1.430600,0
20100104 005000,1.430700,1.430700,1.430500,1.430600,0
20100104 005200,1.430500,1.430500,1.430300,1.430300,0
20100104 005300,1.430400,1.430400,1.430100,1.430100,0
20100104 005400,1.430200,1.430300,1.430000,1.430000,0
20100104 005500,1.430100,1.430100,1.429800,1.429900,0
20100104 005600,1.430000,1.430000,1.430000,1.430000,0
20100104 005700,1.430100,1.430100,1.430000,1.430000,0
20100104 005800,1.430100,1.430100,1.430000,1.430100,0
20100104 005900,1.430000,1.430100,1.429900,1.430000,0
20100104 010000,1.430100,1.430200,1.430000,1.430200,0
20100104 010100,1.430100,1.430200,1.430100,1.430200,0
20100104 010200,1.430100,1.430400,1.430100,1.430400,0
20100104 010300,1.430300,1.430300,1.430300,1.430300,0
20100104 010400,1.430400,1.430400,1.430300,1.430400,0
20100104 010500,1.430500,1.430500,1.430400,1.430400,0
20100104 010600,1.430500,1.430500,1.430400,1.430500,0
20100104 010700,1.430600,1.430700,1.430600,1.430700,0
20100104 010800,1.430600,1.430800,1.430600,1.430700,0
20100104 010900,1.430600,1.430700,1.430500,1.430700,0
20100104 011000,1.430600,1.430700,1.430600,1.430600,0
20100104 011100,1.430500,1.430500,1.430500,1.430500,0
20100104 011200,1.430400,1.430500,1.430400,1.430500,0
20100104 011300,1.430600,1.430700,1.430600,1.430700,0
20100104 011400,1.430800,1.430900,1.430700,1.430700,0
20100104 011500,1.430600,1.430700,1.430600,1.430700,0
20100104 011600,1.430600,1.430800,1.430600,1.430800,0
20100104 011700,1.430700,1.430800,1.430700,1.430800,0
20100104 011800,1.430700,1.430700,1.430600,1.430600,0
20100104 011900,1.430400,1.430400,1.430000,1.430100,0
20100104 012000,1.430000,1.430100,1.429900,1.429900,0
20100104 012100,1.430000,1.430000,1.429800,1.429800,0
20100104 012200,1.429700,1.429800,1.429600,1.429800,0
20100104 012300,1.429900,1.429900,1.429500,1.429500,0
20100104 012400,1.429400,1.429400,1.429200,1.429300,0
20100104 012500,1.429200,1.429400,1.429100,1.429200,0
20100104 012600,1.429300,1.429300,1.429000,1.429100,0
20100104 012700,1.429000,1.429000,1.428900,1.429000,0
20100104 012800,1.429100,1.429200,1.429000,1.429100,0
20100104 012900,1.429000,1.429100,1.428900,1.429100,0
20100104 013000,1.429200,1.429500,1.429200,1.429400,0
20100104 013100,1.429500,1.429500,1.429400,1.429500,0
20100104 013200,1.429600,1.429700,1.429600,1.429700,0
20100104 013300,1.429600,1.429600,1.429300,1.429300,0
20100104 013400,1.429400,1.429400,1.429300,1.429300,0
20100104 013500,1.429200,1.429200,1.429100,1.429200,0
20100104 013600,1.429100,1.429300,1.429100,1.429300,0
20100104 013700,1.429200,1.429500,1.429200,1.429500,0
20100104 013800,1.429600,1.429600,1.429500,1.429500,0
20100104 013900,1.429400,1.429500,1.429300,1.429400,0
20100104 014000,1.429500,1.429500,1.429300,1.429300,0
20100104 014100,1.429400,1.429400,1.429200,1.429200,0
20100104 014200,1.429300,1.429400,1.429300,1.429400,0
20100104 014300,1.429300,1.429400,1.429200,1.429200,0
20100104 014400,1.429300,1.429300,1.429200,1.429200,0
20100104 014500,1.429300,1.429300,1.429100,1.429100,0
20100104 014600,1.429000,1.429000,1.428900,1.429000,0
20100104 014700,1.428900,1.428900,1.428300,1.428300,0
20100104 014800,1.428400,1.428400,1.428100,1.428200,0
20100104 014900,1.428300,1.428500,1.428300,1.428500,0
20100104 015000,1.428600,1.428800,1.428600,1.428700,0
20100104 015100,1.428600,1.428900,1.428600,1.428900,0
20100104 015200,1.429000,1.429100,1.429000,1.429100,0
20100104 015300,1.429200,1.429400,1.429100,1.429400,0
20100104 015400,1.429300,1.429300,1.429200,1.429200,0
20100104 015500,1.429300,1.429300,1.429300,1.429300,0
20100104 015600,1.429400,1.429500,1.429400,1.429500,0
20100104 015700,1.429600,1.429600,1.429400,1.429400,0
20100104 015800,1.429300,1.429400,1.429300,1.429400,0
20100104 015900,1.429500,1.429600,1.429400,1.429600,0
20100104 020000,1.429700,1.429800,1.428900,1.428900,0
20100104 020100,1.429000,1.429100,1.428800,1.428900,0
20100104 020200,1.429000,1.429000,1.428700,1.428700,0
20100104 020300,1.428600,1.428700,1.428300,1.428500,0
20100104 020400,1.428600,1.428600,1.428500,1.428600,0
20100104 020500,1.428500,1.428500,1.428300,1.428500,0
20100104 020600,1.428600,1.428800,1.428600,1.428800,0
20100104 020700,1.428900,1.428900,1.428800,1.428800,0
20100104 020800,1.428700,1.428800,1.428600,1.428800,0
20100104 020900,1.428900,1.429100,1.428900,1.429100,0
20100104 021000,1.429200,1.429200,1.429100,1.429100,0
20100104 021100,1.429000,1.429100,1.428800,1.428900,0
20100104 021200,1.428800,1.429100,1.428800,1.429100,0
20100104 021300,1.429200,1.429200,1.428800,1.428900,0
20100104 021400,1.428800,1.428800,1.428200,1.428200,0
20100104 021500,1.428100,1.428400,1.427900,1.428300,0
20100104 021600,1.428200,1.428300,1.428200,1.428300,0
20100104 021700,1.428400,1.428400,1.428200,1.428200,0
20100104 021800,1.428300,1.428300,1.427900,1.427900,0
20100104 021900,1.427800,1.427800,1.427400,1.427500,0
20100104 022000,1.427600,1.427600,1.427300,1.427600,0
20100104 022100,1.427500,1.427700,1.427400,1.427600,0
20100104 022200,1.427500,1.427600,1.427500,1.427600,0
20100104 022300,1.427700,1.427700,1.427600,1.427600,0
20100104 022400,1.427700,1.427700,1.427600,1.427700,0
20100104 022500,1.427600,1.427700,1.427600,1.427700,0
20100104 022600,1.427600,1.427900,1.427500,1.427700,0
20100104 022700,1.427800,1.427800,1.427700,1.427700,0
20100104 022800,1.427800,1.428000,1.427800,1.427900,0
20100104 022900,1.428000,1.428200,1.427800,1.428200,0
20100104 023000,1.428100,1.428400,1.427900,1.428300,0
20100104 023100,1.428400,1.428400,1.427700,1.427700,0
20100104 023200,1.427800,1.427800,1.427500,1.427500,0
20100104 023300,1.427400,1.427400,1.427300,1.427400,0
20100104 023400,1.427300,1.427300,1.426900,1.427100,0
20100104 023500,1.427200,1.427900,1.427200,1.427900,0
20100104 023600,1.427800,1.428000,1.427800,1.428000,0
20100104 023700,1.428100,1.428200,1.427900,1.428200,0
20100104 023800,1.428300,1.428400,1.428000,1.428100,0
20100104 023900,1.428200,1.428300,1.428200,1.428200,0
20100104 024000,1.428300,1.428500,1.428300,1.428500,0
20100104 024100,1.428600,1.428800,1.428600,1.428600,0
20100104 024200,1.428700,1.428900,1.428700,1.428800,0
20100104 024300,1.428700,1.428700,1.428300,1.428400,0
20100104 024400,1.428300,1.428300,1.428200,1.428300,0
20100104 024500,1.428200,1.428700,1.428200,1.428600,0
20100104 024600,1.428700,1.428700,1.428200,1.428200,0
20100104 024700,1.428300,1.428500,1.428300,1.428500,0
20100104 024800,1.428400,1.428500,1.428300,1.428400,0
20100104 024900,1.428500,1.429600,1.428400,1.429600,0
20100104 025000,1.429500,1.429600,1.429200,1.429600,0
20100104 025100,1.429800,1.430500,1.429800,1.430200,0
20100104 025200,1.430300,1.430700,1.430000,1.430000,0
20100104 025300,1.429900,1.429900,1.429500,1.429600,0
20100104 025400,1.429500,1.430000,1.429400,1.429800,0
20100104 025500,1.429900,1.430000,1.429800,1.429800,0
20100104 025600,1.429900,1.430000,1.429800,1.429800,0
20100104 025700,1.429900,1.430100,1.429800,1.430000,0
20100104 025800,1.430100,1.430600,1.430100,1.430500,0
20100104 025900,1.430400,1.430400,1.430300,1.430300,0
20100104 030000,1.430200,1.431500,1.430200,1.431400,0
20100104 030100,1.431300,1.431600,1.431300,1.431500,0
20100104 030200,1.431400,1.431700,1.431200,1.431600,0
20100104 030300,1.431500,1.432000,1.431500,1.431700,0
20100104 030400,1.431600,1.431800,1.431400,1.431500,0
20100104 030500,1.431400,1.431700,1.431400,1.431700,0
20100104 030600,1.431600,1.431700,1.431500,1.431600,0
20100104 030700,1.431700,1.431800,1.431600,1.431700,0
20100104 030800,1.431600,1.431700,1.431500,1.431500,0
20100104 030900,1.431600,1.431800,1.431400,1.431500,0
20100104 031000,1.431400,1.431800,1.431300,1.431700,0
20100104 031100,1.431600,1.432300,1.431400,1.432300,0
20100104 031200,1.432200,1.432500,1.432000,1.432200,0
20100104 031300,1.432300,1.432500,1.432200,1.432300,0
20100104 031400,1.432200,1.432200,1.432000,1.432100,0
20100104 031500,1.432000,1.432100,1.432000,1.432100,0
20100104 031600,1.432000,1.432000,1.431600,1.431700,0
20100104 031700,1.431600,1.431800,1.431500,1.431700,0
20100104 031800,1.431600,1.431700,1.431400,1.431400,0
20100104 031900,1.431300,1.431300,1.430600,1.430700,0
20100104 032000,1.430600,1.430900,1.430600,1.430700,0
20100104 032100,1.430800,1.430800,1.430700,1.430800,0
20100104 032200,1.430900,1.431100,1.430900,1.431000,0
20100104 032300,1.430900,1.431000,1.430800,1.430800,0
20100104 032400,1.430700,1.430800,1.430600,1.430800,0
20100104 032500,1.430900,1.431000,1.430300,1.430500,0
20100104 032600,1.430600,1.430800,1.430500,1.430700,0
20100104 032700,1.430600,1.430600,1.430300,1.430400,0
20100104 032800,1.430500,1.430500,1.430000,1.430000,0
20100104 032900,1.430100,1.430300,1.430000,1.430300,0
20100104 033000,1.430200,1.430400,1.430100,1.430400,0
20100104 033100,1.430500,1.431100,1.430500,1.431100,0
20100104 033200,1.431000,1.431600,1.431000,1.431500,0
20100104 033300,1.431400,1.431500,1.431300,1.431300,0
20100104 033400,1.431200,1.431300,1.431100,1.431100,0
20100104 033500,1.431200,1.431300,1.431200,1.431300,0
20100104 033600,1.431400,1.431700,1.431400,1.431700,0
20100104 033700,1.431600,1.431700,1.431500,1.431700,0
20100104 033800,1.431600,1.431800,1.431600,1.431800,0
20100104 033900,1.431900,1.432100,1.431900,1.432000,0
20100104 034000,1.431900,1.432300,1.431700,1.432200,0
20100104 034100,1.432100,1.432200,1.432100,1.432200,0
20100104 034200,1.432400,1.432700,1.432200,1.432300,0
20100104 034300,1.432400,1.432600,1.432300,1.432400,0
20100104 034400,1.432300,1.432300,1.432000,1.432000,0
20100104 034500,1.431900,1.432000,1.431600,1.431900,0
20100104 034600,1.432000,1.432000,1.431800,1.432000,0
20100104 034700,1.432100,1.432300,1.432100,1.432300,0
20100104 034800,1.432400,1.433300,1.432400,1.432900,0
20100104 034900,1.433000,1.433200,1.432800,1.432800,0
20100104 035000,1.432900,1.433200,1.432900,1.433200,0
20100104 035100,1.433100,1.433100,1.432900,1.433000,0
20100104 035200,1.433100,1.433600,1.433100,1.433600,0
20100104 035300,1.433500,1.433900,1.433500,1.433800,0
20100104 035400,1.433700,1.433800,1.433400,1.433600,0
20100104 035500,1.433500,1.433700,1.433500,1.433600,0
20100104 035600,1.433500,1.433600,1.433400,1.433400,0
20100104 035700,1.433500,1.433500,1.433400,1.433500,0
20100104 035800,1.433600,1.433700,1.433300,1.433300,0
20100104 035900,1.433200,1.433600,1.433200,1.433500,0
20100104 040000,1.433700,1.434100,1.433700,1.433800,0
20100104 040100,1.433900,1.433900,1.433600,1.433600,0
20100104 040200,1.433700,1.433800,1.433700,1.433800,0
20100104 040300,1.433900,1.434300,1.433800,1.434000,0
20100104 040400,1.433900,1.434100,1.433700,1.434100,0
20100104 040500,1.434200,1.434800,1.434100,1.434600,0
20100104 040600,1.434800,1.435200,1.434800,1.435000,0
20100104 040700,1.435100,1.435100,1.434700,1.434800,0
20100104 040800,1.434700,1.434800,1.434600,1.434700,0
20100104 040900,1.434600,1.434700,1.434500,1.434500,0
20100104 041000,1.434400,1.434500,1.434200,1.434400,0
20100104 041100,1.434300,1.434400,1.434200,1.434400,0
20100104 041200,1.434200,1.434400,1.434200,1.434300,0
20100104 041300,1.434400,1.434600,1.434400,1.434400,0
20100104 041400,1.434300,1.434400,1.434200,1.434200,0
20100104 041500,1.434300,1.434300,1.434200,1.434300,0
20100104 041600,1.434200,1.434300,1.434100,1.434100,0
20100104 041700,1.434200,1.434300,1.434000,1.434300,0
20100104 041800,1.434400,1.434600,1.434200,1.434600,0
20100104 041900,1.434500,1.434600,1.434500,1.434600,0
20100104 042000,1.434500,1.434600,1.434500,1.434500,0
20100104 042200,1.434600,1.434600,1.434500,1.434500,0
20100104 042300,1.434600,1.434900,1.434600,1.434900,0
20100104 042400,1.434800,1.434800,1.434700,1.434800,0
20100104 042500,1.434700,1.434800,1.434700,1.434800,0
20100104 042600,1.434900,1.435400,1.434900,1.435100,0
20100104 042700,1.435200,1.435200,1.434800,1.435000,0
20100104 042800,1.435100,1.435600,1.435100,1.435300,0
20100104 042900,1.435200,1.435200,1.434800,1.434900,0
20100104 043000,1.435000,1.435500,1.434900,1.435500,0
20100104 043100,1.435400,1.436300,1.435400,1.436100,0
20100104 043200,1.436000,1.436800,1.436000,1.436700,0
20100104 043300,1.436600,1.437300,1.436600,1.437100,0
20100104 043400,1.437000,1.437100,1.437000,1.437000,0
20100104 043500,1.437100,1.437500,1.437000,1.437200,0
20100104 043600,1.437100,1.438200,1.437000,1.438000,0
20100104 043700,1.437900,1.438100,1.437800,1.438000,0
20100104 043800,1.438100,1.438900,1.438100,1.438400,0
20100104 043900,1.438300,1.438400,1.437900,1.437900,0
20100104 044000,1.437800,1.438200,1.437700,1.438000,0
20100104 044100,1.438100,1.438200,1.438100,1.438100,0
20100104 044200,1.437900,1.438000,1.437700,1.437700,0
20100104 044300,1.437800,1.437800,1.437500,1.437500,0
20100104 044400,1.437400,1.437600,1.437400,1.437600,0
20100104 044500,1.437700,1.437800,1.437600,1.437600,0
20100104 044600,1.437500,1.437600,1.437500,1.437600,0
20100104 044700,1.437700,1.437800,1.437500,1.437500,0
20100104 044800,1.437600,1.437600,1.437200,1.437300,0
20100104 044900,1.437400,1.437400,1.437100,1.437200,0
20100104 045000,1.437300,1.437400,1.437200,1.437300,0
20100104 045100,1.437400,1.437400,1.437300,1.437400,0
20100104 045200,1.437300,1.437600,1.437300,1.437600,0
20100104 045300,1.437700,1.438300,1.437700,1.438100,0
20100104 045400,1.438000,1.438100,1.437900,1.438000,0
20100104 045500,1.437900,1.438100,1.437800,1.437900,0
20100104 045600,1.437800,1.438000,1.437700,1.437700,0
20100104 045700,1.437600,1.438400,1.437600,1.438400,0
20100104 045800,1.438300,1.438400,1.438100,1.438400,0
20100104 045900,1.438300,1.439600,1.438300,1.439300,0
20100104 050000,1.439400,1.439400,1.439000,1.439100,0
20100104 050100,1.439000,1.439100,1.438800,1.439100,0
20100104 050200,1.439000,1.439100,1.438600,1.438600,0
20100104 050300,1.438700,1.438800,1.438500,1.438600,0
20100104 050400,1.438500,1.438900,1.438500,1.438900,0
20100104 050500,1.439000,1.439000,1.438700,1.438900,0
20100104 050600,1.438800,1.438800,1.438600,1.438600,0
20100104 050700,1.438700,1.438700,1.438500,1.438500,0
20100104 050800,1.438600,1.438800,1.438500,1.438800,0
20100104 050900,1.438900,1.438900,1.438700,1.438700,0
20100104 051000,1.438800,1.438800,1.438700,1.438800,0
20100104 051100,1.438500,1.438600,1.438500,1.438600,0
20100104 051200,1.438500,1.439100,1.438500,1.439100,0
20100104 051300,1.439000,1.439200,1.438900,1.439000,0
20100104 051400,1.439100,1.439100,1.439000,1.439100,0
20100104 051500,1.439200,1.439600,1.439000,1.439600,0
20100104 051600,1.439700,1.439900,1.439400,1.439400,0
20100104 051700,1.439500,1.439500,1.439000,1.439200,0
20100104 051800,1.439300,1.439300,1.439100,1.439200,0
20100104 051900,1.439300,1.439300,1.439200,1.439300,0
20100104 052000,1.439400,1.439500,1.439000,1.439100,0
20100104 052100,1.439000,1.439100,1.438900,1.438900,0
20100104 052200,1.438800,1.439000,1.438700,1.439000,0
20100104 052300,1.439100,1.439100,1.438700,1.438800,0
20100104 052400,1.438700,1.438800,1.438500,1.438700,0
20100104 052500,1.438800,1.438800,1.438600,1.438600,0
20100104 052600,1.438500,1.438600,1.438500,1.438600,0
20100104 052700,1.438500,1.438600,1.438400,1.438400,0
20100104 052800,1.438300,1.438300,1.438200,1.438200,0
20100104 052900,1.438300,1.438300,1.438100,1.438200,0
20100104 053000,1.438100,1.438200,1.437600,1.437600,0
20100104 053100,1.437700,1.437800,1.437600,1.437700,0
20100104 053200,1.437600,1.437900,1.437500,1.437800,0
20100104 053300,1.437900,1.438100,1.437800,1.437800,0
20100104 053400,1.437600,1.437700,1.437600,1.437700,0
20100104 053500,1.437600,1.437600,1.437400,1.437500,0
20100104 053600,1.437600,1.437700,1.437600,1.437700,0
20100104 053700,1.437800,1.437900,1.437800,1.437900,0
20100104 053800,1.438000,1.438200,1.438000,1.438200,0
20100104 053900,1.438100,1.438500,1.438100,1.438300,0
20100104 054000,1.438400,1.438400,1.438400,1.438400,0
20100104 054100,1.438300,1.438400,1.438300,1.438300,0
20100104 054200,1.438400,1.438400,1.438300,1.438400,0
20100104 054300,1.438300,1.438600,1.438300,1.438400,0
20100104 054400,1.438500,1.438500,1.438200,1.438200,0
20100104 054500,1.438100,1.438100,1.437800,1.437900,0
20100104 054600,1.437800,1.437900,1.437600,1.437600,0
20100104 054700,1.437700,1.437800,1.437500,1.437600,0
20100104 054800,1.437500,1.437600,1.437500,1.437600,0
20100104 054900,1.437500,1.437500,1.437400,1.437400,0
20100104 055000,1.437500,1.437700,1.437400,1.437400,0
20100104 055100,1.437300,1.437500,1.437300,1.437500,0
20100104 055200,1.437600,1.437800,1.437500,1.437700,0
20100104 055300,1.437800,1.438000,1.437700,1.438000,0
20100104 055400,1.437900,1.438100,1.437700,1.437800,0
20100104 055500,1.437700,1.437800,1.437600,1.437700,0
20100104 055600,1.437800,1.438000,1.437700,1.437900,0
20100104 055700,1.438000,1.438100,1.437900,1.438000,0
20100104 055800,1.438100,1.438100,1.437900,1.437900,0
20100104 055900,1.438000,1.438100,1.437500,1.437500,0
20100104 060000,1.437400,1.438000,1.437400,1.437700,0
20100104 060100,1.437600,1.437700,1.437600,1.437700,0
20100104 060200,1.437600,1.437700,1.437600,1.437700,0
20100104 060300,1.437800,1.437900,1.437800,1.437900,0
20100104 060400,1.438000,1.438000,1.438000,1.438000,0
20100104 060500,1.438100,1.438600,1.438000,1.438600,0
20100104 060600,1.438500,1.438600,1.438400,1.438500,0
20100104 060700,1.438400,1.439300,1.438400,1.439300,0
20100104 060800,1.439200,1.439400,1.439000,1.439100,0
20100104 060900,1.439200,1.439200,1.438800,1.438800,0
20100104 061000,1.438700,1.438800,1.438600,1.438700,0
20100104 061100,1.438800,1.439300,1.438800,1.439200,0
20100104 061200,1.439100,1.439400,1.439100,1.439400,0
20100104 061300,1.439500,1.440300,1.439500,1.440200,0
20100104 061400,1.440100,1.440100,1.439700,1.439700,0
20100104 061500,1.439800,1.439800,1.439600,1.439600,0
20100104 061600,1.439700,1.439900,1.439700,1.439900,0
20100104 061700,1.439800,1.440000,1.439700,1.439900,0
20100104 061800,1.439800,1.439800,1.439700,1.439700,0
20100104 061900,1.439600,1.439700,1.439500,1.439500,0
20100104 062000,1.439600,1.439700,1.439600,1.439700,0
20100104 062100,1.439800,1.439800,1.439700,1.439800,0
20100104 062200,1.439900,1.441500,1.439900,1.441100,0
20100104 062300,1.441200,1.441700,1.441000,1.441000,0
20100104 062400,1.440900,1.440900,1.440700,1.440700,0
20100104 062500,1.440800,1.441000,1.440700,1.440800,0
20100104 062600,1.440900,1.440900,1.440200,1.440300,0
20100104 062700,1.440400,1.440400,1.440100,1.440200,0
20100104 062800,1.440300,1.440400,1.440200,1.440300,0
20100104 062900,1.440200,1.440400,1.440100,1.440400,0
20100104 063000,1.440300,1.440300,1.440000,1.440000,0
20100104 063100,1.439900,1.440200,1.439900,1.440100,0
20100104 063200,1.440200,1.440200,1.440100,1.440100,0
20100104 063300,1.440000,1.440000,1.439600,1.439600,0
20100104 063400,1.439500,1.440100,1.439300,1.439800,0
20100104 063500,1.439900,1.440600,1.439900,1.440200,0
20100104 063600,1.440300,1.440400,1.440300,1.440300,0
20100104 063700,1.440200,1.440400,1.440200,1.440300,0
20100104 063800,1.440200,1.440300,1.440200,1.440200,0
20100104 063900,1.440300,1.440300,1.440100,1.440300,0
20100104 064000,1.440200,1.440400,1.440200,1.440300,0
20100104 064100,1.440200,1.440300,1.440100,1.440100,0
20100104 064200,1.440200,1.440300,1.439900,1.440000,0
20100104 064300,1.439900,1.439900,1.439600,1.439600,0
20100104 064400,1.439700,1.439800,1.439700,1.439800,0
20100104 064500,1.439700,1.439800,1.439600,1.439600,0
20100104 064600,1.439700,1.439700,1.439500,1.439600,0
20100104 064700,1.439700,1.440000,1.439700,1.440000,0
20100104 064800,1.440100,1.440300,1.440000,1.440100,0
20100104 064900,1.440000,1.440000,1.439500,1.439500,0
20100104 065000,1.439600,1.439800,1.439600,1.439800,0
20100104 065100,1.439700,1.439800,1.439500,1.439500,0
20100104 065200,1.439600,1.439600,1.439100,1.439300,0
20100104 065300,1.439400,1.439500,1.439400,1.439500,0
20100104 065400,1.439400,1.439700,1.439400,1.439700,0
20100104 065500,1.439600,1.439600,1.439400,1.439400,0
20100104 065600,1.439500,1.439700,1.439400,1.439400,0
20100104 065700,1.439500,1.439500,1.439300,1.439300,0
20100104 065800,1.439400,1.439700,1.439300,1.439600,0
20100104 065900,1.439800,1.439900,1.438900,1.438900,0
20100104 070000,1.439000,1.439500,1.439000,1.439300,0
20100104 070100,1.439200,1.439200,1.438900,1.439000,0
20100104 070200,1.438900,1.439100,1.438900,1.438900,0
20100104 070300,1.438800,1.438800,1.438700,1.438700,0
20100104 070400,1.438600,1.439100,1.438600,1.439100,0
20100104 070500,1.439200,1.439500,1.439200,1.439400,0
20100104 070600,1.439300,1.439300,1.439100,1.439200,0
20100104 070700,1.439100,1.439300,1.439100,1.439300,0
20100104 070800,1.439200,1.439700,1.439200,1.439500,0
20100104 070900,1.439400,1.439800,1.439300,1.439800,0
20100104 071000,1.439700,1.439800,1.439500,1.439700,0
20100104 071100,1.439800,1.439900,1.439800,1.439900,0
20100104 071200,1.440000,1.440300,1.440000,1.440100,0
20100104 071300,1.440200,1.440300,1.440100,1.440200,0
20100104 071400,1.440100,1.440200,1.440100,1.440200,0
20100104 071500,1.440100,1.440300,1.440000,1.440200,0
20100104 071600,1.440100,1.440100,1.440100,1.440100,0
20100104 071700,1.440200,1.440200,1.439700,1.439800,0
20100104 071800,1.439700,1.439900,1.439500,1.439900,0
20100104 071900,1.439800,1.440100,1.439800,1.440100,0
20100104 072000,1.440000,1.440200,1.440000,1.440100,0
20100104 072100,1.440000,1.440100,1.439900,1.440100,0
20100104 072200,1.440000,1.440200,1.440000,1.440000,0
20100104 072300,1.440100,1.440400,1.440000,1.440300,0
20100104 072400,1.440400,1.440400,1.440200,1.440200,0
20100104 072500,1.440100,1.440400,1.440100,1.440400,0
20100104 072600,1.440300,1.440400,1.440200,1.440200,0
20100104 072700,1.440300,1.440400,1.440200,1.440400,0
20100104 072900,1.440300,1.440400,1.440100,1.440200,0
20100104 073000,1.440300,1.440300,1.439900,1.440000,0
20100104 073100,1.439900,1.440000,1.439800,1.439900,0
20100104 073200,1.439800,1.439900,1.439600,1.439900,0
20100104 073300,1.439800,1.439800,1.439600,1.439700,0
20100104 073400,1.439600,1.439700,1.439500,1.439600,0
20100104 073500,1.439700,1.439800,1.439300,1.439400,0
20100104 073600,1.439300,1.439400,1.439100,1.439100,0
20100104 073700,1.439200,1.439300,1.439100,1.439200,0
20100104 073800,1.439300,1.439300,1.439100,1.439300,0
20100104 073900,1.439200,1.439400,1.439200,1.439400,0
20100104 074000,1.439500,1.439600,1.439500,1.439600,0
20100104 074100,1.439700,1.440000,1.439700,1.440000,0
20100104 074200,1.440100,1.440200,1.439900,1.440100,0
20100104 074300,1.440000,1.440000,1.439600,1.439700,0
20100104 074400,1.439800,1.439800,1.439800,1.439800,0
20100104 074500,1.439700,1.439800,1.439700,1.439800,0
20100104 074600,1.439900,1.440000,1.439900,1.439900,0
20100104 074700,1.439800,1.439800,1.439800,1.439800,0
20100104 074800,1.439700,1.439700,1.439700,1.439700,0
20100104 074900,1.439800,1.439900,1.439700,1.439700,0
20100104 075000,1.439800,1.439800,1.439600,1.439600,0
20100104 075100,1.439500,1.439700,1.439500,1.439600,0
20100104 075200,1.439500,1.439500,1.439200,1.439500,0
20100104 075300,1.439400,1.439400,1.439300,1.439300,0
20100104 075400,1.439400,1.439900,1.439400,1.439700,0
20100104 075500,1.439600,1.439700,1.439600,1.439600,0
20100104 075600,1.439700,1.440000,1.439700,1.439800,0
20100104 075700,1.439600,1.439800,1.439500,1.439800,0
20100104 075800,1.439900,1.439900,1.439700,1.439700,0
20100104 075900,1.439800,1.439800,1.439600,1.439700,0
20100104 080000,1.439800,1.439800,1.439600,1.439600,0
20100104 080100,1.439700,1.439700,1.439400,1.439400,0
20100104 080200,1.439300,1.439400,1.439200,1.439300,0
20100104 080300,1.439200,1.439600,1.439200,1.439400,0
20100104 080400,1.439300,1.439400,1.439300,1.439400,0
20100104 080500,1.439500,1.439500,1.439300,1.439300,0
20100104 080600,1.439200,1.439200,1.439100,1.439100,0
20100104 080700,1.439200,1.439200,1.439200,1.439200,0
20100104 080800,1.439300,1.439400,1.439200,1.439300,0
20100104 080900,1.439200,1.439300,1.439100,1.439300,0
20100104 081000,1.439400,1.439400,1.439200,1.439300,0
20100104 081100,1.439400,1.439400,1.439400,1.439400,0
20100104 081200,1.439500,1.439500,1.439300,1.439400,0
20100104 081300,1.439300,1.439300,1.438900,1.438900,0
20100104 081400,1.439000,1.439000,1.438700,1.438900,0
20100104 081500,1.438800,1.439600,1.438800,1.439400,0
20100104 081600,1.439500,1.439900,1.439400,1.439900,0
20100104 081700,1.439800,1.439900,1.439600,1.439600,0
20100104 081800,1.439500,1.439600,1.439400,1.439400,0
20100104 081900,1.439300,1.439500,1.439300,1.439400,0
20100104 082000,1.439500,1.439700,1.439500,1.439700,0
20100104 082100,1.439800,1.439900,1.439800,1.439800,0
20100104 082200,1.439900,1.440300,1.439900,1.440000,0
20100104 082300,1.439900,1.440000,1.439800,1.440000,0
20100104 082400,1.439900,1.439900,1.439900,1.439900,0
20100104 082500,1.439800,1.439900,1.439800,1.439800,0
20100104 082600,1.439900,1.439900,1.439600,1.439800,0
20100104 082700,1.439700,1.439900,1.439700,1.439700,0
20100104 082800,1.439800,1.439800,1.439800,1.439800,0
20100104 082900,1.439700,1.439800,1.439600,1.439700,0
20100104 083000,1.439600,1.439700,1.439600,1.439700,0
20100104 083100,1.439800,1.439800,1.439700,1.439700,0
20100104 083200,1.439800,1.439900,1.439600,1.439600,0
20100104 083300,1.439500,1.439700,1.439400,1.439700,0
20100104 083400,1.439600,1.439600,1.439300,1.439500,0
20100104 083500,1.439400,1.439500,1.439400,1.439400,0
20100104 083600,1.439500,1.439800,1.439500,1.439800,0
20100104 083700,1.439700,1.440500,1.439700,1.440300,0
20100104 083800,1.440400,1.440400,1.439900,1.440200,0
20100104 083900,1.440300,1.440600,1.440300,1.440400,0
20100104 084000,1.440500,1.440700,1.440400,1.440400,0
20100104 084100,1.440500,1.441100,1.440400,1.441000,0
20100104 084200,1.441100,1.441500,1.441100,1.441100,0
20100104 084300,1.441200,1.441300,1.441000,1.441300,0
20100104 084400,1.441400,1.442400,1.441400,1.442100,0
20100104 084500,1.442000,1.442400,1.441800,1.442200,0
20100104 084600,1.442300,1.443100,1.442300,1.442900,0
20100104 084700,1.442800,1.443000,1.442500,1.442900,0
20100104 084800,1.443000,1.443300,1.442900,1.442900,0
20100104 084900,1.442800,1.442800,1.442400,1.442400,0
20100104 085000,1.442500,1.442600,1.442300,1.442500,0
20100104 085100,1.442400,1.442500,1.442100,1.442200,0
20100104 085200,1.442300,1.442600,1.442300,1.442600,0
20100104 085300,1.442700,1.442700,1.442100,1.442300,0
20100104 085400,1.442400,1.442400,1.442100,1.442200,0
20100104 085500,1.442100,1.442400,1.441700,1.441700,0
20100104 085600,1.441800,1.441800,1.441500,1.441600,0
20100104 085700,1.441700,1.442000,1.441500,1.441900,0
20100104 085800,1.442000,1.442000,1.441800,1.442000,0
20100104 085900,1.442100,1.442200,1.442000,1.442200,0
20100104 090000,1.442300,1.443100,1.442300,1.443000,0
20100104 090100,1.443100,1.443100,1.442700,1.442800,0
20100104 090200,1.442700,1.442800,1.442500,1.442700,0
20100104 090300,1.442800,1.443400,1.442800,1.443100,0
20100104 090400,1.443000,1.443900,1.443000,1.443900,0
20100104 090500,1.443800,1.443900,1.443400,1.443400,0
20100104 090600,1.443300,1.443900,1.443300,1.443900,0
20100104 090700,1.444100,1.444500,1.443700,1.444000,0
20100104 090800,1.444100,1.444100,1.443200,1.443400,0
20100104 090900,1.443500,1.443600,1.443100,1.443300,0
20100104 091000,1.443200,1.443700,1.443200,1.443600,0
20100104 091100,1.443500,1.443600,1.443400,1.443400,0
20100104 091200,1.443500,1.443800,1.443300,1.443400,0
20100104 091300,1.443500,1.443600,1.443200,1.443400,0
20100104 091400,1.443500,1.444000,1.443500,1.443700,0
20100104 091500,1.443600,1.443800,1.443600,1.443700,0
20100104 091600,1.443600,1.443700,1.443500,1.443700,0
20100104 091700,1.443800,1.443800,1.443500,1.443600,0
20100104 091800,1.443500,1.443600,1.443300,1.443400,0
20100104 091900,1.443500,1.443600,1.443400,1.443500,0
20100104 092000,1.443600,1.443900,1.443600,1.443600,0
20100104 092100,1.443800,1.445000,1.443800,1.444700,0
20100104 092200,1.444600,1.444700,1.444100,1.444100,0
20100104 092300,1.444000,1.444300,1.443900,1.444000,0
20100104 092400,1.443900,1.444100,1.443900,1.444000,0
20100104 092500,1.443900,1.444000,1.443900,1.443900,0
20100104 092600,1.444000,1.444000,1.443800,1.443900,0
20100104 092700,1.444000,1.444100,1.443900,1.444000,0
20100104 092800,1.444100,1.444200,1.443900,1.443900,0
20100104 092900,1.444000,1.444000,1.443800,1.443800,0
20100104 093000,1.443700,1.444000,1.443700,1.443900,0
20100104 093100,1.444000,1.444100,1.443900,1.444000,0
20100104 093200,1.444100,1.444100,1.443900,1.444100,0
20100104 093300,1.444000,1.444100,1.444000,1.444000,0
20100104 093400,1.443900,1.443900,1.443600,1.443600,0
20100104 093500,1.443500,1.443600,1.443400,1.443600,0
20100104 093600,1.443700,1.443700,1.443400,1.443500,0
20100104 093700,1.443400,1.443500,1.443300,1.443300,0
20100104 093800,1.443200,1.443400,1.442800,1.442900,0
20100104 093900,1.443000,1.443100,1.442700,1.442800,0
20100104 094000,1.442900,1.443200,1.442800,1.443100,0
20100104 094100,1.443000,1.443100,1.442800,1.442900,0
20100104 094200,1.443000,1.443100,1.442900,1.442900,0
20100104 094300,1.443000,1.443000,1.442600,1.442700,0
20100104 094400,1.442600,1.442800,1.442300,1.442600,0
20100104 094500,1.442700,1.442800,1.442500,1.442700,0
20100104 094600,1.442600,1.442800,1.442600,1.442700,0
20100104 094700,1.442600,1.442600,1.441900,1.442100,0
20100104 094800,1.442200,1.442400,1.442200,1.442400,0
20100104 094900,1.442500,1.442600,1.442400,1.442400,0
20100104 095000,1.442500,1.442700,1.442500,1.442700,0
20100104 095100,1.442800,1.443200,1.442700,1.442800,0
20100104 095200,1.442900,1.443000,1.442700,1.442800,0
20100104 095300,1.442900,1.443000,1.442300,1.442400,0
20100104 095400,1.442300,1.442400,1.442000,1.442400,0
20100104 095500,1.442300,1.442700,1.442200,1.442600,0
20100104 095600,1.442700,1.443000,1.442500,1.442900,0
20100104 095700,1.443000,1.443100,1.442900,1.443100,0
20100104 095800,1.442900,1.443100,1.442900,1.443100,0
20100104 095900,1.443000,1.443000,1.442300,1.442300,0
20100104 100000,1.442500,1.443100,1.441600,1.441600,0
20100104 100100,1.441500,1.442400,1.441400,1.442300,0
20100104 100200,1.442400,1.442500,1.441900,1.442300,0
20100104 100300,1.442500,1.442800,1.442400,1.442700,0
20100104 100400,1.442600,1.442700,1.442300,1.442500,0
20100104 100500,1.442400,1.442500,1.441800,1.442000,0
20100104 100600,1.441900,1.442200,1.441900,1.442200,0
20100104 100700,1.442300,1.442300,1.442000,1.442300,0
20100104 100800,1.442400,1.443200,1.442400,1.443200,0
20100104 100900,1.443300,1.443700,1.443200,1.443500,0
20100104 101000,1.443400,1.443500,1.443200,1.443200,0
20100104 101100,1.443300,1.443600,1.443100,1.443200,0
20100104 101200,1.443100,1.443100,1.442900,1.442900,0
20100104 101300,1.442800,1.443000,1.442800,1.442800,0
20100104 101400,1.442700,1.442800,1.442300,1.442300,0
20100104 101500,1.442200,1.442600,1.441900,1.441900,0
20100104 101600,1.442000,1.442300,1.442000,1.442300,0
20100104 101700,1.442200,1.442200,1.440800,1.440800,0
20100104 101800,1.440900,1.441300,1.440800,1.440900,0
20100104 101900,1.441000,1.441000,1.440500,1.440700,0
20100104 102000,1.440600,1.441500,1.440600,1.441300,0
20100104 102100,1.441400,1.441400,1.440300,1.440300,0
20100104 102200,1.440400,1.440900,1.440400,1.440600,0
20100104 102300,1.440400,1.440800,1.440300,1.440700,0
20100104 102400,1.440600,1.441400,1.440400,1.441400,0
20100104 102500,1.441300,1.441800,1.441300,1.441600,0
20100104 102600,1.441500,1.441800,1.441400,1.441700,0
20100104 102700,1.441800,1.441800,1.441700,1.441800,0
20100104 102800,1.441700,1.442100,1.441600,1.442100,0
20100104 102900,1.442000,1.442100,1.441900,1.441900,0
20100104 103000,1.442000,1.442000,1.441800,1.441800,0
20100104 103100,1.441900,1.442000,1.441700,1.441700,0
20100104 103200,1.441600,1.441700,1.441400,1.441400,0
20100104 103300,1.441500,1.441500,1.441100,1.441200,0
20100104 103400,1.441300,1.441500,1.441200,1.441500,0
20100104 103500,1.441600,1.442100,1.441600,1.441800,0
20100104 103600,1.441700,1.441900,1.441600,1.441900,0
20100104 103700,1.441800,1.442000,1.441800,1.441900,0
20100104 103800,1.442000,1.442400,1.442000,1.442400,0
20100104 103900,1.442300,1.442500,1.442200,1.442400,0
20100104 104000,1.442300,1.442500,1.442300,1.442400,0
20100104 104100,1.442500,1.442600,1.442500,1.442600,0
20100104 104200,1.442500,1.442800,1.442500,1.442800,0
20100104 104300,1.442700,1.443900,1.442600,1.443900,0
20100104 104400,1.443800,1.444600,1.443600,1.444500,0
20100104 104500,1.444600,1.444900,1.444300,1.444600,0
20100104 104600,1.444700,1.444700,1.444300,1.444300,0
20100104 104700,1.444200,1.444300,1.443800,1.443900,0
20100104 104800,1.444000,1.444100,1.443900,1.443900,0
20100104 104900,1.444000,1.444200,1.444000,1.444000,0
20100104 105000,1.444100,1.444100,1.443700,1.443900,0
20100104 105100,1.444000,1.444400,1.443900,1.444400,0
20100104 105200,1.444500,1.444800,1.444400,1.444800,0
20100104 105300,1.444900,1.445600,1.444900,1.445100,0
20100104 105400,1.445000,1.445100,1.444400,1.444500,0
20100104 105500,1.444400,1.444600,1.444100,1.444100,0
20100104 105600,1.444200,1.444300,1.444000,1.444000,0
20100104 105700,1.443900,1.444100,1.443700,1.443700,0
20100104 105800,1.443800,1.444000,1.443700,1.443700,0
20100104 105900,1.443800,1.444100,1.443700,1.444000,0
20100104 110000,1.443900,1.443900,1.443600,1.443600,0
20100104 110100,1.443700,1.443700,1.443600,1.443700,0
20100104 110200,1.443800,1.443800,1.443600,1.443800,0
20100104 110300,1.443900,1.444000,1.443800,1.444000,0
20100104 110400,1.443900,1.443900,1.443700,1.443800,0
20100104 110500,1.443900,1.444100,1.443700,1.443700,0
20100104 110600,1.443600,1.443600,1.443300,1.443300,0
20100104 110700,1.443400,1.443500,1.443300,1.443400,0
20100104 110800,1.443300,1.443400,1.442900,1.442900,0
20100104 110900,1.443000,1.443500,1.443000,1.443500,0
20100104 111000,1.443400,1.443400,1.443300,1.443300,0
20100104 111100,1.443200,1.443400,1.443200,1.443400,0
20100104 111200,1.443300,1.443400,1.443300,1.443300,0
20100104 111300,1.443200,1.443200,1.442700,1.442800,0
20100104 111400,1.442700,1.442900,1.442600,1.442700,0
20100104 111500,1.442800,1.442800,1.442400,1.442500,0
20100104 111600,1.442600,1.442700,1.442400,1.442600,0
20100104 111700,1.442500,1.442700,1.442500,1.442600,0
20100104 111800,1.442700,1.442800,1.442600,1.442800,0
20100104 111900,1.442900,1.442900,1.442600,1.442700,0
20100104 112000,1.442600,1.442600,1.442300,1.442300,0
20100104 112100,1.442200,1.442500,1.442100,1.442300,0
20100104 112200,1.442400,1.442400,1.442100,1.442200,0
20100104 112300,1.442100,1.442200,1.442100,1.442100,0
20100104 112400,1.442200,1.442400,1.442200,1.442300,0
20100104 112500,1.442400,1.442400,1.442200,1.442200,0
20100104 112600,1.442100,1.442200,1.442000,1.442000,0
20100104 112700,1.442100,1.442700,1.442100,1.442400,0
20100104 112800,1.442500,1.442500,1.442200,1.442400,0
20100104 112900,1.442500,1.442800,1.442400,1.442800,0
20100104 113000,1.442900,1.443200,1.442900,1.442900,0
20100104 113100,1.442800,1.443100,1.442800,1.443100,0
20100104 113200,1.443000,1.443100,1.442900,1.443000,0
20100104 113300,1.442900,1.443000,1.442500,1.442600,0
20100104 113400,1.442500,1.442700,1.442500,1.442700,0
20100104 113500,1.442800,1.442900,1.442600,1.442700,0
20100104 113600,1.442800,1.443100,1.442600,1.443100,0
20100104 113700,1.443000,1.443300,1.443000,1.443200,0
20100104 113800,1.443100,1.443100,1.442700,1.442700,0
20100104 113900,1.442600,1.442800,1.442500,1.442700,0
20100104 114000,1.442600,1.443300,1.442600,1.443200,0
20100104 114100,1.443300,1.443300,1.443100,1.443200,0
20100104 114200,1.443100,1.443200,1.443100,1.443200,0
20100104 114300,1.443100,1.443200,1.442900,1.443000,0
20100104 114400,1.442900,1.443000,1.442800,1.442900,0
20100104 114500,1.442800,1.443200,1.442800,1.443200,0
20100104 114600,1.443100,1.443200,1.442900,1.443000,0
20100104 114700,1.443100,1.443100,1.442700,1.442700,0
20100104 114800,1.442600,1.442600,1.442200,1.442200,0
20100104 114900,1.442300,1.442300,1.442100,1.442100,0
20100104 115000,1.442000,1.442400,1.442000,1.442400,0
20100104 115100,1.442500,1.442500,1.442200,1.442400,0
20100104 115200,1.442200,1.442400,1.442200,1.442300,0
20100104 115300,1.442400,1.442400,1.442200,1.442200,0
20100104 115400,1.442100,1.442200,1.442000,1.442000,0
20100104 115500,1.441900,1.442100,1.441900,1.442100,0
20100104 115600,1.442200,1.442200,1.442100,1.442100,0
20100104 115700,1.442000,1.442100,1.442000,1.442000,0
20100104 115800,1.441900,1.442000,1.441800,1.441800,0
20100104 115900,1.441900,1.441900,1.441700,1.441800,0
20100104 120000,1.441900,1.441900,1.441800,1.441900,0
20100104 120100,1.441800,1.442000,1.441800,1.441900,0
20100104 120200,1.442000,1.442000,1.441600,1.441700,0
20100104 120300,1.441600,1.441700,1.441600,1.441700,0
20100104 120400,1.441800,1.442100,1.441800,1.442000,0
20100104 120500,1.442100,1.442100,1.441800,1.442000,0
20100104 120600,1.441900,1.442200,1.441900,1.442100,0
20100104 120700,1.442000,1.442100,1.442000,1.442000,0
20100104 120800,1.441900,1.441900,1.441800,1.441900,0
20100104 120900,1.442000,1.442000,1.441700,1.441800,0
20100104 121000,1.441900,1.441900,1.441800,1.441900,0
20100104 121100,1.441700,1.441700,1.441300,1.441400,0
20100104 121200,1.441500,1.441600,1.441500,1.441600,0
20100104 121300,1.441700,1.441700,1.441500,1.441600,0
20100104 121400,1.441500,1.441600,1.441500,1.441600,0
20100104 121500,1.441500,1.441800,1.441500,1.441700,0
20100104 121600,1.441600,1.441700,1.441500,1.441600,0
20100104 121700,1.441700,1.441800,1.441600,1.441600,0
20100104 121800,1.441500,1.441700,1.441500,1.441700,0
20100104 121900,1.441800,1.441800,1.441700,1.441800,0
20100104 122000,1.441900,1.442000,1.441600,1.441700,0
20100104 122100,1.441800,1.442000,1.441700,1.441900,0
20100104 122200,1.442100,1.442100,1.441800,1.441800,0
20100104 122300,1.441900,1.441900,1.441700,1.441700,0
20100104 122400,1.441600,1.441600,1.441600,1.441600,0
20100104 122500,1.441700,1.441800,1.441600,1.441800,0
20100104 122600,1.441900,1.441900,1.441800,1.441800,0
20100104 122700,1.441900,1.442000,1.441900,1.441900,0
20100104 122800,1.441800,1.441900,1.441700,1.441800,0
20100104 122900,1.441700,1.441800,1.441600,1.441600,0
20100104 123000,1.441500,1.441800,1.441300,1.441600,0
20100104 123100,1.441700,1.441800,1.441700,1.441800,0
20100104 123200,1.441700,1.441700,1.441700,1.441700,0
20100104 123300,1.441800,1.441800,1.441700,1.441800,0
20100104 123400,1.441700,1.441800,1.441700,1.441800,0
20100104 123500,1.441700,1.441800,1.441700,1.441800,0
20100104 123600,1.441900,1.441900,1.441800,1.441800,0
20100104 123700,1.441900,1.442000,1.441800,1.441800,0
20100104 123800,1.441900,1.442000,1.441900,1.441900,0
20100104 123900,1.442000,1.442000,1.441800,1.441800,0
20100104 124000,1.441900,1.441900,1.441700,1.441700,0
20100104 124200,1.441600,1.441700,1.441600,1.441600,0
20100104 124300,1.441700,1.441800,1.441700,1.441800,0
20100104 124400,1.441900,1.441900,1.441700,1.441700,0
20100104 124500,1.441600,1.441900,1.441600,1.441800,0
20100104 124700,1.441700,1.441800,1.441700,1.441700,0
20100104 124800,1.441800,1.441800,1.441800,1.441800,0
20100104 124900,1.441700,1.441800,1.441600,1.441700,0
20100104 125000,1.441600,1.441700,1.441600,1.441700,0
20100104 125100,1.441800,1.441800,1.441700,1.441800,0
20100104 125300,1.441700,1.441700,1.441700,1.441700,0
20100104 125500,1.441600,1.441600,1.441600,1.441600,0
20100104 125600,1.441500,1.441500,1.441500,1.441500,0
20100104 125700,1.441400,1.441500,1.441400,1.441400,0
20100104 125800,1.441300,1.441400,1.441300,1.441400,0
20100104 125900,1.441300,1.441700,1.441200,1.441500,0
20100104 130000,1.441400,1.441500,1.441300,1.441400,0
20100104 130100,1.441500,1.441500,1.441400,1.441500,0
20100104 130300,1.441600,1.441700,1.441500,1.441600,0
20100104 130400,1.441500,1.441600,1.441500,1.441600,0
20100104 130500,1.441700,1.441700,1.441600,1.441600,0
20100104 130600,1.441700,1.441700,1.441600,1.441700,0
20100104 130700,1.441600,1.441600,1.441600,1.441600,0
20100104 130800,1.441500,1.441500,1.441400,1.441400,0
20100104 130900,1.441500,1.441500,1.441500,1.441500,0
20100104 131000,1.441700,1.441700,1.441500,1.441600,0
20100104 131100,1.441700,1.441700,1.441400,1.441400,0
20100104 131200,1.441500,1.441900,1.441500,1.441700,0
20100104 131300,1.441800,1.441800,1.441800,1.441800,0
20100104 131400,1.441700,1.441700,1.441700,1.441700,0
20100104 131500,1.441800,1.441800,1.441800,1.441800,0
20100104 131600,1.441900,1.442000,1.441800,1.441900,0
20100104 131700,1.442000,1.442300,1.442000,1.442000,0
20100104 131800,1.442100,1.442200,1.442000,1.442000,0
20100104 131900,1.441900,1.441900,1.441900,1.441900,0
20100104 132000,1.442000,1.442000,1.441800,1.441800,0
20100104 132100,1.441900,1.442000,1.441800,1.441900,0
20100104 132200,1.442100,1.442200,1.442000,1.442000,0
20100104 132300,1.441900,1.441900,1.441800,1.441800,0
20100104 132400,1.441900,1.442000,1.441900,1.441900,0
20100104 132500,1.442000,1.442000,1.442000,1.442000,0
20100104 132600,1.442100,1.442100,1.441900,1.441900,0
20100104 132700,1.441800,1.441900,1.441800,1.441900,0
20100104 132900,1.442000,1.442200,1.441900,1.442200,0
20100104 133000,1.442100,1.442500,1.442100,1.442400,0
20100104 133100,1.442500,1.442500,1.442400,1.442400,0
20100104 133200,1.442300,1.442400,1.442200,1.442400,0
20100104 133500,1.442300,1.442400,1.442200,1.442400,0
20100104 133600,1.442300,1.442600,1.442300,1.442600,0
20100104 133700,1.442500,1.442700,1.442500,1.442700,0
20100104 133800,1.442600,1.442700,1.442600,1.442700,0
20100104 133900,1.442600,1.442700,1.442600,1.442700,0
20100104 134000,1.442800,1.442800,1.442800,1.442800,0
20100104 134100,1.442700,1.442800,1.442700,1.442800,0
20100104 134200,1.442700,1.442700,1.442600,1.442600,0
20100104 134300,1.442500,1.442600,1.442300,1.442300,0
20100104 134400,1.442200,1.442300,1.442200,1.442300,0
20100104 134800,1.442200,1.442200,1.442100,1.442100,0
20100104 134900,1.442200,1.442200,1.442100,1.442100,0
20100104 135000,1.442200,1.442200,1.442100,1.442200,0
20100104 135100,1.442100,1.442100,1.441800,1.441800,0
20100104 135200,1.441900,1.441900,1.441600,1.441600,0
20100104 135300,1.441500,1.441600,1.441300,1.441400,0
20100104 135400,1.441300,1.441500,1.441300,1.441400,0
20100104 135500,1.441500,1.441600,1.441500,1.441500,0
20100104 135600,1.441400,1.441400,1.441300,1.441400,0
20100104 135700,1.441300,1.441300,1.441300,1.441300,0
20100104 135800,1.441200,1.441200,1.441000,1.441100,0
20100104 135900,1.441200,1.441300,1.441200,1.441200,0
20100104 140000,1.441300,1.441400,1.441300,1.441400,0
20100104 140100,1.441500,1.441500,1.441400,1.441400,0
20100104 140200,1.441500,1.441700,1.441500,1.441600,0
20100104 140300,1.441500,1.441700,1.441500,1.441700,0
20100104 140400,1.441600,1.441700,1.441600,1.441700,0
20100104 140500,1.441800,1.442000,1.441800,1.442000,0
20100104 140700,1.441900,1.442000,1.441800,1.441800,0
20100104 141000,1.441900,1.441900,1.441900,1.441900,0
20100104 141100,1.442000,1.442000,1.442000,1.442000,0
20100104 141200,1.442100,1.442300,1.442100,1.442300,0
20100104 141300,1.442400,1.442400,1.442200,1.442200,0
20100104 141400,1.442100,1.442300,1.442100,1.442200,0
20100104 141500,1.442100,1.442200,1.442100,1.442200,0
20100104 141600,1.442300,1.442500,1.442300,1.442400,0
20100104 141700,1.442500,1.442500,1.442400,1.442500,0
20100104 141800,1.442400,1.442500,1.442400,1.442500,0
20100104 141900,1.442600,1.442700,1.442500,1.442500,0
20100104 142100,1.442600,1.442700,1.442500,1.442700,0
20100104 142200,1.442600,1.442600,1.442600,1.442600,0
20100104 142400,1.442500,1.442500,1.442400,1.442400,0
20100104 142500,1.442300,1.442400,1.442300,1.442300,0
20100104 142600,1.442200,1.442400,1.442200,1.442400,0
20100104 142700,1.442300,1.442300,1.442300,1.442300,0
20100104 142800,1.442400,1.442400,1.442400,1.442400,0
20100104 142900,1.442600,1.442600,1.442500,1.442600,0
20100104 143200,1.442700,1.442700,1.442500,1.442500,0
20100104 143300,1.442400,1.442500,1.442400,1.442500,0
20100104 143400,1.442400,1.442500,1.442400,1.442500,0
20100104 143500,1.442400,1.442500,1.442400,1.442500,0
20100104 143700,1.442400,1.442400,1.442400,1.442400,0
20100104 143800,1.442300,1.442400,1.442300,1.442300,0
20100104 143900,1.442200,1.442300,1.442200,1.442300,0
20100104 144000,1.442200,1.442400,1.442200,1.442300,0
20100104 144100,1.442400,1.442400,1.442300,1.442300,0
20100104 144200,1.442200,1.442200,1.442100,1.442200,0
20100104 144300,1.442100,1.442100,1.441900,1.442000,0
20100104 144400,1.442100,1.442100,1.442000,1.442100,0
20100104 144500,1.442200,1.442200,1.442200,1.442200,0
20100104 144600,1.442300,1.442400,1.442300,1.442300,0
20100104 144700,1.442200,1.442200,1.442200,1.442200,0
20100104 144900,1.442100,1.442200,1.442100,1.442100,0
20100104 145000,1.442200,1.442200,1.441700,1.441700,0
20100104 145100,1.441600,1.441800,1.441600,1.441600,0
20100104 145200,1.441700,1.441800,1.441600,1.441700,0
20100104 145300,1.441600,1.441900,1.441600,1.441700,0
20100104 145400,1.441800,1.441900,1.441600,1.441600,0
20100104 145500,1.441700,1.441700,1.441500,1.441500,0
20100104 145600,1.441400,1.441500,1.441300,1.441300,0
20100104 145700,1.441400,1.441400,1.441200,1.441300,0
20100104 145800,1.441400,1.441400,1.441200,1.441300,0
20100104 145900,1.441200,1.441200,1.441100,1.441100,0
20100104 150000,1.441200,1.441200,1.440900,1.441100,0
20100104 150100,1.441000,1.441100,1.441000,1.441100,0
20100104 150200,1.441200,1.441200,1.441100,1.441100,0
20100104 150300,1.441000,1.441100,1.440900,1.440900,0
20100104 150400,1.441000,1.441000,1.440800,1.441000,0
20100104 150500,1.440900,1.441000,1.440900,1.440900,0
20100104 150700,1.441000,1.441000,1.441000,1.441000,0
20100104 150800,1.440900,1.441100,1.440900,1.441100,0
20100104 151000,1.441200,1.441500,1.441200,1.441400,0
20100104 151100,1.441500,1.441500,1.441400,1.441500,0
20100104 151200,1.441400,1.441700,1.441400,1.441700,0
20100104 151300,1.441800,1.441800,1.441800,1.441800,0
20100104 151400,1.441700,1.441800,1.441600,1.441600,0
20100104 151500,1.441500,1.441500,1.441400,1.441500,0
20100104 151600,1.441600,1.441600,1.441600,1.441600,0
20100104 151700,1.441700,1.441700,1.441500,1.441600,0
20100104 151900,1.441500,1.441600,1.441500,1.441600,0
20100104 152100,1.441700,1.441700,1.441500,1.441500,0
20100104 152200,1.441600,1.441800,1.441600,1.441700,0
20100104 152300,1.441500,1.441600,1.441500,1.441500,0
20100104 152400,1.441400,1.441400,1.441300,1.441300,0
20100104 152500,1.441400,1.441500,1.441300,1.441500,0
20100104 152600,1.441400,1.441700,1.441100,1.441700,0
20100104 152700,1.441800,1.441900,1.441800,1.441900,0
20100104 152800,1.441800,1.441900,1.441600,1.441800,0
20100104 152900,1.441900,1.442000,1.441800,1.441900,0
20100104 153000,1.442000,1.442000,1.441900,1.441900,0
20100104 153100,1.442000,1.442000,1.441900,1.441900,0
20100104 153200,1.442000,1.442100,1.442000,1.442100,0
20100104 153300,1.442000,1.442200,1.442000,1.442100,0
20100104 153400,1.442200,1.442200,1.442000,1.442000,0
20100104 153500,1.441900,1.442000,1.441800,1.441800,0
20100104 153600,1.441700,1.441700,1.441600,1.441600,0
20100104 153700,1.441700,1.441700,1.441600,1.441600,0
20100104 153800,1.441500,1.441800,1.441500,1.441800,0
20100104 154100,1.441700,1.441700,1.441600,1.441600,0
20100104 154200,1.441700,1.442000,1.441700,1.441900,0
20100104 154300,1.442000,1.442100,1.442000,1.442100,0
20100104 154400,1.442000,1.442100,1.442000,1.442100,0
20100104 154600,1.442000,1.442000,1.441700,1.441700,0
20100104 154700,1.441900,1.441900,1.441600,1.441700,0
20100104 154800,1.441600,1.441700,1.441400,1.441400,0
20100104 154900,1.441500,1.441500,1.441500,1.441500,0
20100104 155000,1.441600,1.441600,1.441600,1.441600,0
20100104 155100,1.441500,1.441600,1.441500,1.441500,0
20100104 155200,1.441400,1.441500,1.441300,1.441300,0
20100104 155300,1.441400,1.441400,1.441100,1.441100,0
20100104 155400,1.441200,1.441200,1.441100,1.441100,0
20100104 155500,1.441200,1.441200,1.441200,1.441200,0
20100104 155600,1.441300,1.441300,1.441200,1.441200,0
20100104 155900,1.441100,1.441100,1.441100,1.441100,0
20100104 160000,1.441200,1.441200,1.441000,1.441000,0
20100104 160100,1.440900,1.441000,1.440900,1.440900,0
20100104 160200,1.441000,1.441000,1.440900,1.440900,0
20100104 160300,1.441000,1.441000,1.441000,1.441000,0
20100104 160400,1.440900,1.441000,1.440800,1.440800,0
20100104 160500,1.440900,1.441000,1.440900,1.440900,0
20100104 160600,1.441000,1.441000,1.440900,1.441000,0
20100104 160700,1.441100,1.441100,1.441100,1.441100,0
20100104 160800,1.441000,1.441100,1.441000,1.441100,0
20100104 160900,1.441000,1.441000,1.441000,1.441000,0
20100104 161100,1.440900,1.440900,1.440900,1.440900,0
20100104 161300,1.441000,1.441100,1.441000,1.441000,0
20100104 161400,1.441100,1.441100,1.441100,1.441100,0
20100104 161500,1.441200,1.441300,1.441100,1.441300,0
20100104 161600,1.441200,1.441300,1.441200,1.441300,0
20100104 161700,1.441400,1.441500,1.441300,1.441500,0
20100104 161800,1.441400,1.441400,1.441300,1.441300,0
20100104 161900,1.441400,1.441400,1.441300,1.441300,0
20100104 162100,1.441400,1.441400,1.441300,1.441300,0
20100104 162200,1.441200,1.441200,1.441200,1.441200,0
20100104 162300,1.441100,1.441100,1.441100,1.441100,0
20100104 162400,1.441000,1.441000,1.440800,1.440900,0
20100104 162500,1.440800,1.441000,1.440800,1.440900,0
20100104 162600,1.441000,1.441100,1.441000,1.441100,0
20100104 162700,1.441000,1.441000,1.441000,1.441000,0
20100104 162800,1.441100,1.441100,1.441000,1.441100,0
20100104 162900,1.441200,1.441200,1.440900,1.440900,0
20100104 163000,1.440800,1.440900,1.440800,1.440800,0
20100104 163100,1.440900,1.441000,1.440800,1.441000,0
20100104 163400,1.440900,1.441000,1.440700,1.440900,0
20100104 163500,1.441000,1.441000,1.440900,1.440900,0
20100104 163700,1.440800,1.440900,1.440800,1.440900,0
20100104 163800,1.440800,1.440900,1.440800,1.440900,0
20100104 164000,1.441000,1.441000,1.440900,1.441000,0
20100104 164100,1.440900,1.440900,1.440800,1.440800,0
20100104 164200,1.440900,1.440900,1.440800,1.440800,0
20100104 164400,1.440900,1.440900,1.440800,1.440900,0
20100104 164500,1.441000,1.441000,1.440900,1.440900,0
20100104 164600,1.441000,1.441100,1.440900,1.441100,0
20100104 164700,1.441000,1.441000,1.441000,1.441000,0
20100104 164800,1.441100,1.441100,1.441000,1.441000,0
20100104 164900,1.441100,1.441100,1.441000,1.441000,0
20100104 165000,1.440900,1.440900,1.440900,1.440900,0
20100104 165100,1.440800,1.440800,1.440700,1.440700,0
20100104 165200,1.440600,1.440700,1.440500,1.440600,0
20100104 165300,1.440500,1.440500,1.440300,1.440500,0
20100104 165400,1.440400,1.440600,1.440300,1.440600,0
20100104 165500,1.440500,1.440900,1.440500,1.440900,0
20100104 165600,1.440700,1.440900,1.440700,1.440800,0
20100104 165700,1.440900,1.441000,1.440800,1.441000,0
20100104 165800,1.441100,1.441100,1.441000,1.441000,0
20100104 165900,1.441100,1.441300,1.441100,1.441300,0
20100104 170000,1.441200,1.441200,1.440900,1.441000,0
20100104 170100,1.441000,1.441000,1.441000,1.441000,0
20100104 170200,1.441100,1.441200,1.441100,1.441100,0
20100104 170300,1.441100,1.441100,1.441100,1.441100,0
20100104 170400,1.441200,1.441400,1.441100,1.441300,0
20100104 170500,1.441400,1.441400,1.441100,1.441300,0
20100104 170600,1.441400,1.441400,1.441400,1.441400,0
20100104 170700,1.441400,1.441500,1.441400,1.441400,0
20100104 170800,1.441300,1.441500,1.441300,1.441400,0
20100104 171000,1.441300,1.441600,1.441300,1.441400,0
20100104 171100,1.441400,1.441500,1.441400,1.441500,0
20100104 171200,1.441600,1.441600,1.441600,1.441600,0
20100104 171300,1.441500,1.441500,1.441500,1.441500,0
20100104 171400,1.441400,1.441500,1.441400,1.441500,0
20100104 171500,1.441400,1.441500,1.441400,1.441500,0
20100104 171600,1.441600,1.441600,1.441600,1.441600,0
20100104 171700,1.441600,1.441700,1.441600,1.441700,0
20100104 171800,1.441800,1.442000,1.441700,1.441900,0
20100104 171900,1.442000,1.442100,1.442000,1.442000,0
20100104 172000,1.442100,1.442200,1.442000,1.442100,0
20100104 172100,1.442000,1.442000,1.441600,1.441700,0
20100104 172200,1.441700,1.441900,1.441700,1.441700,0
20100104 172300,1.441600,1.442000,1.441600,1.441800,0
20100104 172400,1.441800,1.441800,1.441800,1.441800,0
20100104 172500,1.441900,1.441900,1.441800,1.441800,0
20100104 172600,1.441900,1.441900,1.441900,1.441900,0
20100104 172700,1.441700,1.441900,1.441700,1.441900,0
20100104 172800,1.441700,1.441900,1.441600,1.441700,0
20100104 172900,1.441600,1.441600,1.441600,1.441600,0
20100104 173000,1.441500,1.441500,1.441200,1.441300,0
20100104 173100,1.441200,1.441300,1.441200,1.441300,0
20100104 173200,1.441400,1.441400,1.441400,1.441400,0
20100104 173300,1.441500,1.441500,1.441300,1.441400,0
20100104 173500,1.441500,1.441700,1.441500,1.441700,0
20100104 173600,1.441600,1.441700,1.441600,1.441700,0
20100104 173700,1.441800,1.441900,1.441800,1.441900,0
20100104 173800,1.441800,1.441900,1.441700,1.441700,0
20100104 173900,1.441600,1.441700,1.441600,1.441700,0
20100104 174000,1.441700,1.441700,1.441500,1.441700,0
20100104 174100,1.441500,1.441800,1.441500,1.441800,0
20100104 174200,1.441700,1.442000,1.441600,1.442000,0
20100104 174300,1.441900,1.442200,1.441500,1.441700,0
20100104 174400,1.441700,1.441800,1.441600,1.441700,0
20100104 174500,1.441600,1.441600,1.441500,1.441500,0
20100104 174600,1.441400,1.441700,1.441400,1.441700,0
20100104 174700,1.441600,1.441700,1.441400,1.441600,0
20100104 174800,1.441700,1.441700,1.441500,1.441600,0
20100104 175400,1.441700,1.441700,1.441600,1.441700,0
20100104 175500,1.441600,1.441700,1.441600,1.441700,0
20100104 175700,1.441800,1.441800,1.441700,1.441700,0
20100104 175800,1.441600,1.441600,1.441400,1.441400,0
20100104 175900,1.441400,1.441400,1.441100,1.441200,0
20100104 180000,1.441000,1.441200,1.441000,1.441200,0
20100104 180100,1.441100,1.441200,1.441000,1.441100,0
20100104 180200,1.440900,1.441000,1.440900,1.440900,0
20100104 180300,1.441000,1.441000,1.441000,1.441000,0
20100104 180400,1.441200,1.441200,1.441000,1.441000,0
20100104 180500,1.441100,1.441100,1.441100,1.441100,0
20100104 180600,1.441000,1.441100,1.440600,1.440800,0
20100104 180700,1.440900,1.441000,1.440700,1.440800,0
20100104 180800,1.440700,1.440800,1.440700,1.440800,0
20100104 180900,1.440700,1.441000,1.440700,1.440900,0
20100104 181000,1.441000,1.441000,1.441000,1.441000,0
20100104 181100,1.440900,1.441000,1.440900,1.441000,0
20100104 181200,1.440900,1.440900,1.440900,1.440900,0
20100104 181400,1.440800,1.440900,1.440800,1.440900,0
20100104 181600,1.441000,1.441300,1.441000,1.441200,0
20100104 182000,1.441300,1.441300,1.441300,1.441300,0
20100104 182100,1.441200,1.441500,1.441200,1.441500,0
20100104 182200,1.441600,1.441800,1.441500,1.441700,0
20100104 182300,1.441600,1.441800,1.441600,1.441800,0
20100104 182400,1.441900,1.441900,1.441800,1.441800,0
20100104 182500,1.441700,1.441800,1.441700,1.441800,0
20100104 182600,1.441700,1.441700,1.441700,1.441700,0
20100104 182700,1.441600,1.441700,1.441600,1.441700,0
20100104 182800,1.441600,1.441700,1.441600,1.441700,0
20100104 183000,1.441600,1.441700,1.441600,1.441700,0
20100104 183200,1.441800,1.441800,1.441700,1.441800,0
20100104 183700,1.441700,1.441800,1.441700,1.441700,0
20100104 183900,1.441600,1.441600,1.441600,1.441600,0
20100104 184000,1.441700,1.441700,1.441600,1.441600,0
20100104 184200,1.441500,1.441600,1.441500,1.441600,0
20100104 184300,1.441500,1.441600,1.441500,1.441600,0
20100104 184400,1.441700,1.441700,1.441600,1.441700,0
20100104 184500,1.441600,1.441700,1.441600,1.441700,0
20100104 184600,1.441600,1.441700,1.441600,1.441700,0
20100104 184800,1.441600,1.441700,1.441600,1.441700,0
20100104 185000,1.441800,1.441800,1.441800,1.441800,0
20100104 185100,1.441700,1.441800,1.441700,1.441800,0
20100104 185200,1.441700,1.441800,1.441700,1.441800,0
20100104 185300,1.441700,1.441800,1.441700,1.441800,0
20100104 185400,1.441900,1.442200,1.441900,1.442100,0
20100104 185500,1.442200,1.442500,1.442200,1.442400,0
20100104 185600,1.442300,1.442400,1.442200,1.442400,0
20100104 185700,1.442300,1.442500,1.442300,1.442500,0
20100104 185800,1.442600,1.442600,1.442200,1.442400,0
20100104 185900,1.442500,1.442500,1.442400,1.442500,0
20100104 190000,1.442400,1.442700,1.442400,1.442700,0
20100104 190100,1.442800,1.443100,1.442700,1.442900,0
20100104 190200,1.443000,1.443000,1.442800,1.443000,0
20100104 190300,1.442900,1.443000,1.442700,1.442700,0
20100104 190400,1.442600,1.442600,1.442400,1.442500,0
20100104 190500,1.442600,1.442600,1.442600,1.442600,0
20100104 190600,1.442700,1.443400,1.442700,1.443400,0
20100104 190700,1.443300,1.443300,1.443100,1.443300,0
20100104 190800,1.443400,1.443800,1.443400,1.443600,0
20100104 190900,1.443500,1.443700,1.443400,1.443400,0
20100104 191000,1.443500,1.443600,1.443500,1.443500,0
20100104 191100,1.443400,1.443900,1.443400,1.443900,0
20100104 191200,1.444000,1.444000,1.443800,1.443800,0
20100104 191300,1.443900,1.443900,1.443300,1.443500,0
20100104 191400,1.443600,1.443600,1.442800,1.442800,0
20100104 191500,1.442700,1.442700,1.442500,1.442500,0
20100104 191600,1.442600,1.442600,1.442100,1.442100,0
20100104 191700,1.442200,1.442200,1.442100,1.442200,0
20100104 191800,1.442300,1.442600,1.442300,1.442500,0
20100104 191900,1.442400,1.442400,1.442300,1.442300,0
20100104 192000,1.442200,1.442200,1.442000,1.442100,0
20100104 192100,1.442000,1.442300,1.442000,1.442300,0
20100104 192200,1.442200,1.442300,1.442200,1.442300,0
20100104 192300,1.442200,1.442400,1.442200,1.442400,0
20100104 192400,1.442500,1.442600,1.442500,1.442500,0
20100104 192500,1.442400,1.442500,1.442400,1.442400,0
20100104 192600,1.442500,1.442700,1.442400,1.442700,0
20100104 192700,1.442600,1.442700,1.442600,1.442600,0
20100104 192800,1.442500,1.442600,1.442500,1.442500,0
20100104 192900,1.442600,1.442600,1.442500,1.442600,0
20100104 193000,1.442500,1.442600,1.442500,1.442600,0
20100104 193100,1.442500,1.442500,1.442400,1.442400,0
20100104 193200,1.442500,1.442500,1.442400,1.442400,0
20100104 193300,1.442300,1.442500,1.442300,1.442400,0
20100104 193400,1.442300,1.442300,1.441800,1.441900,0
20100104 193500,1.442000,1.442200,1.442000,1.442100,0
20100104 193600,1.442200,1.442200,1.442100,1.442200,0
20100104 193700,1.442300,1.442400,1.442200,1.442200,0
20100104 193800,1.442100,1.442100,1.442100,1.442100,0
20100104 193900,1.442000,1.442100,1.442000,1.442100,0
20100104 194000,1.442000,1.442000,1.441800,1.441900,0
20100104 194100,1.442000,1.442000,1.441900,1.441900,0
20100104 194200,1.441800,1.442200,1.441800,1.442200,0
20100104 194300,1.442100,1.442200,1.442100,1.442100,0
20100104 194400,1.442200,1.442400,1.442100,1.442400,0
20100104 194500,1.442200,1.442300,1.442200,1.442200,0
20100104 194600,1.442300,1.442600,1.442200,1.442500,0
20100104 194700,1.442400,1.442500,1.442100,1.442200,0
20100104 194800,1.442100,1.442100,1.441600,1.441700,0
20100104 194900,1.441600,1.441600,1.441200,1.441500,0
20100104 195000,1.441400,1.441600,1.441400,1.441600,0
20100104 195100,1.441700,1.441700,1.441700,1.441700,0
20100104 195200,1.441800,1.441900,1.441700,1.441800,0
20100104 195300,1.441900,1.442100,1.441800,1.441800,0
20100104 195400,1.441900,1.441900,1.441600,1.441700,0
20100104 195500,1.441600,1.442000,1.441600,1.441900,0
20100104 195600,1.441800,1.441900,1.441700,1.441900,0
20100104 195700,1.442000,1.442000,1.441800,1.441900,0
20100104 195800,1.441800,1.442100,1.441800,1.442000,0
20100104 195900,1.442100,1.442100,1.441800,1.441900,0
20100104 200000,1.441800,1.441900,1.441800,1.441900,0
20100104 200100,1.441800,1.442100,1.441800,1.441900,0
20100104 200200,1.442000,1.442000,1.441900,1.441900,0
20100104 200300,1.442000,1.442000,1.441900,1.442000,0
20100104 200400,1.441900,1.442000,1.441800,1.441900,0
20100104 200500,1.442000,1.442100,1.442000,1.442100,0
20100104 200600,1.442000,1.442100,1.442000,1.442100,0
20100104 200700,1.442200,1.442300,1.442200,1.442200,0
20100104 200800,1.442300,1.442900,1.442300,1.442900,0
20100104 200900,1.443000,1.443000,1.442800,1.442900,0
20100104 201000,1.442800,1.443000,1.442800,1.443000,0
20100104 201100,1.443100,1.443300,1.442900,1.443100,0
20100104 201200,1.443200,1.443200,1.442900,1.442900,0
20100104 201300,1.443000,1.443000,1.442600,1.442600,0
20100104 201400,1.442700,1.442700,1.442400,1.442500,0
20100104 201500,1.442400,1.442400,1.442300,1.442400,0
20100104 201600,1.442500,1.443000,1.442300,1.442900,0
20100104 201700,1.442800,1.442900,1.442700,1.442800,0
20100104 201800,1.442900,1.443000,1.442700,1.442700,0
20100104 201900,1.442600,1.442600,1.442500,1.442600,0
20100104 202000,1.442500,1.442700,1.442500,1.442700,0
20100104 202100,1.442600,1.442600,1.442500,1.442500,0
20100104 202200,1.442600,1.442600,1.442100,1.442100,0
20100104 202300,1.442200,1.442400,1.442200,1.442200,0
20100104 202400,1.442100,1.442400,1.442100,1.442300,0
20100104 202500,1.442200,1.442200,1.441900,1.441900,0
20100104 202600,1.441800,1.441800,1.441500,1.441800,0
20100104 202700,1.441700,1.441800,1.441600,1.441600,0
20100104 202800,1.441700,1.441900,1.441600,1.441800,0
20100104 202900,1.441700,1.441900,1.441700,1.441800,0
20100104 203000,1.441900,1.442100,1.441900,1.441900,0
20100104 203100,1.442100,1.442100,1.441900,1.441900,0
20100104 203200,1.441800,1.441900,1.441800,1.441900,0
20100104 203300,1.442000,1.442500,1.442000,1.442400,0
20100104 203400,1.442300,1.442300,1.442200,1.442200,0
20100104 203500,1.442300,1.442300,1.442200,1.442200,0
20100104 203600,1.442300,1.442500,1.442300,1.442500,0
20100104 203700,1.442600,1.442600,1.442400,1.442400,0
20100104 203800,1.442500,1.442700,1.442500,1.442600,0
20100104 203900,1.442500,1.442500,1.442200,1.442200,0
20100104 204000,1.442100,1.442400,1.442000,1.442300,0
20100104 204100,1.442400,1.442400,1.442000,1.442300,0
20100104 204200,1.442400,1.442400,1.442300,1.442300,0
20100104 204300,1.442400,1.442400,1.442200,1.442200,0
20100104 204400,1.442300,1.442400,1.442300,1.442400,0
20100104 204500,1.442500,1.442500,1.442400,1.442500,0
20100104 204600,1.442400,1.442400,1.442200,1.442300,0
20100104 204700,1.442200,1.442200,1.442100,1.442100,0
20100104 204800,1.442200,1.442200,1.442100,1.442200,0
20100104 204900,1.442100,1.442100,1.442100,1.442100,0
20100104 205000,1.442200,1.442200,1.442200,1.442200,0
20100104 205100,1.442300,1.442300,1.442100,1.442200,0
20100104 205200,1.442100,1.442100,1.442100,1.442100,0
20100104 205300,1.442200,1.442300,1.442200,1.442300,0
20100104 205400,1.442200,1.442200,1.442200,1.442200,0
20100104 205500,1.442100,1.442100,1.441900,1.441900,0
20100104 205600,1.442000,1.442000,1.441800,1.441800,0
20100104 205700,1.441900,1.442000,1.441900,1.442000,0
20100104 205800,1.441900,1.442000,1.441800,1.441900,0
20100104 205900,1.442000,1.442000,1.442000,1.442000,0
20100104 210000,1.441900,1.441900,1.441900,1.441900,0
20100104 210200,1.441800,1.442000,1.441700,1.441900,0
20100104 210300,1.441800,1.441800,1.441700,1.441700,0
20100104 210500,1.441800,1.441800,1.441600,1.441600,0
20100104 210600,1.441700,1.441700,1.441600,1.441600,0
20100104 210700,1.441700,1.441700,1.441500,1.441600,0
20100104 210800,1.441500,1.441500,1.441400,1.441400,0
20100104 210900,1.441300,1.441400,1.440900,1.440900,0
20100104 211000,1.441000,1.441000,1.440800,1.440900,0
20100104 211100,1.441000,1.441300,1.441000,1.441300,0
20100104 211200,1.441200,1.441200,1.441200,1.441200,0
20100104 211300,1.441000,1.441100,1.440900,1.441000,0
20100104 211400,1.440900,1.441100,1.440800,1.441000,0
20100104 211500,1.440900,1.441000,1.440700,1.440800,0
20100104 211600,1.440700,1.440800,1.440600,1.440700,0
20100104 211700,1.440800,1.441100,1.440700,1.441100,0
20100104 211800,1.441000,1.441100,1.440900,1.441000,0
20100104 211900,1.440900,1.440900,1.440900,1.440900,0
20100104 212100,1.441000,1.441200,1.441000,1.441100,0
20100104 212200,1.441200,1.441300,1.441200,1.441300,0
20100104 212300,1.441400,1.441400,1.441400,1.441400,0
20100104 212400,1.441500,1.441600,1.441500,1.441600,0
20100104 212500,1.441500,1.441500,1.441400,1.441400,0
20100104 212700,1.441500,1.441500,1.441400,1.441500,0
20100104 212800,1.441600,1.441700,1.441500,1.441700,0
20100104 212900,1.441600,1.441600,1.441400,1.441400,0
20100104 213000,1.441300,1.441300,1.441300,1.441300,0
20100104 213300,1.441400,1.441500,1.441300,1.441300,0
20100104 213400,1.441400,1.441600,1.441300,1.441500,0
20100104 213500,1.441600,1.441600,1.441600,1.441600,0
20100104 213600,1.441500,1.441700,1.441500,1.441700,0
20100104 213700,1.441600,1.441700,1.441500,1.441600,0
20100104 213800,1.441500,1.441600,1.441500,1.441600,0
20100104 213900,1.441500,1.441600,1.441400,1.441500,0
20100104 214000,1.441600,1.441600,1.441400,1.441500,0
20100104 214100,1.441400,1.441500,1.441200,1.441200,0
20100104 214200,1.441100,1.441100,1.440800,1.441000,0
20100104 214300,1.440900,1.441000,1.440800,1.440800,0
20100104 214400,1.440900,1.441000,1.440800,1.441000,0
20100104 214500,1.440900,1.441000,1.440800,1.440900,0
20100104 214600,1.440800,1.441100,1.440800,1.441100,0
20100104 214800,1.441000,1.441000,1.440900,1.441000,0
20100104 214900,1.441100,1.441100,1.440900,1.440900,0
20100104 215000,1.440800,1.440900,1.440700,1.440800,0
20100104 215100,1.440700,1.441000,1.440700,1.440900,0
20100104 215300,1.440800,1.441000,1.440800,1.440800,0
20100104 215500,1.440900,1.441000,1.440900,1.441000,0
20100104 215600,1.441100,1.441100,1.441000,1.441100,0
20100104 215700,1.441200,1.441300,1.441200,1.441300,0
20100104 215800,1.441400,1.441500,1.441400,1.441500,0
20100104 220000,1.441400,1.441500,1.441300,1.441500,0
20100104 220100,1.441400,1.441500,1.441400,1.441400,0
20100104 220200,1.441500,1.441600,1.441400,1.441500,0
20100104 220300,1.441600,1.441600,1.441500,1.441600,0
20100104 220400,1.441500,1.441600,1.441500,1.441500,0
20100104 220500,1.441600,1.441600,1.441300,1.441400,0
20100104 220600,1.441300,1.441400,1.441300,1.441400,0
20100104 220700,1.441500,1.441600,1.441500,1.441600,0
20100104 220800,1.441700,1.441800,1.441600,1.441800,0
20100104 220900,1.441700,1.441700,1.441600,1.441700,0
20100104 221000,1.441600,1.441700,1.441600,1.441700,0
20100104 221100,1.441800,1.441900,1.441700,1.441800,0
20100104 221200,1.441700,1.441900,1.441700,1.441800,0
20100104 221300,1.441900,1.442000,1.441900,1.442000,0
20100104 221400,1.441900,1.442200,1.441900,1.441900,0
20100104 221500,1.441800,1.441900,1.441700,1.441900,0
20100104 221600,1.441800,1.441900,1.441800,1.441800,0
20100104 221700,1.442000,1.442000,1.441700,1.441900,0
20100104 221800,1.442000,1.442000,1.441900,1.441900,0
20100104 221900,1.442000,1.442100,1.442000,1.442100,0
20100104 222100,1.442000,1.442100,1.442000,1.442100,0
20100104 222200,1.442000,1.442000,1.442000,1.442000,0
20100104 222300,1.442100,1.442200,1.442100,1.442200,0
20100104 222400,1.442100,1.442200,1.442100,1.442200,0
20100104 222500,1.442300,1.442300,1.442200,1.442300,0
20100104 222600,1.442400,1.442400,1.442300,1.442300,0
20100104 222800,1.442400,1.442700,1.442400,1.442500,0
20100104 222900,1.442400,1.442400,1.442300,1.442300,0
20100104 223000,1.442400,1.442600,1.442400,1.442600,0
20100104 223100,1.442500,1.442600,1.442500,1.442500,0
20100104 223200,1.442600,1.442600,1.442500,1.442600,0
20100104 223400,1.442500,1.442600,1.442500,1.442500,0
20100104 223500,1.442600,1.442600,1.442400,1.442400,0
20100104 223600,1.442500,1.442500,1.442300,1.442300,0
20100104 223700,1.442200,1.442300,1.442100,1.442200,0
20100104 223900,1.442100,1.442200,1.442100,1.442100,0
20100104 224000,1.442200,1.442200,1.442100,1.442100,0
20100104 224100,1.442200,1.442200,1.442200,1.442200,0
20100104 224200,1.442100,1.442100,1.441900,1.441900,0
20100104 224300,1.442000,1.442000,1.441900,1.442000,0
20100104 224400,1.441900,1.441900,1.441900,1.441900,0
20100104 224500,1.442000,1.442100,1.442000,1.442100,0
20100104 224600,1.442000,1.442100,1.442000,1.442000,0
20100104 224700,1.442100,1.442200,1.442000,1.442200,0
20100104 224800,1.442300,1.442500,1.442300,1.442400,0
20100104 224900,1.442300,1.442400,1.442200,1.442200,0
20100104 225400,1.442100,1.442100,1.442100,1.442100,0
20100104 225600,1.442200,1.442300,1.442200,1.442300,0
20100104 225700,1.442200,1.442300,1.442200,1.442300,0
20100104 225800,1.442200,1.442300,1.442100,1.442200,0
20100104 225900,1.442100,1.442300,1.442100,1.442300,0
20100104 230000,1.442400,1.442500,1.442400,1.442400,0
20100104 230100,1.442500,1.442500,1.442200,1.442200,0
20100104 230200,1.442300,1.442500,1.442300,1.442500,0
20100104 230300,1.442400,1.442400,1.442400,1.442400,0
20100104 230700,1.442300,1.442300,1.442300,1.442300,0
20100104 230800,1.442200,1.442300,1.442200,1.442300,0
20100104 230900,1.442200,1.442200,1.442200,1.442200,0
20100104 231000,1.442300,1.442300,1.442300,1.442300,0
20100104 231300,1.442400,1.442400,1.442300,1.442400,0
20100104 231400,1.442300,1.442300,1.442000,1.442100,0
20100104 231500,1.442200,1.442200,1.442100,1.442100,0
20100104 231600,1.442000,1.442100,1.441900,1.441900,0
20100104 231700,1.442000,1.442200,1.442000,1.442100,0
20100104 231800,1.442200,1.442400,1.442100,1.442300,0
20100104 231900,1.442200,1.442300,1.442200,1.442200,0
20100104 232000,1.442400,1.442400,1.442400,1.442400,0
20100104 232100,1.442500,1.442500,1.442400,1.442400,0
20100104 232200,1.442500,1.442500,1.442400,1.442400,0
20100104 232300,1.442500,1.442600,1.442400,1.442600,0
20100104 232400,1.442500,1.442600,1.442500,1.442500,0
20100104 232500,1.442600,1.442700,1.442500,1.442700,0
20100104 232600,1.442600,1.442700,1.442600,1.442700,0
20100104 232700,1.442800,1.442800,1.442800,1.442800,0
20100104 232800,1.442900,1.443100,1.442800,1.443000,0
20100104 232900,1.442900,1.443000,1.442800,1.442800,0
20100104 233000,1.442900,1.442900,1.442800,1.442800,0
20100104 233100,1.442900,1.443000,1.442800,1.443000,0
20100104 233200,1.442900,1.443100,1.442900,1.442900,0
20100104 233300,1.443000,1.443100,1.442900,1.443000,0
20100104 233400,1.443100,1.443100,1.443000,1.443100,0
20100104 233500,1.443200,1.443500,1.443200,1.443500,0
20100104 233600,1.443400,1.443700,1.443400,1.443500,0
20100104 233700,1.443600,1.443600,1.443400,1.443600,0
20100104 233800,1.443700,1.444100,1.443600,1.444100,0
20100104 233900,1.444200,1.444400,1.443700,1.444100,0
20100104 234000,1.444200,1.444200,1.443500,1.443700,0
20100104 234100,1.443600,1.443600,1.443400,1.443500,0
20100104 234200,1.443400,1.443600,1.443400,1.443500,0
20100104 234300,1.443400,1.443500,1.443200,1.443200,0
20100104 234400,1.443300,1.443400,1.443200,1.443400,0
20100104 234500,1.443500,1.443500,1.443400,1.443500,0
20100104 234600,1.443400,1.443600,1.443400,1.443500,0
20100104 234700,1.443400,1.443400,1.443100,1.443100,0
20100104 234800,1.443200,1.443400,1.443100,1.443300,0
20100104 234900,1.443400,1.443800,1.443400,1.443800,0
20100104 235000,1.443700,1.444000,1.443700,1.443800,0
20100104 235100,1.443700,1.443700,1.443600,1.443600,0
20100104 235200,1.443700,1.443700,1.443500,1.443500,0
20100104 235300,1.443400,1.443500,1.443300,1.443500,0
20100104 235400,1.443600,1.443600,1.443300,1.443300,0
20100104 235500,1.443200,1.443300,1.443200,1.443200,0
20100104 235600,1.443100,1.443200,1.443000,1.443100,0
20100104 235700,1.443000,1.443000,1.442900,1.443000,0
20100104 235800,1.443100,1.443400,1.443100,1.443100,0
20100104 235900,1.443000,1.443000,1.442600,1.442700,0
