20120712 000000,1.223820,1.223960,1.223680,1.223740,0
20120712 000100,1.223720,1.223830,1.223720,1.223720,0
20120712 000200,1.223730,1.223730,1.223550,1.223630,0
20120712 000300,1.223620,1.223710,1.223510,1.223660,0
20120712 000400,1.223630,1.223650,1.223490,1.223610,0
20120712 000500,1.223600,1.223690,1.223590,1.223630,0
20120712 000600,1.223640,1.223650,1.223570,1.223620,0
20120712 000700,1.223590,1.223660,1.223540,1.223630,0
20120712 000800,1.223610,1.223630,1.223550,1.223570,0
20120712 000900,1.223610,1.223610,1.223380,1.223490,0
20120712 001000,1.223480,1.223660,1.223470,1.223520,0
20120712 001100,1.223560,1.223700,1.223560,1.223650,0
20120712 001200,1.223690,1.223760,1.223590,1.223700,0
20120712 001300,1.223690,1.223690,1.223580,1.223580,0
20120712 001400,1.223600,1.223630,1.223600,1.223630,0
20120712 001500,1.223640,1.223760,1.223620,1.223740,0
20120712 001600,1.223730,1.223830,1.223720,1.223820,0
20120712 001700,1.223810,1.224020,1.223790,1.223970,0
20120712 001800,1.223990,1.224190,1.223990,1.224060,0
20120712 001900,1.224080,1.224230,1.224040,1.224040,0
20120712 002000,1.224020,1.224080,1.223820,1.223940,0
20120712 002100,1.223960,1.223980,1.223750,1.223770,0
20120712 002200,1.223790,1.223930,1.223790,1.223920,0
20120712 002300,1.223950,1.223950,1.223770,1.223770,0
20120712 002400,1.223760,1.223940,1.223740,1.223800,0
20120712 002500,1.223790,1.223800,1.223650,1.223690,0
20120712 002600,1.223700,1.223730,1.223700,1.223730,0
20120712 002700,1.223750,1.224200,1.223750,1.224060,0
20120712 002800,1.224080,1.224100,1.223960,1.223960,0
20120712 002900,1.223930,1.224200,1.223890,1.224200,0
20120712 003000,1.224190,1.224210,1.224150,1.224160,0
20120712 003100,1.224130,1.224240,1.224080,1.224120,0
20120712 003200,1.224110,1.224140,1.223940,1.224130,0
20120712 003300,1.224120,1.224120,1.223910,1.224050,0
20120712 003400,1.224030,1.224150,1.223950,1.224140,0
20120712 003500,1.224130,1.224130,1.223930,1.223980,0
20120712 003600,1.224000,1.224110,1.223990,1.224090,0
20120712 003700,1.224110,1.224170,1.224110,1.224160,0
20120712 003800,1.224150,1.224150,1.223980,1.224040,0
20120712 003900,1.224070,1.224080,1.224030,1.224050,0
20120712 004000,1.224040,1.224070,1.223980,1.224030,0
20120712 004100,1.224050,1.224150,1.224050,1.224150,0
20120712 004200,1.224160,1.224160,1.224080,1.224130,0
20120712 004300,1.224110,1.224130,1.224020,1.224100,0
20120712 004400,1.224110,1.224230,1.224070,1.224230,0
20120712 004500,1.224220,1.224230,1.224190,1.224230,0
20120712 004600,1.224210,1.224220,1.224080,1.224110,0
20120712 004700,1.224100,1.224140,1.224070,1.224100,0
20120712 004800,1.224120,1.224140,1.224070,1.224090,0
20120712 004900,1.224080,1.224080,1.223960,1.224000,0
20120712 005000,1.224020,1.224020,1.223960,1.224000,0
20120712 005100,1.223910,1.224000,1.223800,1.224000,0
20120712 005200,1.224030,1.224290,1.224020,1.224280,0
20120712 005300,1.224290,1.224370,1.224260,1.224370,0
20120712 005400,1.224380,1.224440,1.224350,1.224360,0
20120712 005500,1.224300,1.224300,1.224200,1.224240,0
20120712 005600,1.224250,1.224260,1.224240,1.224260,0
20120712 005700,1.224250,1.224260,1.224230,1.224230,0
20120712 005800,1.224220,1.224240,1.224220,1.224240,0
20120712 005900,1.224220,1.224220,1.223850,1.223850,0
20120712 010000,1.223860,1.224260,1.223860,1.224020,0
20120712 010100,1.224030,1.224130,1.224030,1.224100,0
20120712 010200,1.224110,1.224110,1.224080,1.224080,0
20120712 010300,1.224090,1.224210,1.224090,1.224170,0
20120712 010400,1.224150,1.224160,1.223900,1.224030,0
20120712 010500,1.224050,1.224080,1.223910,1.224020,0
20120712 010600,1.224000,1.224000,1.223730,1.223870,0
20120712 010700,1.223850,1.223910,1.223780,1.223900,0
20120712 010800,1.223910,1.223910,1.223770,1.223880,0
20120712 010900,1.223890,1.223910,1.223870,1.223880,0
20120712 011000,1.223870,1.223940,1.223870,1.223880,0
20120712 011100,1.223890,1.223940,1.223790,1.223880,0
20120712 011200,1.223900,1.224000,1.223900,1.223980,0
20120712 011300,1.224000,1.224030,1.224000,1.224020,0
20120712 011400,1.224000,1.224110,1.223930,1.223930,0
20120712 011500,1.223920,1.223920,1.223780,1.223800,0
20120712 011600,1.223790,1.223890,1.223770,1.223870,0
20120712 011700,1.223890,1.224060,1.223860,1.223960,0
20120712 011800,1.223970,1.223970,1.223810,1.223840,0
20120712 011900,1.223860,1.223900,1.223850,1.223880,0
20120712 012000,1.223890,1.223890,1.223770,1.223780,0
20120712 012100,1.223800,1.223880,1.223780,1.223790,0
20120712 012200,1.223780,1.223780,1.223630,1.223670,0
20120712 012300,1.223650,1.223790,1.223650,1.223790,0
20120712 012400,1.223770,1.223770,1.223710,1.223720,0
20120712 012500,1.223730,1.223730,1.223680,1.223700,0
20120712 012600,1.223690,1.223690,1.223590,1.223680,0
20120712 012700,1.223650,1.223650,1.223580,1.223630,0
20120712 012800,1.223650,1.223780,1.223630,1.223760,0
20120712 012900,1.223770,1.223960,1.223760,1.223950,0
20120712 013000,1.223940,1.224010,1.223870,1.223880,0
20120712 013100,1.223890,1.223960,1.223810,1.223870,0
20120712 013200,1.223950,1.224010,1.223870,1.223870,0
20120712 013300,1.223880,1.224020,1.223860,1.224020,0
20120712 013400,1.224030,1.224040,1.223890,1.223930,0
20120712 013500,1.223940,1.223960,1.223860,1.223950,0
20120712 013600,1.223940,1.224030,1.223940,1.223980,0
20120712 013700,1.223970,1.223990,1.223910,1.223990,0
20120712 013800,1.224030,1.224150,1.224010,1.224080,0
20120712 013900,1.224100,1.224200,1.224040,1.224200,0
20120712 014000,1.224180,1.224230,1.224080,1.224180,0
20120712 014100,1.224170,1.224180,1.224100,1.224100,0
20120712 014200,1.224110,1.224110,1.223990,1.224000,0
20120712 014300,1.223990,1.223990,1.223670,1.223750,0
20120712 014400,1.223720,1.223940,1.223720,1.223840,0
20120712 014500,1.223860,1.223900,1.223830,1.223870,0
20120712 014600,1.223850,1.223850,1.223760,1.223800,0
20120712 014700,1.223790,1.223850,1.223770,1.223810,0
20120712 014800,1.223820,1.223840,1.223760,1.223810,0
20120712 014900,1.223790,1.223800,1.223720,1.223740,0
20120712 015000,1.223720,1.223850,1.223720,1.223810,0
20120712 015100,1.223790,1.223820,1.223770,1.223790,0
20120712 015200,1.223780,1.223790,1.223590,1.223590,0
20120712 015300,1.223570,1.223590,1.223520,1.223560,0
20120712 015400,1.223570,1.223640,1.223520,1.223520,0
20120712 015500,1.223530,1.223600,1.223530,1.223560,0
20120712 015600,1.223550,1.223640,1.223480,1.223530,0
20120712 015700,1.223520,1.223580,1.223490,1.223550,0
20120712 015800,1.223540,1.223570,1.223480,1.223570,0
20120712 015900,1.223580,1.223600,1.223440,1.223440,0
20120712 020000,1.223430,1.223500,1.223370,1.223370,0
20120712 020100,1.223350,1.223350,1.223100,1.223140,0
20120712 020200,1.223150,1.223150,1.223010,1.223070,0
20120712 020300,1.223060,1.223130,1.222870,1.222970,0
20120712 020400,1.222920,1.222930,1.222470,1.222500,0
20120712 020500,1.222530,1.222600,1.222400,1.222420,0
20120712 020600,1.222440,1.222710,1.222430,1.222630,0
20120712 020700,1.222690,1.222740,1.222570,1.222600,0
20120712 020800,1.222590,1.222730,1.222550,1.222730,0
20120712 020900,1.222750,1.222810,1.222720,1.222750,0
20120712 021000,1.222770,1.223070,1.222770,1.223010,0
20120712 021100,1.223000,1.223250,1.223000,1.223170,0
20120712 021200,1.223180,1.223210,1.223120,1.223150,0
20120712 021300,1.223160,1.223250,1.223160,1.223240,0
20120712 021400,1.223250,1.223420,1.223170,1.223420,0
20120712 021500,1.223410,1.223480,1.223300,1.223350,0
20120712 021600,1.223310,1.223310,1.223100,1.223210,0
20120712 021700,1.223200,1.223350,1.223190,1.223340,0
20120712 021800,1.223390,1.223450,1.223290,1.223340,0
20120712 021900,1.223330,1.223470,1.223330,1.223450,0
20120712 022000,1.223460,1.223510,1.223310,1.223320,0
20120712 022100,1.223310,1.223390,1.223310,1.223390,0
20120712 022200,1.223380,1.223410,1.223330,1.223350,0
20120712 022300,1.223320,1.223340,1.223100,1.223170,0
20120712 022400,1.223180,1.223300,1.223070,1.223080,0
20120712 022500,1.223070,1.223100,1.222980,1.223000,0
20120712 022600,1.223030,1.223280,1.223000,1.223270,0
20120712 022700,1.223300,1.223450,1.223260,1.223260,0
20120712 022800,1.223220,1.223320,1.223100,1.223270,0
20120712 022900,1.223300,1.223420,1.223260,1.223390,0
20120712 023000,1.223400,1.223600,1.223330,1.223590,0
20120712 023100,1.223580,1.223700,1.223500,1.223510,0
20120712 023200,1.223530,1.223630,1.223520,1.223540,0
20120712 023300,1.223520,1.223650,1.223490,1.223610,0
20120712 023400,1.223600,1.223640,1.223580,1.223590,0
20120712 023500,1.223600,1.223640,1.223440,1.223520,0
20120712 023600,1.223530,1.223620,1.223390,1.223440,0
20120712 023700,1.223400,1.223430,1.223370,1.223370,0
20120712 023800,1.223380,1.223550,1.223360,1.223440,0
20120712 023900,1.223430,1.223520,1.223370,1.223370,0
20120712 024000,1.223380,1.223380,1.223190,1.223200,0
20120712 024100,1.223210,1.223220,1.223160,1.223170,0
20120712 024200,1.223150,1.223150,1.222980,1.223110,0
20120712 024300,1.223100,1.223120,1.223050,1.223080,0
20120712 024400,1.223070,1.223130,1.223020,1.223030,0
20120712 024500,1.223020,1.223250,1.223020,1.223240,0
20120712 024600,1.223250,1.223370,1.222860,1.222860,0
20120712 024700,1.222890,1.223000,1.222680,1.222830,0
20120712 024800,1.222840,1.222950,1.222770,1.222780,0
20120712 024900,1.222800,1.222940,1.222770,1.222800,0
20120712 025000,1.222790,1.222840,1.222720,1.222740,0
20120712 025100,1.222720,1.222820,1.222630,1.222760,0
20120712 025200,1.222810,1.222880,1.222780,1.222860,0
20120712 025300,1.222850,1.222940,1.222710,1.222920,0
20120712 025400,1.222930,1.223080,1.222690,1.222750,0
20120712 025500,1.222740,1.222940,1.222690,1.222810,0
20120712 025600,1.222830,1.222990,1.222770,1.222960,0
20120712 025700,1.222940,1.222940,1.222740,1.222820,0
20120712 025800,1.222830,1.223040,1.222700,1.222940,0
20120712 025900,1.222920,1.223020,1.222610,1.222610,0
20120712 030000,1.222620,1.222890,1.222450,1.222830,0
20120712 030100,1.222860,1.222910,1.222650,1.222680,0
20120712 030200,1.222710,1.222730,1.221870,1.221890,0
20120712 030300,1.221910,1.222180,1.221700,1.222020,0
20120712 030400,1.222030,1.222210,1.221930,1.221930,0
20120712 030500,1.221940,1.222160,1.221780,1.221950,0
20120712 030600,1.221960,1.222080,1.221690,1.222030,0
20120712 030700,1.222040,1.222370,1.221980,1.222370,0
20120712 030800,1.222380,1.222690,1.222260,1.222560,0
20120712 030900,1.222490,1.222590,1.222360,1.222450,0
20120712 031000,1.222440,1.222470,1.222340,1.222390,0
20120712 031100,1.222370,1.222430,1.222270,1.222370,0
20120712 031200,1.222380,1.222510,1.222360,1.222420,0
20120712 031300,1.222400,1.222490,1.222300,1.222410,0
20120712 031400,1.222420,1.222420,1.221940,1.221940,0
20120712 031500,1.221930,1.222080,1.221700,1.221910,0
20120712 031600,1.221900,1.221950,1.221700,1.221950,0
20120712 031700,1.221940,1.222130,1.221910,1.221970,0
20120712 031800,1.221960,1.222000,1.221870,1.222000,0
20120712 031900,1.221990,1.222340,1.221980,1.222290,0
20120712 032000,1.222300,1.222630,1.222280,1.222580,0
20120712 032100,1.222590,1.222590,1.222220,1.222220,0
20120712 032200,1.222250,1.222550,1.222130,1.222470,0
20120712 032300,1.222480,1.222600,1.222460,1.222490,0
20120712 032400,1.222480,1.222480,1.222220,1.222310,0
20120712 032500,1.222290,1.222430,1.222260,1.222420,0
20120712 032600,1.222430,1.222500,1.222360,1.222480,0
20120712 032700,1.222470,1.222490,1.222270,1.222420,0
20120712 032800,1.222430,1.222440,1.221900,1.221920,0
20120712 032900,1.221910,1.221910,1.221260,1.221310,0
20120712 033000,1.221320,1.221820,1.221270,1.221740,0
20120712 033100,1.221770,1.221840,1.221560,1.221760,0
20120712 033200,1.221770,1.221780,1.221490,1.221780,0
20120712 033300,1.221770,1.221780,1.221640,1.221730,0
20120712 033400,1.221720,1.222030,1.221720,1.221960,0
20120712 033500,1.221970,1.222000,1.221770,1.221850,0
20120712 033600,1.221830,1.221990,1.221780,1.221880,0
20120712 033700,1.221870,1.221870,1.221430,1.221480,0
20120712 033800,1.221490,1.221690,1.221400,1.221510,0
20120712 033900,1.221550,1.221640,1.221420,1.221460,0
20120712 034000,1.221430,1.221510,1.221340,1.221460,0
20120712 034100,1.221410,1.221460,1.220710,1.220740,0
20120712 034200,1.220750,1.221080,1.220730,1.221040,0
20120712 034300,1.221050,1.221260,1.220970,1.221190,0
20120712 034400,1.221210,1.221250,1.221100,1.221230,0
20120712 034500,1.221240,1.221370,1.221170,1.221190,0
20120712 034600,1.221200,1.221400,1.221070,1.221400,0
20120712 034700,1.221410,1.221640,1.221410,1.221550,0
20120712 034800,1.221520,1.221570,1.221250,1.221380,0
20120712 034900,1.221390,1.221580,1.221380,1.221510,0
20120712 035000,1.221520,1.221680,1.221480,1.221600,0
20120712 035100,1.221590,1.221620,1.221320,1.221340,0
20120712 035200,1.221360,1.221380,1.221230,1.221280,0
20120712 035300,1.221260,1.221480,1.221260,1.221350,0
20120712 035400,1.221340,1.221430,1.221290,1.221380,0
20120712 035500,1.221310,1.221500,1.221280,1.221460,0
20120712 035600,1.221470,1.221540,1.221180,1.221260,0
20120712 035700,1.221270,1.221270,1.221030,1.221040,0
20120712 035800,1.221050,1.221150,1.220870,1.220870,0
20120712 035900,1.220860,1.221050,1.220850,1.220940,0
20120712 040000,1.220970,1.221860,1.220970,1.221780,0
20120712 040100,1.221790,1.221980,1.221620,1.221620,0
20120712 040200,1.221580,1.221980,1.221560,1.221790,0
20120712 040300,1.221780,1.221790,1.221580,1.221590,0
20120712 040400,1.221550,1.221550,1.221190,1.221280,0
20120712 040500,1.221310,1.221620,1.221300,1.221490,0
20120712 040600,1.221480,1.221880,1.221450,1.221810,0
20120712 040700,1.221800,1.221900,1.221660,1.221660,0
20120712 040800,1.221670,1.221830,1.221580,1.221680,0
20120712 040900,1.221700,1.221900,1.221580,1.221870,0
20120712 041000,1.221850,1.221960,1.221810,1.221930,0
20120712 041100,1.221940,1.222070,1.221560,1.221680,0
20120712 041200,1.221690,1.221840,1.221670,1.221800,0
20120712 041300,1.221820,1.221940,1.221780,1.221900,0
20120712 041400,1.221890,1.222500,1.221880,1.222500,0
20120712 041500,1.222510,1.222840,1.222500,1.222660,0
20120712 041600,1.222670,1.222670,1.222230,1.222280,0
20120712 041700,1.222270,1.222620,1.222270,1.222600,0
20120712 041800,1.222610,1.222740,1.222530,1.222680,0
20120712 041900,1.222690,1.222690,1.222470,1.222600,0
20120712 042000,1.222560,1.222850,1.222490,1.222490,0
20120712 042100,1.222510,1.222550,1.222100,1.222130,0
20120712 042200,1.222100,1.222370,1.221980,1.222270,0
20120712 042300,1.222250,1.222250,1.221850,1.221920,0
20120712 042400,1.221900,1.222220,1.221860,1.222180,0
20120712 042500,1.222190,1.222230,1.222040,1.222060,0
20120712 042600,1.222080,1.222150,1.221780,1.221880,0
20120712 042700,1.221870,1.221990,1.221770,1.221990,0
20120712 042800,1.222030,1.222030,1.221890,1.221890,0
20120712 042900,1.221910,1.222000,1.221890,1.221990,0
20120712 043000,1.222000,1.222340,1.222000,1.222300,0
20120712 043100,1.222290,1.222480,1.222250,1.222340,0
20120712 043200,1.222350,1.222350,1.222090,1.222180,0
20120712 043300,1.222190,1.222190,1.222050,1.222070,0
20120712 043400,1.222080,1.222160,1.221960,1.222050,0
20120712 043500,1.222040,1.222450,1.222010,1.222400,0
20120712 043600,1.222410,1.222590,1.222340,1.222370,0
20120712 043700,1.222360,1.222360,1.222150,1.222320,0
20120712 043800,1.222300,1.222480,1.222270,1.222270,0
20120712 043900,1.222260,1.222290,1.222160,1.222180,0
20120712 044000,1.222170,1.222400,1.222170,1.222380,0
20120712 044100,1.222360,1.222360,1.222230,1.222280,0
20120712 044200,1.222260,1.222270,1.222160,1.222170,0
20120712 044300,1.222150,1.222260,1.221920,1.221990,0
20120712 044400,1.222000,1.222060,1.221960,1.222060,0
20120712 044500,1.222030,1.222260,1.222030,1.222130,0
20120712 044600,1.222120,1.222260,1.222050,1.222170,0
20120712 044700,1.222180,1.222300,1.222130,1.222170,0
20120712 044800,1.222150,1.222390,1.222150,1.222250,0
20120712 044900,1.222240,1.222280,1.222160,1.222160,0
20120712 045000,1.222170,1.222170,1.221760,1.221840,0
20120712 045100,1.221850,1.222020,1.221850,1.221880,0
20120712 045200,1.221870,1.221980,1.221840,1.221890,0
20120712 045300,1.221870,1.221880,1.221490,1.221570,0
20120712 045400,1.221660,1.221800,1.221590,1.221670,0
20120712 045500,1.221660,1.221670,1.221300,1.221450,0
20120712 045600,1.221480,1.221490,1.221290,1.221380,0
20120712 045700,1.221390,1.221690,1.221360,1.221590,0
20120712 045800,1.221580,1.221600,1.221360,1.221560,0
20120712 045900,1.221530,1.221610,1.221480,1.221550,0
20120712 050000,1.221520,1.221590,1.221190,1.221230,0
20120712 050100,1.221210,1.221400,1.221100,1.221100,0
20120712 050200,1.221110,1.221300,1.221100,1.221150,0
20120712 050300,1.221160,1.221470,1.221150,1.221470,0
20120712 050400,1.221490,1.221560,1.221370,1.221490,0
20120712 050500,1.221480,1.221480,1.221270,1.221300,0
20120712 050600,1.221290,1.221430,1.221110,1.221390,0
20120712 050700,1.221380,1.221590,1.221360,1.221580,0
20120712 050800,1.221560,1.221690,1.221520,1.221600,0
20120712 050900,1.221590,1.221900,1.221580,1.221740,0
20120712 051000,1.221730,1.221730,1.221490,1.221520,0
20120712 051100,1.221510,1.221520,1.221390,1.221450,0
20120712 051200,1.221460,1.221510,1.221380,1.221510,0
20120712 051300,1.221490,1.221620,1.221480,1.221590,0
20120712 051400,1.221570,1.221810,1.221490,1.221800,0
20120712 051500,1.221810,1.221980,1.221780,1.221870,0
20120712 051600,1.221880,1.222150,1.221880,1.222130,0
20120712 051700,1.222110,1.222120,1.222030,1.222050,0
20120712 051800,1.222060,1.222190,1.221970,1.222160,0
20120712 051900,1.222110,1.222210,1.221980,1.222000,0
20120712 052000,1.222010,1.222010,1.221770,1.221890,0
20120712 052100,1.221870,1.221970,1.221830,1.221870,0
20120712 052200,1.221860,1.222000,1.221860,1.221960,0
20120712 052300,1.221950,1.221960,1.221740,1.221770,0
20120712 052400,1.221760,1.221790,1.221710,1.221790,0
20120712 052500,1.221800,1.222030,1.221800,1.221910,0
20120712 052600,1.221850,1.221860,1.221680,1.221790,0
20120712 052700,1.221770,1.221880,1.221760,1.221860,0
20120712 052800,1.221850,1.221850,1.221660,1.221670,0
20120712 052900,1.221680,1.221910,1.221680,1.221840,0
20120712 053000,1.221810,1.221870,1.221670,1.221710,0
20120712 053100,1.221700,1.221950,1.221650,1.221890,0
20120712 053200,1.221870,1.222160,1.221870,1.222110,0
20120712 053300,1.222090,1.222270,1.222090,1.222270,0
20120712 053400,1.222260,1.222460,1.222260,1.222370,0
20120712 053500,1.222360,1.222580,1.222240,1.222480,0
20120712 053600,1.222490,1.222490,1.222220,1.222310,0
20120712 053700,1.222300,1.222300,1.221950,1.222180,0
20120712 053800,1.222190,1.222200,1.222040,1.222150,0
20120712 053900,1.222170,1.222300,1.222070,1.222070,0
20120712 054000,1.222080,1.222200,1.222080,1.222150,0
20120712 054100,1.222160,1.222160,1.221980,1.222070,0
20120712 054200,1.222060,1.222130,1.221980,1.221980,0
20120712 054300,1.221970,1.221980,1.221810,1.221870,0
20120712 054400,1.221880,1.221910,1.221830,1.221860,0
20120712 054500,1.221840,1.222010,1.221790,1.221860,0
20120712 054600,1.221850,1.222040,1.221840,1.221860,0
20120712 054700,1.221890,1.221980,1.221890,1.221950,0
20120712 054800,1.221990,1.222080,1.221890,1.222040,0
20120712 054900,1.221990,1.221990,1.221880,1.221890,0
20120712 055000,1.221880,1.221880,1.221740,1.221750,0
20120712 055100,1.221720,1.221870,1.221670,1.221850,0
20120712 055200,1.221840,1.221840,1.221660,1.221660,0
20120712 055300,1.221670,1.221770,1.221440,1.221440,0
20120712 055400,1.221430,1.221430,1.221270,1.221350,0
20120712 055500,1.221320,1.221470,1.221300,1.221440,0
20120712 055600,1.221460,1.221490,1.221440,1.221470,0
20120712 055700,1.221450,1.221590,1.221450,1.221560,0
20120712 055800,1.221570,1.221610,1.221560,1.221610,0
20120712 055900,1.221600,1.221780,1.221590,1.221650,0
20120712 060000,1.221640,1.221780,1.221450,1.221700,0
20120712 060100,1.221710,1.221770,1.221610,1.221770,0
20120712 060200,1.221780,1.221780,1.221670,1.221680,0
20120712 060300,1.221690,1.221690,1.221480,1.221500,0
20120712 060400,1.221570,1.221640,1.221410,1.221430,0
20120712 060500,1.221460,1.221500,1.221350,1.221380,0
20120712 060600,1.221390,1.221390,1.221280,1.221370,0
20120712 060700,1.221360,1.221440,1.221350,1.221370,0
20120712 060800,1.221380,1.221460,1.221160,1.221160,0
20120712 060900,1.221180,1.221380,1.221130,1.221360,0
20120712 061000,1.221370,1.221450,1.221370,1.221400,0
20120712 061100,1.221390,1.221430,1.221390,1.221390,0
20120712 061200,1.221360,1.221370,1.221100,1.221110,0
20120712 061300,1.221120,1.221440,1.221110,1.221310,0
20120712 061400,1.221330,1.221340,1.220980,1.220980,0
20120712 061500,1.220990,1.221090,1.220970,1.221060,0
20120712 061600,1.221080,1.221110,1.220900,1.220900,0
20120712 061700,1.220910,1.220940,1.220150,1.220280,0
20120712 061800,1.220220,1.220290,1.219590,1.220120,0
20120712 061900,1.220070,1.220260,1.220010,1.220070,0
20120712 062000,1.220090,1.220290,1.220010,1.220270,0
20120712 062100,1.220290,1.220300,1.219640,1.219770,0
20120712 062200,1.219780,1.220280,1.219780,1.220210,0
20120712 062300,1.220180,1.220300,1.219790,1.219840,0
20120712 062400,1.219800,1.220350,1.219790,1.220350,0
20120712 062500,1.220320,1.220380,1.220140,1.220230,0
20120712 062600,1.220240,1.220240,1.219880,1.220090,0
20120712 062700,1.220070,1.220070,1.219670,1.219750,0
20120712 062800,1.219760,1.219810,1.219190,1.219210,0
20120712 062900,1.219200,1.219760,1.219200,1.219730,0
20120712 063000,1.219700,1.219710,1.219200,1.219260,0
20120712 063100,1.219280,1.219550,1.218940,1.218940,0
20120712 063200,1.218880,1.218900,1.218360,1.218640,0
20120712 063300,1.218630,1.218790,1.218380,1.218480,0
20120712 063400,1.218470,1.218650,1.218420,1.218610,0
20120712 063500,1.218620,1.219070,1.218570,1.219000,0
20120712 063600,1.218990,1.219020,1.218790,1.218850,0
20120712 063700,1.218860,1.219010,1.218660,1.218980,0
20120712 063800,1.218990,1.219290,1.218990,1.219160,0
20120712 063900,1.219150,1.219150,1.218950,1.218980,0
20120712 064000,1.218960,1.219180,1.218960,1.219150,0
20120712 064100,1.219160,1.219230,1.219060,1.219170,0
20120712 064200,1.219160,1.219180,1.218920,1.219010,0
20120712 064300,1.218960,1.218990,1.218750,1.218850,0
20120712 064400,1.218860,1.218860,1.218550,1.218790,0
20120712 064500,1.218780,1.218780,1.218560,1.218570,0
20120712 064600,1.218590,1.218750,1.218580,1.218690,0
20120712 064700,1.218720,1.218970,1.218630,1.218970,0
20120712 064800,1.218960,1.219260,1.218920,1.219240,0
20120712 064900,1.219250,1.219290,1.219190,1.219270,0
20120712 065000,1.219290,1.219370,1.218960,1.218960,0
20120712 065100,1.218920,1.218920,1.218770,1.218870,0
20120712 065200,1.218910,1.219170,1.218880,1.219100,0
20120712 065300,1.219090,1.219100,1.218790,1.218890,0
20120712 065400,1.218940,1.219060,1.218830,1.218870,0
20120712 065500,1.218900,1.219040,1.218850,1.218990,0
20120712 065600,1.218980,1.219070,1.218770,1.218790,0
20120712 065700,1.218820,1.219010,1.218770,1.218900,0
20120712 065800,1.218920,1.218970,1.218800,1.218820,0
20120712 065900,1.218800,1.218900,1.218760,1.218790,0
20120712 070000,1.218710,1.218720,1.217650,1.217880,0
20120712 070100,1.217820,1.217880,1.217190,1.217670,0
20120712 070200,1.217690,1.217810,1.217610,1.217750,0
20120712 070300,1.217770,1.218330,1.217750,1.218210,0
20120712 070400,1.218200,1.218580,1.218090,1.218460,0
20120712 070500,1.218470,1.218490,1.217810,1.218010,0
20120712 070600,1.218000,1.218390,1.217970,1.218350,0
20120712 070700,1.218300,1.218410,1.217930,1.218140,0
20120712 070800,1.218160,1.218260,1.217860,1.217860,0
20120712 070900,1.217890,1.218120,1.217740,1.217890,0
20120712 071000,1.217920,1.218060,1.217870,1.217980,0
20120712 071100,1.217970,1.217990,1.217900,1.217910,0
20120712 071200,1.217920,1.217980,1.217660,1.217680,0
20120712 071300,1.217690,1.217930,1.217690,1.217920,0
20120712 071400,1.217950,1.218170,1.217920,1.218080,0
20120712 071500,1.218090,1.218210,1.218090,1.218190,0
20120712 071600,1.218200,1.218270,1.217880,1.217950,0
20120712 071700,1.217940,1.217940,1.217670,1.217880,0
20120712 071800,1.217870,1.218010,1.217870,1.217910,0
20120712 071900,1.217900,1.218220,1.217890,1.218190,0
20120712 072000,1.218200,1.218200,1.217960,1.218060,0
20120712 072100,1.218070,1.218140,1.217980,1.218080,0
20120712 072200,1.218070,1.218080,1.217940,1.217950,0
20120712 072300,1.217960,1.218000,1.217860,1.217860,0
20120712 072400,1.217870,1.217920,1.217700,1.217760,0
20120712 072500,1.217770,1.217880,1.217770,1.217880,0
20120712 072600,1.217870,1.218140,1.217870,1.218000,0
20120712 072700,1.218050,1.218080,1.217970,1.218070,0
20120712 072800,1.218020,1.218050,1.217810,1.217870,0
20120712 072900,1.217860,1.217900,1.217850,1.217880,0
20120712 073000,1.217870,1.217890,1.217660,1.217720,0
20120712 073100,1.217730,1.217800,1.217590,1.217660,0
20120712 073200,1.217670,1.217670,1.217240,1.217250,0
20120712 073300,1.217230,1.217290,1.216940,1.217280,0
20120712 073400,1.217260,1.217360,1.217160,1.217360,0
20120712 073500,1.217440,1.217530,1.217190,1.217530,0
20120712 073600,1.217560,1.217560,1.217330,1.217480,0
20120712 073700,1.217450,1.217650,1.217250,1.217360,0
20120712 073800,1.217350,1.217480,1.217280,1.217400,0
20120712 073900,1.217420,1.217550,1.217370,1.217430,0
20120712 074000,1.217450,1.217450,1.217300,1.217390,0
20120712 074100,1.217370,1.217480,1.217280,1.217360,0
20120712 074200,1.217390,1.217440,1.217380,1.217420,0
20120712 074300,1.217410,1.217460,1.217150,1.217270,0
20120712 074400,1.217280,1.217340,1.217030,1.217060,0
20120712 074500,1.217050,1.217390,1.217030,1.217370,0
20120712 074600,1.217360,1.217770,1.217350,1.217720,0
20120712 074700,1.217670,1.217700,1.217470,1.217660,0
20120712 074800,1.217650,1.217650,1.217430,1.217460,0
20120712 074900,1.217450,1.217470,1.217360,1.217470,0
20120712 075000,1.217480,1.217690,1.217480,1.217680,0
20120712 075100,1.217690,1.217690,1.217500,1.217590,0
20120712 075200,1.217670,1.217680,1.217540,1.217580,0
20120712 075300,1.217570,1.217630,1.217390,1.217470,0
20120712 075400,1.217460,1.217460,1.217290,1.217370,0
20120712 075500,1.217360,1.217730,1.217360,1.217450,0
20120712 075600,1.217460,1.217580,1.217350,1.217580,0
20120712 075700,1.217510,1.217600,1.217500,1.217570,0
20120712 075800,1.217580,1.217880,1.217580,1.217880,0
20120712 075900,1.217940,1.218090,1.217910,1.217970,0
20120712 080000,1.217980,1.218080,1.217890,1.218060,0
20120712 080100,1.218050,1.218190,1.218010,1.218190,0
20120712 080200,1.218180,1.218570,1.218180,1.218570,0
20120712 080300,1.218600,1.218810,1.218540,1.218550,0
20120712 080400,1.218540,1.218790,1.218470,1.218700,0
20120712 080500,1.218690,1.218780,1.218590,1.218650,0
20120712 080600,1.218670,1.218670,1.218250,1.218330,0
20120712 080700,1.218340,1.218370,1.218270,1.218350,0
20120712 080800,1.218340,1.218360,1.218110,1.218180,0
20120712 080900,1.218240,1.218250,1.218120,1.218120,0
20120712 081000,1.218130,1.218130,1.217800,1.217800,0
20120712 081100,1.217840,1.217870,1.217640,1.217660,0
20120712 081200,1.217650,1.217700,1.217560,1.217590,0
20120712 081300,1.217550,1.217560,1.217370,1.217550,0
20120712 081400,1.217540,1.217890,1.217510,1.217700,0
20120712 081500,1.217710,1.218230,1.217700,1.218100,0
20120712 081600,1.218120,1.218210,1.217960,1.218050,0
20120712 081700,1.218070,1.218080,1.217960,1.218000,0
20120712 081800,1.217990,1.218270,1.217970,1.218270,0
20120712 081900,1.218260,1.218260,1.217960,1.218140,0
20120712 082000,1.218150,1.218220,1.218060,1.218140,0
20120712 082100,1.218110,1.218210,1.217950,1.218210,0
20120712 082200,1.218250,1.218590,1.218190,1.218390,0
20120712 082300,1.218410,1.218610,1.218390,1.218520,0
20120712 082400,1.218500,1.218740,1.218300,1.218380,0
20120712 082500,1.218370,1.218460,1.218280,1.218280,0
20120712 082600,1.218290,1.218460,1.218290,1.218440,0
20120712 082700,1.218410,1.218410,1.218280,1.218300,0
20120712 082800,1.218330,1.218590,1.218330,1.218480,0
20120712 082900,1.218470,1.218560,1.218320,1.218500,0
20120712 083000,1.218530,1.218690,1.217960,1.218210,0
20120712 083100,1.218200,1.218200,1.217960,1.217960,0
20120712 083200,1.217800,1.217870,1.216950,1.217350,0
20120712 083300,1.217360,1.217360,1.216620,1.216860,0
20120712 083400,1.216890,1.217350,1.216820,1.217270,0
20120712 083500,1.217260,1.217680,1.217240,1.217260,0
20120712 083600,1.217250,1.217660,1.217190,1.217490,0
20120712 083700,1.217500,1.217670,1.217410,1.217610,0
20120712 083800,1.217600,1.217670,1.217570,1.217660,0
20120712 083900,1.217640,1.217660,1.217160,1.217270,0
20120712 084000,1.217250,1.217440,1.217180,1.217190,0
20120712 084100,1.217180,1.217260,1.217060,1.217190,0
20120712 084200,1.217200,1.217690,1.217160,1.217660,0
20120712 084300,1.217670,1.217840,1.217530,1.217570,0
20120712 084400,1.217560,1.217720,1.217560,1.217720,0
20120712 084500,1.217710,1.217910,1.217590,1.217590,0
20120712 084600,1.217630,1.217800,1.217590,1.217790,0
20120712 084700,1.217770,1.218010,1.217740,1.217980,0
20120712 084800,1.217970,1.217970,1.217770,1.217770,0
20120712 084900,1.217760,1.217780,1.217600,1.217780,0
20120712 085000,1.217800,1.217870,1.217700,1.217860,0
20120712 085100,1.217880,1.218390,1.217870,1.218280,0
20120712 085200,1.218290,1.218290,1.218030,1.218160,0
20120712 085300,1.218150,1.218190,1.217950,1.217960,0
20120712 085400,1.217980,1.218360,1.217960,1.218330,0
20120712 085500,1.218340,1.218360,1.218080,1.218090,0
20120712 085600,1.218100,1.218100,1.217870,1.218030,0
20120712 085700,1.218020,1.218300,1.218020,1.218280,0
20120712 085800,1.218220,1.218220,1.218060,1.218100,0
20120712 085900,1.218120,1.218290,1.218120,1.218220,0
20120712 090000,1.218230,1.218390,1.218190,1.218360,0
20120712 090100,1.218350,1.218930,1.218350,1.218870,0
20120712 090200,1.218900,1.219130,1.218660,1.218670,0
20120712 090300,1.218680,1.218910,1.218680,1.218890,0
20120712 090400,1.218880,1.218880,1.218670,1.218770,0
20120712 090500,1.218750,1.218810,1.218560,1.218570,0
20120712 090600,1.218560,1.218560,1.218280,1.218340,0
20120712 090700,1.218330,1.218610,1.218240,1.218550,0
20120712 090800,1.218560,1.218740,1.218470,1.218700,0
20120712 090900,1.218690,1.218760,1.218590,1.218710,0
20120712 091000,1.218740,1.218840,1.218680,1.218720,0
20120712 091100,1.218710,1.218740,1.218470,1.218560,0
20120712 091200,1.218550,1.218550,1.218130,1.218210,0
20120712 091300,1.218220,1.218370,1.218180,1.218270,0
20120712 091400,1.218280,1.218380,1.218280,1.218380,0
20120712 091500,1.218370,1.218380,1.218130,1.218130,0
20120712 091600,1.218170,1.218310,1.218130,1.218300,0
20120712 091700,1.218310,1.218680,1.218160,1.218680,0
20120712 091800,1.218600,1.218720,1.218530,1.218690,0
20120712 091900,1.218700,1.218780,1.218540,1.218740,0
20120712 092000,1.218750,1.218760,1.218430,1.218430,0
20120712 092100,1.218400,1.218480,1.218380,1.218440,0
20120712 092200,1.218450,1.218650,1.218440,1.218590,0
20120712 092300,1.218580,1.218710,1.218570,1.218710,0
20120712 092400,1.218700,1.218790,1.218670,1.218770,0
20120712 092500,1.218760,1.218780,1.218570,1.218600,0
20120712 092600,1.218590,1.218590,1.218450,1.218480,0
20120712 092700,1.218470,1.218550,1.218350,1.218460,0
20120712 092800,1.218420,1.218420,1.218250,1.218280,0
20120712 092900,1.218310,1.218460,1.218300,1.218380,0
20120712 093000,1.218420,1.218420,1.218000,1.218080,0
20120712 093100,1.218070,1.218110,1.217580,1.217710,0
20120712 093200,1.217750,1.217900,1.217640,1.217780,0
20120712 093300,1.217770,1.218090,1.217690,1.217920,0
20120712 093400,1.217930,1.218120,1.217630,1.217910,0
20120712 093500,1.217880,1.217880,1.217590,1.217670,0
20120712 093600,1.217650,1.217650,1.217480,1.217600,0
20120712 093700,1.217610,1.217880,1.217610,1.217740,0
20120712 093800,1.217700,1.217900,1.217550,1.217890,0
20120712 093900,1.217910,1.218080,1.217890,1.217960,0
20120712 094000,1.217940,1.218030,1.217650,1.218020,0
20120712 094100,1.218000,1.218010,1.217530,1.217530,0
20120712 094200,1.217520,1.217600,1.217410,1.217510,0
20120712 094300,1.217500,1.217880,1.217500,1.217830,0
20120712 094400,1.217850,1.218010,1.217800,1.217910,0
20120712 094500,1.217920,1.218000,1.217820,1.217990,0
20120712 094600,1.218000,1.218670,1.217980,1.218640,0
20120712 094700,1.218650,1.218850,1.218640,1.218700,0
20120712 094800,1.218710,1.218780,1.218500,1.218630,0
20120712 094900,1.218620,1.218800,1.218410,1.218800,0
20120712 095000,1.218750,1.218820,1.218450,1.218460,0
20120712 095100,1.218450,1.218600,1.218310,1.218410,0
20120712 095200,1.218420,1.218640,1.218340,1.218490,0
20120712 095300,1.218480,1.218700,1.218320,1.218320,0
20120712 095400,1.218330,1.218340,1.217990,1.217990,0
20120712 095500,1.218000,1.218640,1.217990,1.218630,0
20120712 095600,1.218640,1.218640,1.218390,1.218410,0
20120712 095700,1.218400,1.218770,1.218280,1.218770,0
20120712 095800,1.218760,1.218780,1.218480,1.218510,0
20120712 095900,1.218490,1.218740,1.218420,1.218420,0
20120712 100000,1.218400,1.218500,1.217810,1.217960,0
20120712 100100,1.217970,1.218420,1.217970,1.218420,0
20120712 100200,1.218450,1.218930,1.218450,1.218830,0
20120712 100300,1.218820,1.218920,1.218490,1.218730,0
20120712 100400,1.218720,1.218720,1.218440,1.218450,0
20120712 100500,1.218440,1.218490,1.218170,1.218380,0
20120712 100600,1.218440,1.218570,1.218040,1.218460,0
20120712 100700,1.218450,1.218460,1.218170,1.218370,0
20120712 100800,1.218380,1.218510,1.218270,1.218350,0
20120712 100900,1.218320,1.218350,1.218040,1.218040,0
20120712 101000,1.218000,1.218350,1.217790,1.218220,0
20120712 101100,1.218280,1.218280,1.217970,1.217980,0
20120712 101200,1.218000,1.218180,1.217860,1.218170,0
20120712 101300,1.218160,1.218360,1.218100,1.218200,0
20120712 101400,1.218180,1.218290,1.218060,1.218280,0
20120712 101500,1.218250,1.218380,1.218130,1.218290,0
20120712 101600,1.218280,1.218320,1.218090,1.218310,0
20120712 101700,1.218290,1.218380,1.218260,1.218260,0
20120712 101800,1.218280,1.218280,1.217990,1.218070,0
20120712 101900,1.218090,1.218290,1.218080,1.218280,0
20120712 102000,1.218290,1.218580,1.218200,1.218510,0
20120712 102100,1.218500,1.218580,1.218270,1.218290,0
20120712 102200,1.218320,1.218390,1.218100,1.218370,0
20120712 102300,1.218360,1.218420,1.218280,1.218360,0
20120712 102400,1.218380,1.218450,1.218170,1.218170,0
20120712 102500,1.218180,1.218200,1.217830,1.217930,0
20120712 102600,1.217950,1.218300,1.217930,1.218190,0
20120712 102700,1.218210,1.218490,1.218160,1.218400,0
20120712 102800,1.218410,1.218590,1.218400,1.218550,0
20120712 102900,1.218560,1.219350,1.218560,1.219330,0
20120712 103000,1.219300,1.219340,1.219060,1.219140,0
20120712 103100,1.219170,1.219300,1.219130,1.219170,0
20120712 103200,1.219160,1.219220,1.218740,1.218750,0
20120712 103300,1.218740,1.218890,1.218660,1.218800,0
20120712 103400,1.218810,1.218900,1.218800,1.218900,0
20120712 103500,1.218890,1.219060,1.218860,1.218890,0
20120712 103600,1.218880,1.218890,1.218790,1.218870,0
20120712 103700,1.218860,1.218880,1.218570,1.218690,0
20120712 103800,1.218680,1.218690,1.218400,1.218420,0
20120712 103900,1.218430,1.218500,1.218210,1.218270,0
20120712 104000,1.218260,1.218260,1.217790,1.217810,0
20120712 104100,1.217870,1.218130,1.217660,1.217720,0
20120712 104200,1.217700,1.217710,1.217480,1.217600,0
20120712 104300,1.217610,1.217990,1.217600,1.217990,0
20120712 104400,1.218020,1.218100,1.217910,1.217950,0
20120712 104500,1.217900,1.217900,1.217620,1.217680,0
20120712 104600,1.217670,1.217670,1.217410,1.217480,0
20120712 104700,1.217490,1.217780,1.217480,1.217670,0
20120712 104800,1.217680,1.217760,1.217600,1.217600,0
20120712 104900,1.217610,1.217700,1.217490,1.217490,0
20120712 105000,1.217480,1.217540,1.217280,1.217390,0
20120712 105100,1.217380,1.217720,1.217370,1.217620,0
20120712 105200,1.217650,1.217890,1.217650,1.217790,0
20120712 105300,1.217750,1.218090,1.217750,1.218020,0
20120712 105400,1.218010,1.218110,1.218010,1.218100,0
20120712 105500,1.218130,1.218400,1.217850,1.217870,0
20120712 105600,1.217890,1.218170,1.217890,1.218090,0
20120712 105700,1.218100,1.218290,1.218100,1.218180,0
20120712 105800,1.218210,1.218460,1.218050,1.218050,0
20120712 105900,1.218040,1.218490,1.218040,1.218300,0
20120712 110000,1.218260,1.218380,1.218180,1.218370,0
20120712 110100,1.218400,1.218400,1.218220,1.218290,0
20120712 110200,1.218370,1.218500,1.218260,1.218480,0
20120712 110300,1.218490,1.218710,1.218480,1.218710,0
20120712 110400,1.218700,1.219020,1.218700,1.219010,0
20120712 110500,1.219000,1.219100,1.218840,1.218840,0
20120712 110600,1.218780,1.218870,1.218660,1.218680,0
20120712 110700,1.218670,1.218880,1.218650,1.218860,0
20120712 110800,1.218810,1.218840,1.218660,1.218770,0
20120712 110900,1.218760,1.218880,1.218750,1.218790,0
20120712 111000,1.218810,1.218860,1.218670,1.218680,0
20120712 111100,1.218690,1.218780,1.218610,1.218750,0
20120712 111200,1.218730,1.218780,1.218630,1.218680,0
20120712 111300,1.218630,1.218900,1.218610,1.218900,0
20120712 111400,1.218890,1.219100,1.218880,1.218920,0
20120712 111500,1.218910,1.219100,1.218870,1.218870,0
20120712 111600,1.218880,1.219000,1.218810,1.218980,0
20120712 111700,1.218970,1.218980,1.218660,1.218790,0
20120712 111800,1.218780,1.218950,1.218770,1.218880,0
20120712 111900,1.218890,1.218890,1.218570,1.218580,0
20120712 112000,1.218590,1.218770,1.218580,1.218750,0
20120712 112100,1.218720,1.218760,1.218370,1.218370,0
20120712 112200,1.218380,1.218480,1.218380,1.218420,0
20120712 112300,1.218430,1.218450,1.218200,1.218280,0
20120712 112400,1.218290,1.218480,1.218250,1.218460,0
20120712 112500,1.218480,1.218630,1.218420,1.218600,0
20120712 112600,1.218590,1.218730,1.218570,1.218680,0
20120712 112700,1.218670,1.219110,1.218670,1.218980,0
20120712 112800,1.218970,1.219050,1.218890,1.218980,0
20120712 112900,1.218970,1.218970,1.218640,1.218800,0
20120712 113000,1.218780,1.219180,1.218780,1.219160,0
20120712 113100,1.219170,1.219210,1.218990,1.219130,0
20120712 113200,1.219160,1.219180,1.218970,1.218980,0
20120712 113300,1.218970,1.219130,1.218890,1.219050,0
20120712 113400,1.219030,1.219040,1.218910,1.218990,0
20120712 113500,1.219000,1.219000,1.218770,1.218770,0
20120712 113600,1.218750,1.218760,1.218610,1.218670,0
20120712 113700,1.218690,1.218990,1.218690,1.218970,0
20120712 113800,1.218980,1.219290,1.218970,1.219290,0
20120712 113900,1.219280,1.219310,1.218960,1.218990,0
20120712 114000,1.218980,1.219080,1.218970,1.218990,0
20120712 114100,1.219030,1.219050,1.218920,1.218990,0
20120712 114200,1.218950,1.219270,1.218890,1.219090,0
20120712 114300,1.219100,1.219300,1.219070,1.219280,0
20120712 114400,1.219290,1.220190,1.219250,1.220170,0
20120712 114500,1.220180,1.221050,1.220090,1.220240,0
20120712 114600,1.220190,1.220470,1.220110,1.220450,0
20120712 114700,1.220440,1.220620,1.220130,1.220370,0
20120712 114800,1.220360,1.220460,1.220020,1.220060,0
20120712 114900,1.220050,1.220580,1.219970,1.220470,0
20120712 115000,1.220380,1.220380,1.220150,1.220170,0
20120712 115100,1.220160,1.220200,1.219880,1.219950,0
20120712 115200,1.219960,1.220090,1.219950,1.219990,0
20120712 115300,1.220000,1.220210,1.219790,1.219850,0
20120712 115400,1.219810,1.219830,1.219290,1.219440,0
20120712 115500,1.219450,1.219870,1.219430,1.219870,0
20120712 115600,1.219880,1.220370,1.219870,1.220270,0
20120712 115700,1.220250,1.220290,1.219770,1.219870,0
20120712 115800,1.219860,1.219970,1.219720,1.219800,0
20120712 115900,1.219780,1.219870,1.219750,1.219770,0
20120712 120000,1.219780,1.219990,1.219780,1.219900,0
20120712 120100,1.219890,1.219940,1.219800,1.219900,0
20120712 120200,1.219890,1.220000,1.219780,1.219850,0
20120712 120300,1.219860,1.219860,1.219750,1.219760,0
20120712 120400,1.219770,1.219770,1.219460,1.219490,0
20120712 120500,1.219540,1.219600,1.219460,1.219460,0
20120712 120600,1.219470,1.219500,1.219400,1.219450,0
20120712 120700,1.219460,1.219490,1.219380,1.219480,0
20120712 120800,1.219470,1.219500,1.219450,1.219450,0
20120712 120900,1.219460,1.219460,1.219360,1.219450,0
20120712 121000,1.219410,1.219410,1.219140,1.219290,0
20120712 121100,1.219280,1.219530,1.219280,1.219500,0
20120712 121200,1.219520,1.219570,1.219450,1.219450,0
20120712 121300,1.219460,1.219800,1.219460,1.219670,0
20120712 121400,1.219690,1.219890,1.219690,1.219790,0
20120712 121500,1.219780,1.219890,1.219750,1.219750,0
20120712 121600,1.219770,1.219830,1.219610,1.219650,0
20120712 121700,1.219640,1.219650,1.219570,1.219610,0
20120712 121800,1.219600,1.219630,1.219550,1.219600,0
20120712 121900,1.219610,1.219680,1.219560,1.219610,0
20120712 122000,1.219630,1.219650,1.219470,1.219650,0
20120712 122100,1.219670,1.219780,1.219640,1.219680,0
20120712 122200,1.219660,1.219710,1.219560,1.219660,0
20120712 122300,1.219670,1.219670,1.219450,1.219450,0
20120712 122400,1.219430,1.219620,1.219400,1.219620,0
20120712 122500,1.219630,1.219690,1.219620,1.219670,0
20120712 122600,1.219680,1.219680,1.219650,1.219660,0
20120712 122700,1.219680,1.219680,1.219630,1.219670,0
20120712 122800,1.219660,1.219700,1.219500,1.219560,0
20120712 122900,1.219570,1.219700,1.219460,1.219650,0
20120712 123000,1.219660,1.219670,1.219570,1.219570,0
20120712 123100,1.219580,1.219580,1.219330,1.219330,0
20120712 123200,1.219340,1.219340,1.218990,1.219160,0
20120712 123300,1.219170,1.219330,1.219160,1.219280,0
20120712 123400,1.219230,1.219300,1.219160,1.219270,0
20120712 123500,1.219260,1.219420,1.219190,1.219190,0
20120712 123600,1.219200,1.219270,1.219190,1.219200,0
20120712 123700,1.219190,1.219370,1.219180,1.219290,0
20120712 123800,1.219280,1.219500,1.219280,1.219390,0
20120712 123900,1.219420,1.219480,1.219320,1.219370,0
20120712 124000,1.219380,1.219500,1.219380,1.219450,0
20120712 124100,1.219440,1.219520,1.219430,1.219510,0
20120712 124200,1.219520,1.219770,1.219510,1.219670,0
20120712 124300,1.219660,1.219680,1.219490,1.219600,0
20120712 124400,1.219580,1.219720,1.219580,1.219670,0
20120712 124500,1.219720,1.219760,1.219580,1.219670,0
20120712 124600,1.219690,1.219700,1.219580,1.219580,0
20120712 124700,1.219590,1.219610,1.219570,1.219570,0
20120712 124800,1.219550,1.219550,1.219370,1.219470,0
20120712 124900,1.219460,1.219530,1.219450,1.219490,0
20120712 125000,1.219480,1.219680,1.219440,1.219660,0
20120712 125100,1.219670,1.219720,1.219580,1.219630,0
20120712 125200,1.219640,1.219790,1.219500,1.219600,0
20120712 125300,1.219610,1.219790,1.219610,1.219690,0
20120712 125400,1.219650,1.219700,1.219610,1.219660,0
20120712 125500,1.219670,1.219680,1.219570,1.219580,0
20120712 125600,1.219570,1.219690,1.219560,1.219680,0
20120712 125700,1.219690,1.219760,1.219570,1.219750,0
20120712 125800,1.219760,1.219790,1.219750,1.219780,0
20120712 125900,1.219790,1.219790,1.219590,1.219710,0
20120712 130000,1.219690,1.219690,1.219390,1.219450,0
20120712 130100,1.219460,1.219500,1.219180,1.219220,0
20120712 130200,1.219150,1.219280,1.219080,1.219110,0
20120712 130300,1.219100,1.219190,1.219070,1.219130,0
20120712 130400,1.219160,1.219250,1.219040,1.219120,0
20120712 130500,1.219110,1.219410,1.219100,1.219400,0
20120712 130600,1.219290,1.219410,1.219280,1.219380,0
20120712 130700,1.219390,1.219500,1.219370,1.219480,0
20120712 130800,1.219460,1.219500,1.219440,1.219470,0
20120712 130900,1.219480,1.219480,1.219270,1.219290,0
20120712 131000,1.219270,1.219400,1.219260,1.219290,0
20120712 131100,1.219280,1.219360,1.219250,1.219300,0
20120712 131200,1.219290,1.219560,1.219280,1.219490,0
20120712 131300,1.219510,1.219680,1.219190,1.219290,0
20120712 131400,1.219370,1.219530,1.219340,1.219530,0
20120712 131500,1.219510,1.219540,1.219380,1.219410,0
20120712 131600,1.219430,1.219700,1.219390,1.219610,0
20120712 131700,1.219620,1.219640,1.219480,1.219490,0
20120712 131800,1.219410,1.219410,1.219280,1.219390,0
20120712 131900,1.219380,1.219390,1.219370,1.219390,0
20120712 132000,1.219400,1.219610,1.219370,1.219530,0
20120712 132100,1.219520,1.219600,1.219480,1.219510,0
20120712 132200,1.219490,1.219520,1.219470,1.219470,0
20120712 132300,1.219490,1.219500,1.219480,1.219480,0
20120712 132400,1.219490,1.219510,1.219470,1.219500,0
20120712 132500,1.219490,1.219580,1.219410,1.219580,0
20120712 132600,1.219590,1.219710,1.219590,1.219700,0
20120712 132700,1.219690,1.219700,1.219480,1.219500,0
20120712 132800,1.219490,1.219510,1.219280,1.219310,0
20120712 132900,1.219320,1.219330,1.219210,1.219290,0
20120712 133000,1.219280,1.219380,1.219210,1.219280,0
20120712 133100,1.219260,1.219260,1.218980,1.219180,0
20120712 133200,1.219200,1.219420,1.219200,1.219410,0
20120712 133300,1.219390,1.219520,1.219330,1.219470,0
20120712 133400,1.219460,1.219520,1.219390,1.219490,0
20120712 133500,1.219480,1.219610,1.219480,1.219540,0
20120712 133600,1.219520,1.219590,1.219400,1.219590,0
20120712 133700,1.219530,1.219540,1.219500,1.219540,0
20120712 133800,1.219550,1.219680,1.219500,1.219500,0
20120712 133900,1.219510,1.219600,1.219480,1.219480,0
20120712 134000,1.219500,1.219580,1.219370,1.219380,0
20120712 134100,1.219370,1.219490,1.219370,1.219490,0
20120712 134200,1.219480,1.219660,1.219480,1.219560,0
20120712 134300,1.219570,1.219570,1.219450,1.219490,0
20120712 134400,1.219520,1.219780,1.219520,1.219690,0
20120712 134500,1.219680,1.219720,1.219630,1.219710,0
20120712 134600,1.219730,1.219780,1.219710,1.219750,0
20120712 134700,1.219740,1.219830,1.219740,1.219790,0
20120712 134800,1.219800,1.219830,1.219780,1.219800,0
20120712 134900,1.219810,1.220030,1.219780,1.219910,0
20120712 135000,1.219900,1.219980,1.219810,1.219950,0
20120712 135100,1.219970,1.219970,1.219820,1.219950,0
20120712 135200,1.219940,1.219940,1.219750,1.219800,0
20120712 135300,1.219790,1.219810,1.219510,1.219510,0
20120712 135400,1.219500,1.219540,1.219320,1.219320,0
20120712 135500,1.219340,1.219440,1.219310,1.219380,0
20120712 135600,1.219360,1.219370,1.219180,1.219250,0
20120712 135700,1.219230,1.219370,1.219220,1.219340,0
20120712 135800,1.219310,1.219330,1.219240,1.219310,0
20120712 135900,1.219270,1.219380,1.219210,1.219280,0
20120712 140000,1.219270,1.219320,1.219200,1.219220,0
20120712 140100,1.219230,1.219320,1.219230,1.219250,0
20120712 140200,1.219110,1.219200,1.219030,1.219170,0
20120712 140300,1.219140,1.219170,1.218880,1.218930,0
20120712 140400,1.218940,1.219040,1.218670,1.218680,0
20120712 140500,1.218670,1.219040,1.218660,1.218930,0
20120712 140600,1.218940,1.219120,1.218900,1.219090,0
20120712 140700,1.219110,1.219320,1.219110,1.219260,0
20120712 140800,1.219270,1.219280,1.218880,1.218890,0
20120712 140900,1.218860,1.218910,1.218690,1.218890,0
20120712 141000,1.218900,1.219090,1.218810,1.218910,0
20120712 141100,1.218900,1.219040,1.218890,1.219030,0
20120712 141200,1.219010,1.219020,1.218800,1.219020,0
20120712 141300,1.219010,1.219010,1.218660,1.218660,0
20120712 141400,1.218670,1.218720,1.218360,1.218410,0
20120712 141500,1.218430,1.218700,1.218430,1.218620,0
20120712 141600,1.218630,1.218730,1.218590,1.218670,0
20120712 141700,1.218660,1.218730,1.218630,1.218650,0
20120712 141800,1.218640,1.218740,1.218160,1.218500,0
20120712 141900,1.218510,1.218630,1.218490,1.218500,0
20120712 142000,1.218510,1.218640,1.218490,1.218530,0
20120712 142100,1.218520,1.218720,1.218520,1.218540,0
20120712 142200,1.218560,1.218640,1.218280,1.218280,0
20120712 142300,1.218310,1.218340,1.218190,1.218310,0
20120712 142400,1.218340,1.218420,1.218340,1.218410,0
20120712 142500,1.218420,1.218630,1.218420,1.218520,0
20120712 142600,1.218530,1.218630,1.218510,1.218630,0
20120712 142700,1.218620,1.218710,1.218610,1.218670,0
20120712 142800,1.218680,1.218710,1.218620,1.218620,0
20120712 142900,1.218570,1.218600,1.218490,1.218590,0
20120712 143000,1.218610,1.218710,1.218580,1.218710,0
20120712 143100,1.218750,1.219010,1.218730,1.219000,0
20120712 143200,1.218990,1.219000,1.218810,1.218820,0
20120712 143300,1.218830,1.218830,1.218670,1.218710,0
20120712 143400,1.218750,1.218930,1.218700,1.218910,0
20120712 143500,1.218920,1.218980,1.218900,1.218910,0
20120712 143600,1.218920,1.218920,1.218880,1.218910,0
20120712 143700,1.218950,1.219000,1.218870,1.218910,0
20120712 143800,1.218890,1.219140,1.218890,1.219120,0
20120712 143900,1.219110,1.219210,1.219030,1.219030,0
20120712 144000,1.219040,1.219130,1.219010,1.219100,0
20120712 144100,1.219110,1.219130,1.219080,1.219090,0
20120712 144200,1.219050,1.219050,1.218890,1.218920,0
20120712 144300,1.218940,1.219100,1.218940,1.219100,0
20120712 144400,1.219090,1.219100,1.218970,1.219020,0
20120712 144500,1.219010,1.219030,1.218760,1.218930,0
20120712 144600,1.218920,1.219010,1.218910,1.218940,0
20120712 144700,1.218930,1.219020,1.218920,1.219020,0
20120712 144800,1.219030,1.219070,1.218810,1.219050,0
20120712 144900,1.219090,1.219100,1.219020,1.219090,0
20120712 145000,1.219100,1.219240,1.219090,1.219110,0
20120712 145100,1.219120,1.219340,1.219120,1.219210,0
20120712 145200,1.219230,1.219330,1.219230,1.219320,0
20120712 145300,1.219310,1.219310,1.219290,1.219310,0
20120712 145400,1.219300,1.219300,1.219280,1.219280,0
20120712 145500,1.219290,1.219400,1.219280,1.219380,0
20120712 145600,1.219390,1.219550,1.219300,1.219540,0
20120712 145700,1.219520,1.219600,1.219400,1.219420,0
20120712 145800,1.219490,1.219560,1.219470,1.219530,0
20120712 145900,1.219500,1.219650,1.219420,1.219620,0
20120712 150000,1.219600,1.219640,1.219450,1.219450,0
20120712 150100,1.219440,1.219500,1.219400,1.219480,0
20120712 150200,1.219420,1.219490,1.219390,1.219480,0
20120712 150300,1.219490,1.219540,1.219490,1.219500,0
20120712 150400,1.219480,1.219510,1.219460,1.219480,0
20120712 150500,1.219460,1.219580,1.219380,1.219380,0
20120712 150600,1.219390,1.219410,1.219320,1.219400,0
20120712 150700,1.219320,1.219410,1.219310,1.219340,0
20120712 150800,1.219330,1.219410,1.219320,1.219380,0
20120712 150900,1.219400,1.219650,1.219400,1.219590,0
20120712 151000,1.219600,1.219870,1.219590,1.219840,0
20120712 151100,1.219880,1.219930,1.219800,1.219800,0
20120712 151200,1.219810,1.219870,1.219710,1.219710,0
20120712 151300,1.219720,1.219860,1.219710,1.219750,0
20120712 151400,1.219760,1.219800,1.219690,1.219720,0
20120712 151500,1.219710,1.219760,1.219620,1.219740,0
20120712 151600,1.219780,1.219900,1.219780,1.219840,0
20120712 151700,1.219850,1.219850,1.219640,1.219680,0
20120712 151800,1.219690,1.219780,1.219580,1.219630,0
20120712 151900,1.219700,1.219700,1.219390,1.219460,0
20120712 152000,1.219450,1.219540,1.219370,1.219520,0
20120712 152100,1.219500,1.219780,1.219500,1.219690,0
20120712 152200,1.219700,1.219740,1.219650,1.219710,0
20120712 152300,1.219700,1.219750,1.219560,1.219680,0
20120712 152400,1.219670,1.220140,1.219620,1.220120,0
20120712 152500,1.220140,1.220250,1.220100,1.220170,0
20120712 152600,1.220160,1.220160,1.219990,1.220020,0
20120712 152700,1.220010,1.220050,1.219810,1.219900,0
20120712 152800,1.219920,1.220120,1.219920,1.220110,0
20120712 152900,1.220130,1.220140,1.219790,1.219840,0
20120712 153000,1.219830,1.220000,1.219800,1.219860,0
20120712 153100,1.219830,1.220100,1.219810,1.220090,0
20120712 153200,1.220100,1.220220,1.219980,1.220020,0
20120712 153300,1.220040,1.220360,1.220040,1.220350,0
20120712 153400,1.220330,1.220370,1.220210,1.220220,0
20120712 153500,1.220230,1.220310,1.220210,1.220250,0
20120712 153600,1.220240,1.220420,1.220210,1.220410,0
20120712 153700,1.220400,1.220580,1.220390,1.220500,0
20120712 153800,1.220490,1.220570,1.220380,1.220570,0
20120712 153900,1.220560,1.220600,1.220410,1.220590,0
20120712 154000,1.220600,1.220780,1.220580,1.220760,0
20120712 154100,1.220770,1.221000,1.220740,1.220930,0
20120712 154200,1.220880,1.220880,1.220500,1.220510,0
20120712 154300,1.220520,1.220570,1.220480,1.220490,0
20120712 154400,1.220510,1.220590,1.220490,1.220530,0
20120712 154500,1.220520,1.220850,1.220510,1.220740,0
20120712 154600,1.220720,1.220760,1.220610,1.220640,0
20120712 154700,1.220660,1.221000,1.220660,1.220920,0
20120712 154800,1.220940,1.220940,1.220500,1.220560,0
20120712 154900,1.220580,1.220610,1.220510,1.220540,0
20120712 155000,1.220530,1.220530,1.220310,1.220370,0
20120712 155100,1.220380,1.220380,1.220110,1.220110,0
20120712 155200,1.220130,1.220190,1.220090,1.220160,0
20120712 155300,1.220150,1.220330,1.220120,1.220200,0
20120712 155400,1.220210,1.220230,1.220160,1.220200,0
20120712 155500,1.220190,1.220210,1.220090,1.220100,0
20120712 155600,1.220110,1.220150,1.220090,1.220100,0
20120712 155700,1.220070,1.220080,1.219900,1.219960,0
20120712 155800,1.219990,1.220090,1.219940,1.220040,0
20120712 155900,1.220050,1.220390,1.219980,1.220320,0
20120712 160000,1.220340,1.220460,1.220260,1.220320,0
20120712 160100,1.220340,1.220370,1.220300,1.220370,0
20120712 160200,1.220430,1.220710,1.220430,1.220470,0
20120712 160300,1.220510,1.220550,1.220320,1.220440,0
20120712 160400,1.220450,1.220480,1.220230,1.220280,0
20120712 160500,1.220270,1.220310,1.220260,1.220310,0
20120712 160600,1.220330,1.220450,1.220330,1.220440,0
20120712 160700,1.220450,1.220480,1.220330,1.220330,0
20120712 160800,1.220340,1.220480,1.220340,1.220450,0
20120712 160900,1.220470,1.220510,1.220470,1.220510,0
20120712 161000,1.220520,1.220520,1.220470,1.220490,0
20120712 161100,1.220450,1.220490,1.220410,1.220410,0
20120712 161200,1.220390,1.220480,1.220390,1.220440,0
20120712 161300,1.220480,1.220490,1.220460,1.220490,0
20120712 161400,1.220470,1.220470,1.220440,1.220440,0
20120712 161500,1.220480,1.220480,1.220390,1.220390,0
20120712 161600,1.220360,1.220600,1.220330,1.220540,0
20120712 161700,1.220510,1.220510,1.220470,1.220480,0
20120712 161800,1.220490,1.220500,1.220470,1.220470,0
20120712 161900,1.220480,1.220480,1.220440,1.220440,0
20120712 162000,1.220410,1.220410,1.220160,1.220170,0
20120712 162100,1.220160,1.220210,1.220090,1.220130,0
20120712 162200,1.220140,1.220150,1.220110,1.220110,0
20120712 162300,1.220120,1.220120,1.220110,1.220120,0
20120712 162400,1.220110,1.220130,1.220100,1.220110,0
20120712 162500,1.220090,1.220090,1.219980,1.219980,0
20120712 162600,1.219990,1.220050,1.219980,1.220020,0
20120712 162700,1.219990,1.220250,1.219910,1.220230,0
20120712 162800,1.220240,1.220350,1.220220,1.220330,0
20120712 162900,1.220310,1.220310,1.220160,1.220170,0
20120712 163000,1.220140,1.220280,1.220140,1.220180,0
20120712 163100,1.220160,1.220200,1.220120,1.220160,0
20120712 163200,1.220170,1.220230,1.220100,1.220220,0
20120712 163300,1.220230,1.220230,1.220060,1.220140,0
20120712 163400,1.220180,1.220220,1.220090,1.220110,0
20120712 163500,1.220090,1.220150,1.220080,1.220150,0
20120712 163600,1.220180,1.220220,1.219990,1.220070,0
20120712 163700,1.220100,1.220140,1.220050,1.220070,0
20120712 163800,1.220060,1.220070,1.220050,1.220060,0
20120712 163900,1.220070,1.220110,1.220070,1.220110,0
20120712 164000,1.220130,1.220390,1.220130,1.220370,0
20120712 164100,1.220380,1.220380,1.220240,1.220310,0
20120712 164200,1.220260,1.220260,1.220210,1.220250,0
20120712 164300,1.220240,1.220260,1.220240,1.220260,0
20120712 164400,1.220250,1.220340,1.220220,1.220270,0
20120712 164500,1.220260,1.220460,1.220250,1.220360,0
20120712 164600,1.220330,1.220390,1.220280,1.220360,0
20120712 164700,1.220370,1.220430,1.220370,1.220380,0
20120712 164800,1.220370,1.220380,1.220300,1.220300,0
20120712 164900,1.220310,1.220310,1.220270,1.220270,0
20120712 165000,1.220280,1.220330,1.220270,1.220300,0
20120712 165100,1.220310,1.220360,1.220300,1.220360,0
20120712 165200,1.220380,1.220440,1.220380,1.220430,0
20120712 165300,1.220440,1.220450,1.220430,1.220440,0
20120712 165400,1.220430,1.220450,1.220420,1.220430,0
20120712 165500,1.220440,1.220440,1.220130,1.220140,0
20120712 165600,1.220130,1.220370,1.220130,1.220290,0
20120712 165700,1.220300,1.220320,1.220240,1.220250,0
20120712 165800,1.220240,1.220260,1.220220,1.220260,0
20120712 165900,1.220280,1.220310,1.220250,1.220250,0
20120712 170000,1.220240,1.220240,1.220150,1.220170,0
20120712 170100,1.220140,1.220180,1.220140,1.220180,0
20120712 170200,1.220190,1.220200,1.220100,1.220130,0
20120712 170300,1.220090,1.220130,1.220060,1.220060,0
20120712 170400,1.220080,1.220140,1.220070,1.220100,0
20120712 170500,1.220050,1.220090,1.219740,1.219810,0
20120712 170600,1.219860,1.219860,1.219810,1.219850,0
20120712 170700,1.219860,1.219920,1.219800,1.219800,0
20120712 170800,1.219850,1.219850,1.219790,1.219840,0
20120712 170900,1.219870,1.219920,1.219820,1.219850,0
20120712 171000,1.219860,1.219880,1.219810,1.219810,0
20120712 171100,1.219850,1.219850,1.219830,1.219840,0
20120712 171200,1.219850,1.219850,1.219820,1.219820,0
20120712 171300,1.219810,1.219840,1.219810,1.219840,0
20120712 171400,1.219850,1.219850,1.219850,1.219850,0
20120712 171500,1.219830,1.219830,1.219820,1.219820,0
20120712 171600,1.219830,1.219830,1.219790,1.219800,0
20120712 171700,1.219790,1.219800,1.219790,1.219790,0
20120712 171800,1.219800,1.219800,1.219800,1.219800,0
20120712 171900,1.219780,1.219780,1.219760,1.219780,0
20120712 172000,1.219790,1.219800,1.219790,1.219800,0
20120712 172100,1.219790,1.219820,1.219780,1.219810,0
20120712 172200,1.219780,1.219790,1.219740,1.219740,0
20120712 172300,1.219750,1.219760,1.219670,1.219690,0
20120712 172400,1.219680,1.219720,1.219680,1.219720,0
20120712 172500,1.219690,1.219700,1.219680,1.219680,0
20120712 172600,1.219670,1.219690,1.219670,1.219680,0
20120712 172700,1.219670,1.219740,1.219670,1.219690,0
20120712 172800,1.219680,1.219700,1.219680,1.219700,0
20120712 172900,1.219720,1.219750,1.219690,1.219700,0
20120712 173000,1.219690,1.219710,1.219680,1.219690,0
20120712 173100,1.219680,1.219680,1.219680,1.219680,0
20120712 173200,1.219690,1.219720,1.219690,1.219710,0
20120712 173300,1.219700,1.219710,1.219690,1.219690,0
20120712 173400,1.219710,1.219710,1.219630,1.219640,0
20120712 173500,1.219650,1.219710,1.219600,1.219710,0
20120712 173600,1.219730,1.219750,1.219730,1.219740,0
20120712 173700,1.219750,1.219750,1.219750,1.219750,0
20120712 173800,1.219720,1.219730,1.219700,1.219720,0
20120712 173900,1.219710,1.219710,1.219660,1.219660,0
20120712 174000,1.219690,1.219720,1.219630,1.219710,0
20120712 174100,1.219720,1.219720,1.219690,1.219710,0
20120712 174200,1.219700,1.219700,1.219650,1.219680,0
20120712 174300,1.219670,1.219670,1.219580,1.219600,0
20120712 174400,1.219610,1.219610,1.219590,1.219600,0
20120712 174500,1.219590,1.219660,1.219590,1.219640,0
20120712 174600,1.219650,1.219660,1.219650,1.219660,0
20120712 174700,1.219670,1.219670,1.219670,1.219670,0
20120712 174800,1.219660,1.219660,1.219660,1.219660,0
20120712 174900,1.219690,1.219750,1.219680,1.219750,0
20120712 175000,1.219700,1.219790,1.219690,1.219790,0
20120712 175100,1.219780,1.219780,1.219780,1.219780,0
20120712 175200,1.219770,1.219770,1.219740,1.219740,0
20120712 175300,1.219730,1.219740,1.219730,1.219740,0
20120712 175400,1.219730,1.219790,1.219720,1.219790,0
20120712 175500,1.219800,1.219840,1.219770,1.219780,0
20120712 175600,1.219760,1.219790,1.219760,1.219780,0
20120712 175700,1.219790,1.220110,1.219790,1.220110,0
20120712 175800,1.220100,1.220100,1.220070,1.220100,0
20120712 175900,1.220090,1.220100,1.219860,1.219890,0
20120712 180000,1.219870,1.220120,1.219870,1.220060,0
20120712 180100,1.220070,1.220090,1.220050,1.220080,0
20120712 180200,1.220070,1.220190,1.220030,1.220180,0
20120712 180300,1.220190,1.220550,1.220190,1.220400,0
20120712 180400,1.220390,1.220450,1.220360,1.220360,0
20120712 180500,1.220350,1.220350,1.220200,1.220250,0
20120712 180600,1.220240,1.220240,1.220210,1.220240,0
20120712 180700,1.220230,1.220240,1.220200,1.220200,0
20120712 180800,1.220210,1.220230,1.220210,1.220210,0
20120712 180900,1.220190,1.220270,1.220180,1.220270,0
20120712 181000,1.220430,1.220440,1.220320,1.220400,0
20120712 181100,1.220410,1.220520,1.220320,1.220520,0
20120712 181200,1.220530,1.220590,1.220530,1.220590,0
20120712 181300,1.220610,1.220620,1.220570,1.220610,0
20120712 181400,1.220620,1.220630,1.220590,1.220630,0
20120712 181500,1.220640,1.220680,1.220640,1.220680,0
20120712 181600,1.220660,1.220670,1.220650,1.220660,0
20120712 181700,1.220670,1.220670,1.220630,1.220640,0
20120712 181800,1.220650,1.220690,1.220650,1.220690,0
20120712 181900,1.220710,1.220710,1.220650,1.220650,0
20120712 182000,1.220640,1.220650,1.220480,1.220500,0
20120712 182100,1.220480,1.220480,1.220200,1.220260,0
20120712 182200,1.220250,1.220280,1.220200,1.220260,0
20120712 182300,1.220250,1.220280,1.220250,1.220270,0
20120712 182400,1.220290,1.220310,1.220200,1.220210,0
20120712 182500,1.220220,1.220290,1.220210,1.220290,0
20120712 182600,1.220270,1.220320,1.220270,1.220320,0
20120712 182700,1.220330,1.220610,1.220310,1.220610,0
20120712 182800,1.220600,1.220640,1.220590,1.220630,0
20120712 182900,1.220620,1.220640,1.220590,1.220630,0
20120712 183100,1.220640,1.220640,1.220610,1.220630,0
20120712 183200,1.220650,1.220780,1.220650,1.220760,0
20120712 183300,1.220740,1.220760,1.220700,1.220710,0
20120712 183400,1.220720,1.220720,1.220640,1.220700,0
20120712 183500,1.220710,1.220780,1.220670,1.220770,0
20120712 183600,1.220760,1.220770,1.220620,1.220630,0
20120712 183700,1.220640,1.220640,1.220420,1.220520,0
20120712 183800,1.220510,1.220530,1.220470,1.220500,0
20120712 183900,1.220530,1.220540,1.220530,1.220540,0
20120712 184000,1.220550,1.220580,1.220530,1.220550,0
20120712 184100,1.220560,1.220610,1.220520,1.220610,0
20120712 184200,1.220620,1.220630,1.220610,1.220630,0
20120712 184300,1.220620,1.220720,1.220610,1.220670,0
20120712 184400,1.220680,1.220680,1.220660,1.220680,0
20120712 184500,1.220670,1.220680,1.220650,1.220650,0
20120712 184600,1.220660,1.220660,1.220650,1.220660,0
20120712 184700,1.220670,1.220720,1.220660,1.220720,0
20120712 184800,1.220710,1.220730,1.220680,1.220690,0
20120712 184900,1.220700,1.220740,1.220640,1.220720,0
20120712 185000,1.220740,1.220830,1.220690,1.220820,0
20120712 185100,1.220810,1.220820,1.220780,1.220820,0
20120712 185200,1.220810,1.220820,1.220710,1.220740,0
20120712 185300,1.220750,1.220750,1.220570,1.220580,0
20120712 185400,1.220540,1.220580,1.220510,1.220510,0
20120712 185500,1.220500,1.220530,1.220500,1.220510,0
20120712 185600,1.220500,1.220500,1.220500,1.220500,0
20120712 185700,1.220530,1.220530,1.220500,1.220500,0
20120712 185800,1.220510,1.220710,1.220510,1.220700,0
20120712 185900,1.220690,1.220740,1.220680,1.220740,0
20120712 190000,1.220750,1.220750,1.220750,1.220750,0
20120712 190100,1.220770,1.220790,1.220770,1.220780,0
20120712 190200,1.220760,1.220800,1.220740,1.220800,0
20120712 190300,1.220820,1.220830,1.220750,1.220750,0
20120712 190400,1.220760,1.220770,1.220750,1.220770,0
20120712 190500,1.220790,1.220800,1.220770,1.220780,0
20120712 190600,1.220770,1.220770,1.220730,1.220730,0
20120712 190700,1.220740,1.220750,1.220720,1.220730,0
20120712 190800,1.220720,1.220750,1.220720,1.220750,0
20120712 190900,1.220730,1.220750,1.220650,1.220720,0
20120712 191000,1.220730,1.220770,1.220710,1.220750,0
20120712 191100,1.220730,1.220780,1.220710,1.220780,0
20120712 191200,1.220770,1.220770,1.220770,1.220770,0
20120712 191300,1.220780,1.220790,1.220740,1.220740,0
20120712 191400,1.220750,1.220770,1.220670,1.220670,0
20120712 191500,1.220680,1.220720,1.220670,1.220700,0
20120712 191600,1.220720,1.220720,1.220630,1.220640,0
20120712 191700,1.220610,1.220630,1.220520,1.220530,0
20120712 191800,1.220520,1.220520,1.220500,1.220520,0
20120712 191900,1.220540,1.220540,1.220510,1.220540,0
20120712 192000,1.220530,1.220530,1.220500,1.220510,0
20120712 192100,1.220520,1.220530,1.220520,1.220530,0
20120712 192200,1.220510,1.220670,1.220490,1.220670,0
20120712 192300,1.220660,1.220660,1.220610,1.220630,0
20120712 192400,1.220620,1.220620,1.220610,1.220610,0
20120712 192500,1.220600,1.220610,1.220580,1.220600,0
20120712 192600,1.220580,1.220960,1.220570,1.220960,0
20120712 192700,1.220930,1.220930,1.220800,1.220840,0
20120712 192800,1.220820,1.220820,1.220730,1.220760,0
20120712 192900,1.220700,1.220700,1.219090,1.219150,0
20120712 193000,1.219140,1.219890,1.219140,1.219650,0
20120712 193100,1.219600,1.219650,1.219210,1.219370,0
20120712 193200,1.219360,1.219490,1.218730,1.218770,0
20120712 193300,1.218810,1.219000,1.218730,1.218850,0
20120712 193400,1.218820,1.219000,1.218660,1.218880,0
20120712 193500,1.218930,1.219060,1.218490,1.218530,0
20120712 193600,1.218510,1.218560,1.218070,1.218160,0
20120712 193700,1.218180,1.218730,1.218180,1.218710,0
20120712 193800,1.218730,1.218740,1.218510,1.218630,0
20120712 193900,1.218590,1.218640,1.218480,1.218540,0
20120712 194000,1.218530,1.218700,1.218480,1.218640,0
20120712 194100,1.218650,1.218660,1.218550,1.218650,0
20120712 194200,1.218660,1.218740,1.218570,1.218700,0
20120712 194300,1.218710,1.218750,1.218700,1.218750,0
20120712 194400,1.218710,1.218740,1.218690,1.218700,0
20120712 194500,1.218690,1.218690,1.218680,1.218680,0
20120712 194600,1.218690,1.218800,1.218650,1.218780,0
20120712 194700,1.218760,1.218850,1.218760,1.218850,0
20120712 194800,1.218860,1.218890,1.218820,1.218890,0
20120712 194900,1.218880,1.219090,1.218880,1.219070,0
20120712 195000,1.219050,1.219290,1.219050,1.219170,0
20120712 195100,1.219180,1.219280,1.219180,1.219250,0
20120712 195200,1.219260,1.219270,1.219190,1.219210,0
20120712 195300,1.219220,1.219290,1.219220,1.219290,0
20120712 195400,1.219310,1.219340,1.219290,1.219290,0
20120712 195500,1.219300,1.219320,1.219270,1.219270,0
20120712 195600,1.219230,1.219230,1.219130,1.219150,0
20120712 195700,1.219140,1.219140,1.219030,1.219080,0
20120712 195800,1.219090,1.219290,1.219070,1.219170,0
20120712 195900,1.219180,1.219180,1.218760,1.218780,0
20120712 200000,1.218810,1.218840,1.218570,1.218740,0
20120712 200100,1.218730,1.218890,1.218690,1.218790,0
20120712 200200,1.218810,1.219050,1.218810,1.219050,0
20120712 200300,1.219060,1.219130,1.219050,1.219100,0
20120712 200400,1.219140,1.219190,1.218940,1.218940,0
20120712 200500,1.218950,1.218950,1.218810,1.218880,0
20120712 200600,1.218890,1.219040,1.218870,1.218960,0
20120712 200700,1.218990,1.219100,1.218950,1.219060,0
20120712 200800,1.219070,1.219180,1.219060,1.219160,0
20120712 200900,1.219100,1.219100,1.219030,1.219030,0
20120712 201000,1.219010,1.219020,1.218900,1.218950,0
20120712 201100,1.218970,1.219180,1.218970,1.219120,0
20120712 201200,1.219130,1.219150,1.219130,1.219140,0
20120712 201300,1.219150,1.219370,1.219140,1.219300,0
20120712 201400,1.219310,1.220070,1.219300,1.219890,0
20120712 201500,1.219850,1.219890,1.219590,1.219740,0
20120712 201600,1.219750,1.219770,1.219590,1.219620,0
20120712 201700,1.219590,1.219660,1.219590,1.219610,0
20120712 201800,1.219590,1.219670,1.219530,1.219540,0
20120712 201900,1.219490,1.219530,1.219410,1.219410,0
20120712 202000,1.219420,1.219580,1.219400,1.219410,0
20120712 202100,1.219420,1.219480,1.219390,1.219480,0
20120712 202200,1.219490,1.219560,1.219490,1.219530,0
20120712 202300,1.219500,1.219500,1.219470,1.219470,0
20120712 202400,1.219460,1.219550,1.219460,1.219500,0
20120712 202500,1.219510,1.219530,1.219510,1.219520,0
20120712 202600,1.219530,1.219540,1.219280,1.219280,0
20120712 202700,1.219290,1.219330,1.219230,1.219230,0
20120712 202800,1.219240,1.219240,1.218980,1.219100,0
20120712 202900,1.219110,1.219130,1.218990,1.218990,0
20120712 203000,1.219000,1.219240,1.219000,1.219230,0
20120712 203100,1.219210,1.219270,1.219160,1.219230,0
20120712 203200,1.219220,1.219240,1.219180,1.219220,0
20120712 203300,1.219230,1.219240,1.219220,1.219240,0
20120712 203400,1.219230,1.219600,1.219220,1.219540,0
20120712 203500,1.219520,1.219550,1.219500,1.219510,0
20120712 203600,1.219520,1.219530,1.219510,1.219510,0
20120712 203700,1.219520,1.219520,1.219350,1.219390,0
20120712 203800,1.219370,1.219390,1.219370,1.219390,0
20120712 203900,1.219410,1.219470,1.219350,1.219390,0
20120712 204000,1.219370,1.219410,1.219370,1.219410,0
20120712 204100,1.219390,1.219440,1.219370,1.219410,0
20120712 204200,1.219430,1.219430,1.219330,1.219330,0
20120712 204300,1.219260,1.219280,1.218990,1.219090,0
20120712 204400,1.219110,1.219110,1.219050,1.219070,0
20120712 204500,1.219060,1.219140,1.219060,1.219140,0
20120712 204600,1.219160,1.219260,1.219150,1.219260,0
20120712 204700,1.219240,1.219240,1.219130,1.219130,0
20120712 204800,1.219140,1.219240,1.219040,1.219100,0
20120712 204900,1.219080,1.219180,1.218960,1.219140,0
20120712 205000,1.219160,1.219300,1.219090,1.219200,0
20120712 205100,1.219120,1.219170,1.219000,1.219140,0
20120712 205200,1.219160,1.219260,1.219100,1.219230,0
20120712 205300,1.219220,1.219240,1.219200,1.219230,0
20120712 205400,1.219220,1.219250,1.218900,1.218940,0
20120712 205500,1.218980,1.219270,1.218980,1.219130,0
20120712 205600,1.219150,1.219250,1.219130,1.219230,0
20120712 205700,1.219250,1.219360,1.219140,1.219250,0
20120712 205800,1.219260,1.219340,1.219260,1.219320,0
20120712 205900,1.219330,1.219330,1.219230,1.219250,0
20120712 210000,1.219270,1.219270,1.219090,1.219160,0
20120712 210100,1.219170,1.219190,1.219150,1.219190,0
20120712 210200,1.219150,1.219160,1.219010,1.219120,0
20120712 210300,1.219130,1.219340,1.219110,1.219290,0
20120712 210400,1.219300,1.219340,1.219210,1.219210,0
20120712 210500,1.219180,1.219230,1.219180,1.219190,0
20120712 210600,1.219200,1.219350,1.219180,1.219350,0
20120712 210700,1.219330,1.219340,1.219300,1.219340,0
20120712 210800,1.219370,1.219400,1.219360,1.219360,0
20120712 210900,1.219350,1.219350,1.219260,1.219260,0
20120712 211000,1.219270,1.219270,1.219060,1.219170,0
20120712 211100,1.219150,1.219170,1.219110,1.219170,0
20120712 211200,1.219190,1.219460,1.219190,1.219450,0
20120712 211300,1.219420,1.219470,1.219330,1.219350,0
20120712 211400,1.219360,1.219430,1.219290,1.219430,0
20120712 211500,1.219400,1.219480,1.219380,1.219380,0
20120712 211600,1.219390,1.219400,1.219220,1.219300,0
20120712 211700,1.219310,1.219400,1.219280,1.219350,0
20120712 211800,1.219360,1.219430,1.219290,1.219320,0
20120712 211900,1.219330,1.219340,1.219270,1.219300,0
20120712 212000,1.219270,1.219410,1.219190,1.219340,0
20120712 212100,1.219330,1.219380,1.219170,1.219230,0
20120712 212200,1.219200,1.219200,1.219060,1.219160,0
20120712 212300,1.219180,1.219220,1.219140,1.219180,0
20120712 212400,1.219170,1.219240,1.219140,1.219200,0
20120712 212500,1.219230,1.219330,1.219220,1.219320,0
20120712 212600,1.219300,1.219370,1.219300,1.219340,0
20120712 212700,1.219330,1.219330,1.219110,1.219110,0
20120712 212800,1.219130,1.219280,1.219130,1.219270,0
20120712 212900,1.219340,1.219390,1.219290,1.219370,0
20120712 213000,1.219350,1.219540,1.219350,1.219430,0
20120712 213100,1.219410,1.219540,1.219350,1.219470,0
20120712 213200,1.219460,1.219490,1.219400,1.219480,0
20120712 213300,1.219490,1.219540,1.219400,1.219490,0
20120712 213400,1.219480,1.219480,1.219460,1.219460,0
20120712 213500,1.219470,1.219640,1.219470,1.219490,0
20120712 213600,1.219510,1.219810,1.219510,1.219810,0
20120712 213700,1.219830,1.220010,1.219790,1.219990,0
20120712 213800,1.220010,1.220250,1.219970,1.220050,0
20120712 213900,1.220060,1.220540,1.220020,1.220420,0
20120712 214000,1.220400,1.220400,1.220200,1.220210,0
20120712 214100,1.220200,1.220230,1.220120,1.220170,0
20120712 214200,1.220160,1.220160,1.220090,1.220110,0
20120712 214300,1.220130,1.220210,1.220120,1.220210,0
20120712 214400,1.220200,1.220250,1.220190,1.220200,0
20120712 214500,1.220210,1.220240,1.220190,1.220220,0
20120712 214600,1.220250,1.220320,1.220220,1.220320,0
20120712 214700,1.220300,1.220490,1.220280,1.220460,0
20120712 214800,1.220470,1.220520,1.220420,1.220490,0
20120712 214900,1.220510,1.220530,1.220340,1.220400,0
20120712 215000,1.220390,1.220610,1.220390,1.220610,0
20120712 215100,1.220690,1.220980,1.220650,1.220950,0
20120712 215200,1.220940,1.220940,1.220720,1.220800,0
20120712 215300,1.220830,1.220870,1.220750,1.220780,0
20120712 215400,1.220800,1.220830,1.220600,1.220750,0
20120712 215500,1.220760,1.220800,1.220580,1.220640,0
20120712 215600,1.220680,1.220720,1.220380,1.220380,0
20120712 215700,1.220390,1.220440,1.220060,1.220160,0
20120712 215800,1.220150,1.220500,1.220140,1.220430,0
20120712 215900,1.220410,1.220520,1.220220,1.220250,0
20120712 220000,1.220240,1.221180,1.220060,1.221180,0
20120712 220100,1.221230,1.221600,1.221230,1.221560,0
20120712 220200,1.221550,1.221550,1.221040,1.221040,0
20120712 220300,1.221030,1.221030,1.220400,1.220780,0
20120712 220400,1.220800,1.220840,1.220390,1.220630,0
20120712 220500,1.220640,1.220810,1.220400,1.220590,0
20120712 220600,1.220620,1.220720,1.220250,1.220250,0
20120712 220700,1.220260,1.220340,1.219830,1.220300,0
20120712 220800,1.220340,1.220390,1.220020,1.220270,0
20120712 220900,1.220260,1.220430,1.220100,1.220420,0
20120712 221000,1.220430,1.220440,1.220260,1.220440,0
20120712 221100,1.220490,1.220490,1.220310,1.220310,0
20120712 221200,1.220360,1.220420,1.220260,1.220330,0
20120712 221300,1.220350,1.220630,1.220310,1.220630,0
20120712 221400,1.220660,1.220830,1.220310,1.220350,0
20120712 221500,1.220340,1.220370,1.220250,1.220280,0
20120712 221600,1.220290,1.220290,1.219930,1.219970,0
20120712 221700,1.220000,1.220020,1.219570,1.219650,0
20120712 221800,1.219670,1.219710,1.219450,1.219450,0
20120712 221900,1.219440,1.219580,1.219240,1.219270,0
20120712 222000,1.219280,1.219320,1.218980,1.219220,0
20120712 222100,1.219230,1.219340,1.219150,1.219280,0
20120712 222200,1.219290,1.219620,1.219140,1.219620,0
20120712 222300,1.219610,1.219610,1.219230,1.219320,0
20120712 222400,1.219330,1.219380,1.219210,1.219340,0
20120712 222500,1.219370,1.219550,1.219370,1.219540,0
20120712 222600,1.219560,1.219830,1.219510,1.219750,0
20120712 222700,1.219740,1.219770,1.219450,1.219640,0
20120712 222800,1.219630,1.219660,1.219560,1.219660,0
20120712 222900,1.219670,1.219780,1.219520,1.219540,0
20120712 223000,1.219560,1.219560,1.219360,1.219490,0
20120712 223100,1.219480,1.219560,1.219420,1.219490,0
20120712 223200,1.219500,1.219830,1.219490,1.219800,0
20120712 223300,1.219790,1.219800,1.219680,1.219790,0
20120712 223400,1.219800,1.219820,1.219780,1.219810,0
20120712 223500,1.219700,1.219770,1.219670,1.219720,0
20120712 223600,1.219710,1.219720,1.219480,1.219530,0
20120712 223700,1.219510,1.219620,1.219380,1.219600,0
20120712 223800,1.219550,1.219760,1.219550,1.219760,0
20120712 223900,1.219770,1.219780,1.219580,1.219580,0
20120712 224000,1.219570,1.219580,1.219470,1.219550,0
20120712 224100,1.219560,1.219910,1.219530,1.219850,0
20120712 224200,1.219840,1.219890,1.219790,1.219790,0
20120712 224300,1.219800,1.219890,1.219790,1.219840,0
20120712 224400,1.219830,1.219850,1.219800,1.219810,0
20120712 224500,1.219800,1.219860,1.219770,1.219860,0
20120712 224600,1.219850,1.219970,1.219850,1.219950,0
20120712 224700,1.219960,1.219970,1.219950,1.219950,0
20120712 224800,1.219940,1.220000,1.219940,1.219980,0
20120712 224900,1.219970,1.220170,1.219970,1.220150,0
20120712 225000,1.220170,1.220330,1.219980,1.220000,0
20120712 225100,1.219990,1.220000,1.219740,1.219810,0
20120712 225200,1.219790,1.219940,1.219790,1.219900,0
20120712 225300,1.219910,1.220110,1.219900,1.220070,0
20120712 225400,1.220050,1.220050,1.219990,1.220050,0
20120712 225500,1.220070,1.220170,1.220030,1.220130,0
20120712 225600,1.220110,1.220130,1.219950,1.220040,0
20120712 225700,1.220030,1.220100,1.219890,1.219910,0
20120712 225800,1.219920,1.220020,1.219730,1.219880,0
20120712 225900,1.219870,1.219920,1.219640,1.219750,0
20120712 230000,1.219780,1.219780,1.219580,1.219720,0
20120712 230100,1.219730,1.219800,1.219680,1.219720,0
20120712 230200,1.219740,1.219850,1.219720,1.219790,0
20120712 230300,1.219800,1.219900,1.219770,1.219900,0
20120712 230400,1.219910,1.219960,1.219770,1.219770,0
20120712 230500,1.219760,1.219800,1.219760,1.219790,0
20120712 230600,1.219770,1.219930,1.219690,1.219850,0
20120712 230700,1.219870,1.219930,1.219810,1.219860,0
20120712 230800,1.219880,1.220100,1.219880,1.220080,0
20120712 230900,1.220090,1.220310,1.220090,1.220280,0
20120712 231000,1.220330,1.220330,1.220100,1.220170,0
20120712 231100,1.220160,1.220290,1.220070,1.220190,0
20120712 231200,1.220240,1.220290,1.220180,1.220200,0
20120712 231300,1.220180,1.220200,1.220180,1.220190,0
20120712 231400,1.220200,1.220320,1.220170,1.220320,0
20120712 231500,1.220280,1.220530,1.220200,1.220500,0
20120712 231600,1.220540,1.220650,1.220500,1.220570,0
20120712 231700,1.220590,1.220630,1.220470,1.220500,0
20120712 231800,1.220480,1.220520,1.220310,1.220380,0
20120712 231900,1.220370,1.220430,1.220240,1.220430,0
20120712 232000,1.220420,1.220420,1.220280,1.220390,0
20120712 232100,1.220370,1.220550,1.220280,1.220500,0
20120712 232200,1.220530,1.220650,1.220350,1.220460,0
20120712 232300,1.220560,1.220940,1.220530,1.220940,0
20120712 232400,1.220950,1.221220,1.220790,1.220870,0
20120712 232500,1.220850,1.220890,1.220710,1.220730,0
20120712 232600,1.220740,1.220880,1.220740,1.220820,0
20120712 232700,1.220840,1.221120,1.220820,1.220950,0
20120712 232800,1.220930,1.220950,1.220890,1.220920,0
20120712 232900,1.220900,1.220930,1.220760,1.220760,0
20120712 233000,1.220730,1.221040,1.220670,1.220810,0
20120712 233100,1.220820,1.220860,1.220730,1.220760,0
20120712 233200,1.220740,1.220750,1.220570,1.220580,0
20120712 233300,1.220550,1.220630,1.220400,1.220620,0
20120712 233400,1.220610,1.220710,1.220600,1.220700,0
20120712 233500,1.220710,1.220720,1.220700,1.220710,0
20120712 233600,1.220690,1.220720,1.220640,1.220640,0
20120712 233700,1.220650,1.220740,1.220650,1.220660,0
20120712 233800,1.220670,1.220670,1.220590,1.220590,0
20120712 233900,1.220620,1.220640,1.220490,1.220490,0
20120712 234000,1.220470,1.220510,1.220350,1.220390,0
20120712 234100,1.220370,1.220720,1.220230,1.220680,0
20120712 234200,1.220670,1.220810,1.220570,1.220700,0
20120712 234300,1.220690,1.220770,1.220680,1.220720,0
20120712 234400,1.220730,1.220760,1.220720,1.220750,0
20120712 234500,1.220740,1.220900,1.220710,1.220880,0
20120712 234600,1.220890,1.221180,1.220880,1.221130,0
20120712 234700,1.221140,1.221310,1.221080,1.221120,0
20120712 234800,1.221140,1.221280,1.221030,1.221220,0
20120712 234900,1.221240,1.221280,1.221130,1.221270,0
20120712 235000,1.221280,1.221340,1.221200,1.221220,0
20120712 235100,1.221210,1.221210,1.221090,1.221100,0
20120712 235200,1.221090,1.221210,1.221000,1.221200,0
20120712 235300,1.221190,1.221320,1.221120,1.221300,0
20120712 235400,1.221290,1.221300,1.221270,1.221290,0
20120712 235500,1.221230,1.221230,1.221150,1.221160,0
20120712 235600,1.221170,1.221170,1.221140,1.221140,0
20120712 235700,1.221150,1.221150,1.221000,1.221000,0
20120712 235800,1.220970,1.221010,1.220870,1.220880,0
20120712 235900,1.220890,1.220890,1.220890,1.220890,0
