20040115 000000,1.265400,1.265700,1.265400,1.265600,0
20040115 000100,1.265600,1.265600,1.265500,1.265600,0
20040115 000200,1.265600,1.265600,1.265400,1.265400,0
20040115 000300,1.265400,1.265400,1.265300,1.265400,0
20040115 000400,1.265400,1.265400,1.265400,1.265400,0
20040115 000600,1.265400,1.265600,1.265400,1.265500,0
20040115 000700,1.265500,1.265600,1.265400,1.265500,0
20040115 000800,1.265600,1.265700,1.265600,1.265600,0
20040115 000900,1.265700,1.265700,1.265600,1.265600,0
20040115 001000,1.265700,1.265800,1.265600,1.265800,0
20040115 001100,1.265800,1.265800,1.265700,1.265700,0
20040115 001200,1.265700,1.265800,1.265600,1.265800,0
20040115 001300,1.265800,1.265800,1.265700,1.265800,0
20040115 001400,1.265800,1.265800,1.265500,1.265600,0
20040115 001500,1.265700,1.265700,1.265500,1.265500,0
20040115 001600,1.265500,1.265500,1.265200,1.265300,0
20040115 001700,1.265300,1.265300,1.265300,1.265300,0
20040115 001800,1.265300,1.265500,1.265300,1.265500,0
20040115 001900,1.265500,1.265800,1.265500,1.265800,0
20040115 002000,1.265800,1.265800,1.265600,1.265700,0
20040115 002100,1.265700,1.265800,1.265700,1.265800,0
20040115 002200,1.265800,1.265900,1.265600,1.265700,0
20040115 002300,1.265700,1.265700,1.265500,1.265500,0
20040115 002400,1.265500,1.265500,1.265300,1.265300,0
20040115 002500,1.265300,1.265400,1.265300,1.265400,0
20040115 002600,1.265400,1.265400,1.265400,1.265400,0
20040115 002700,1.265400,1.265400,1.265300,1.265300,0
20040115 002800,1.265300,1.265600,1.265300,1.265600,0
20040115 002900,1.265600,1.265600,1.265500,1.265600,0
20040115 003000,1.265600,1.265700,1.265500,1.265600,0
20040115 003100,1.265600,1.265800,1.265600,1.265800,0
20040115 003200,1.265800,1.265800,1.265700,1.265700,0
20040115 003300,1.265700,1.265800,1.265700,1.265700,0
20040115 003400,1.265700,1.265800,1.265700,1.265800,0
20040115 003500,1.265800,1.265800,1.265700,1.265700,0
20040115 003600,1.265700,1.265700,1.265400,1.265600,0
20040115 003700,1.265600,1.265600,1.265400,1.265600,0
20040115 003800,1.265600,1.265700,1.265600,1.265600,0
20040115 003900,1.265600,1.265600,1.265500,1.265600,0
20040115 004000,1.265500,1.265800,1.265500,1.265800,0
20040115 004100,1.265800,1.265900,1.265700,1.265900,0
20040115 004300,1.265900,1.266200,1.265900,1.266200,0
20040115 004400,1.266200,1.266300,1.265900,1.266000,0
20040115 004500,1.266100,1.266200,1.265900,1.266000,0
20040115 004600,1.266000,1.266100,1.265900,1.265900,0
20040115 004700,1.265900,1.265900,1.265800,1.265800,0
20040115 004800,1.265800,1.265800,1.265700,1.265700,0
20040115 004900,1.265700,1.265800,1.265700,1.265800,0
20040115 005000,1.265800,1.265900,1.265700,1.265900,0
20040115 005100,1.265900,1.265900,1.265900,1.265900,0
20040115 005200,1.265900,1.265900,1.265900,1.265900,0
20040115 005300,1.265900,1.265900,1.265900,1.265900,0
20040115 005400,1.265900,1.265900,1.265800,1.265800,0
20040115 005500,1.265800,1.265900,1.265700,1.265800,0
20040115 005600,1.265800,1.265800,1.265800,1.265800,0
20040115 005700,1.265800,1.265900,1.265800,1.265800,0
20040115 005800,1.265800,1.265800,1.265800,1.265800,0
20040115 005900,1.265800,1.265900,1.265800,1.265900,0
20040115 010000,1.265900,1.266100,1.265900,1.266000,0
20040115 010100,1.266000,1.266100,1.266000,1.266000,0
20040115 010200,1.266000,1.266000,1.265900,1.265900,0
20040115 010300,1.265900,1.266000,1.265900,1.265900,0
20040115 010400,1.266000,1.266100,1.266000,1.266000,0
20040115 010500,1.266000,1.266000,1.265900,1.265900,0
20040115 010600,1.265900,1.266000,1.265900,1.266000,0
20040115 010700,1.266000,1.266100,1.266000,1.266100,0
20040115 010800,1.266100,1.266300,1.266000,1.266200,0
20040115 010900,1.266200,1.266500,1.266200,1.266400,0
20040115 011000,1.266400,1.267000,1.266400,1.267000,0
20040115 011100,1.267000,1.267000,1.266700,1.266700,0
20040115 011200,1.266700,1.266700,1.266600,1.266600,0
20040115 011300,1.266600,1.266700,1.266500,1.266500,0
20040115 011400,1.266500,1.266600,1.266500,1.266600,0
20040115 011500,1.266600,1.266600,1.266500,1.266500,0
20040115 011600,1.266500,1.266500,1.266300,1.266400,0
20040115 011700,1.266400,1.266700,1.266400,1.266600,0
20040115 011800,1.266600,1.266600,1.266600,1.266600,0
20040115 011900,1.266600,1.266700,1.266500,1.266500,0
20040115 012000,1.266500,1.266500,1.266400,1.266500,0
20040115 012100,1.266500,1.266500,1.266300,1.266400,0
20040115 012200,1.266400,1.266400,1.266300,1.266300,0
20040115 012300,1.266300,1.266400,1.266300,1.266400,0
20040115 012400,1.266400,1.266400,1.266300,1.266300,0
20040115 012500,1.266300,1.266300,1.266100,1.266200,0
20040115 012600,1.266300,1.266300,1.266100,1.266100,0
20040115 012700,1.266100,1.266200,1.266000,1.266000,0
20040115 012800,1.266000,1.266000,1.265800,1.265900,0
20040115 012900,1.265900,1.266000,1.265900,1.266000,0
20040115 013000,1.266100,1.266400,1.266000,1.266400,0
20040115 013100,1.266500,1.266600,1.266400,1.266500,0
20040115 013200,1.266500,1.266500,1.266300,1.266400,0
20040115 013300,1.266400,1.266400,1.266400,1.266400,0
20040115 013400,1.266400,1.266500,1.266300,1.266400,0
20040115 013500,1.266300,1.266400,1.266300,1.266300,0
20040115 013600,1.266400,1.266800,1.266300,1.266700,0
20040115 013700,1.266700,1.266800,1.266600,1.266800,0
20040115 013800,1.266900,1.267500,1.266900,1.267100,0
20040115 013900,1.267100,1.267100,1.266800,1.266800,0
20040115 014000,1.266800,1.267000,1.266700,1.266800,0
20040115 014100,1.266800,1.266800,1.266400,1.266500,0
20040115 014200,1.266500,1.266500,1.266300,1.266300,0
20040115 014300,1.266300,1.266400,1.266300,1.266400,0
20040115 014400,1.266400,1.266400,1.266300,1.266300,0
20040115 014500,1.266400,1.266400,1.266100,1.266100,0
20040115 014600,1.266100,1.266200,1.266100,1.266200,0
20040115 014700,1.266200,1.266300,1.266000,1.266000,0
20040115 014800,1.266100,1.266300,1.266000,1.266200,0
20040115 014900,1.266200,1.266300,1.266000,1.266100,0
20040115 015000,1.266100,1.266100,1.266100,1.266100,0
20040115 015100,1.266100,1.266100,1.265900,1.266000,0
20040115 015200,1.266000,1.266100,1.265900,1.266100,0
20040115 015300,1.266000,1.266100,1.266000,1.266100,0
20040115 015400,1.266100,1.266500,1.266100,1.266300,0
20040115 015500,1.266300,1.266500,1.266200,1.266400,0
20040115 015600,1.266400,1.266500,1.266400,1.266400,0
20040115 015700,1.266400,1.266400,1.266400,1.266400,0
20040115 015800,1.266400,1.266400,1.266400,1.266400,0
20040115 015900,1.266400,1.266600,1.266200,1.266300,0
20040115 020000,1.266200,1.266300,1.266200,1.266300,0
20040115 020100,1.266300,1.266300,1.266000,1.266000,0
20040115 020200,1.266100,1.266200,1.266100,1.266100,0
20040115 020300,1.266100,1.266300,1.266000,1.266200,0
20040115 020400,1.266200,1.266600,1.266100,1.266600,0
20040115 020500,1.266600,1.266700,1.266500,1.266700,0
20040115 020600,1.266800,1.266800,1.266600,1.266700,0
20040115 020700,1.266700,1.266700,1.266400,1.266400,0
20040115 020800,1.266400,1.266400,1.266000,1.266100,0
20040115 020900,1.266000,1.266000,1.265900,1.265900,0
20040115 021000,1.265900,1.265900,1.265500,1.265600,0
20040115 021100,1.265500,1.265800,1.265500,1.265700,0
20040115 021200,1.265700,1.266100,1.265700,1.266000,0
20040115 021300,1.266000,1.266500,1.265800,1.266400,0
20040115 021400,1.266400,1.266700,1.266400,1.266700,0
20040115 021500,1.266700,1.266700,1.266500,1.266600,0
20040115 021600,1.266600,1.266800,1.266600,1.266600,0
20040115 021700,1.266600,1.266600,1.266300,1.266300,0
20040115 021800,1.266300,1.266300,1.266000,1.266100,0
20040115 021900,1.266100,1.266200,1.265900,1.266200,0
20040115 022000,1.266300,1.266400,1.266200,1.266200,0
20040115 022100,1.266200,1.266300,1.266000,1.266300,0
20040115 022200,1.266200,1.266500,1.266200,1.266400,0
20040115 022300,1.266400,1.266700,1.266400,1.266600,0
20040115 022400,1.266700,1.266700,1.266500,1.266500,0
20040115 022500,1.266500,1.266500,1.265900,1.266000,0
20040115 022600,1.266000,1.266000,1.265900,1.265900,0
20040115 022700,1.266000,1.266000,1.265700,1.265800,0
20040115 022800,1.265800,1.265800,1.265700,1.265700,0
20040115 022900,1.265700,1.266100,1.265700,1.265900,0
20040115 023000,1.266000,1.266500,1.265900,1.266500,0
20040115 023100,1.266400,1.266500,1.266300,1.266300,0
20040115 023200,1.266300,1.266300,1.266000,1.266000,0
20040115 023300,1.266100,1.266500,1.266100,1.266500,0
20040115 023400,1.266500,1.266700,1.266500,1.266500,0
20040115 023500,1.266500,1.266600,1.266300,1.266300,0
20040115 023600,1.266300,1.266300,1.266100,1.266100,0
20040115 023700,1.266100,1.266200,1.266000,1.266200,0
20040115 023800,1.266200,1.266400,1.266100,1.266300,0
20040115 023900,1.266300,1.266300,1.266200,1.266200,0
20040115 024000,1.266200,1.266400,1.266200,1.266400,0
20040115 024100,1.266400,1.266600,1.266400,1.266600,0
20040115 024200,1.266700,1.266700,1.266500,1.266700,0
20040115 024300,1.266600,1.266700,1.266500,1.266500,0
20040115 024400,1.266500,1.266600,1.266500,1.266500,0
20040115 024500,1.266600,1.266600,1.266400,1.266400,0
20040115 024600,1.266400,1.266500,1.266400,1.266500,0
20040115 024700,1.266500,1.266500,1.266300,1.266400,0
20040115 024800,1.266400,1.266400,1.266000,1.266300,0
20040115 024900,1.266200,1.266300,1.266000,1.266100,0
20040115 025000,1.266100,1.266100,1.266000,1.266100,0
20040115 025100,1.266100,1.266400,1.266100,1.266300,0
20040115 025200,1.266300,1.266500,1.266200,1.266500,0
20040115 025300,1.266500,1.266500,1.266000,1.266000,0
20040115 025400,1.266000,1.266000,1.265600,1.265600,0
20040115 025500,1.265600,1.265700,1.265300,1.265400,0
20040115 025600,1.265400,1.265600,1.265300,1.265500,0
20040115 025700,1.265600,1.265800,1.265500,1.265800,0
20040115 025800,1.265900,1.265900,1.265500,1.265600,0
20040115 025900,1.265600,1.265700,1.265600,1.265600,0
20040115 030000,1.265600,1.265900,1.265600,1.265900,0
20040115 030100,1.265900,1.265900,1.265700,1.265700,0
20040115 030200,1.265700,1.265900,1.265700,1.265800,0
20040115 030300,1.265800,1.266300,1.265800,1.266100,0
20040115 030400,1.266100,1.266100,1.266100,1.266100,0
20040115 030500,1.266100,1.266500,1.266100,1.266500,0
20040115 030600,1.266500,1.266600,1.266400,1.266400,0
20040115 030700,1.266400,1.267000,1.266400,1.266800,0
20040115 030800,1.266800,1.266900,1.266600,1.266900,0
20040115 030900,1.266800,1.266900,1.266600,1.266600,0
20040115 031000,1.266600,1.266800,1.266600,1.266800,0
20040115 031100,1.266800,1.266800,1.266600,1.266600,0
20040115 031200,1.266600,1.266600,1.266200,1.266300,0
20040115 031300,1.266200,1.266300,1.266100,1.266200,0
20040115 031400,1.266200,1.266300,1.265900,1.266000,0
20040115 031500,1.266000,1.266200,1.265900,1.266000,0
20040115 031600,1.266000,1.266200,1.266000,1.266000,0
20040115 031700,1.266000,1.266000,1.265900,1.265900,0
20040115 031800,1.265900,1.266000,1.265800,1.265900,0
20040115 031900,1.265900,1.265900,1.265600,1.265600,0
20040115 032000,1.265500,1.265500,1.264800,1.264800,0
20040115 032100,1.264900,1.265000,1.264800,1.264900,0
20040115 032200,1.264900,1.265100,1.264600,1.264900,0
20040115 032300,1.264900,1.265200,1.264300,1.264300,0
20040115 032400,1.264400,1.264500,1.264100,1.264300,0
20040115 032500,1.264300,1.264400,1.264200,1.264300,0
20040115 032600,1.264300,1.264400,1.263700,1.264300,0
20040115 032700,1.264300,1.264400,1.264200,1.264200,0
20040115 032800,1.264200,1.264300,1.263900,1.264200,0
20040115 032900,1.264200,1.264400,1.264000,1.264000,0
20040115 033000,1.263900,1.264000,1.263500,1.263800,0
20040115 033100,1.263800,1.264200,1.263600,1.264200,0
20040115 033200,1.264100,1.264300,1.264000,1.264100,0
20040115 033300,1.264000,1.264500,1.264000,1.264500,0
20040115 033400,1.264400,1.264700,1.264400,1.264600,0
20040115 033500,1.264600,1.264800,1.264500,1.264700,0
20040115 033600,1.264700,1.264800,1.264400,1.264500,0
20040115 033700,1.264500,1.264500,1.264200,1.264300,0
20040115 033800,1.264300,1.264500,1.264300,1.264400,0
20040115 033900,1.264500,1.264500,1.263900,1.264000,0
20040115 034000,1.264100,1.264300,1.263900,1.264300,0
20040115 034100,1.264300,1.264500,1.264300,1.264400,0
20040115 034200,1.264400,1.264600,1.264400,1.264500,0
20040115 034300,1.264600,1.264800,1.264400,1.264400,0
20040115 034400,1.264500,1.264700,1.264500,1.264700,0
20040115 034500,1.264700,1.264900,1.264700,1.264700,0
20040115 034600,1.264700,1.265000,1.264700,1.264800,0
20040115 034700,1.264800,1.264900,1.264700,1.264700,0
20040115 034800,1.264800,1.264900,1.264800,1.264800,0
20040115 034900,1.264800,1.264800,1.264600,1.264700,0
20040115 035000,1.264700,1.264800,1.264600,1.264800,0
20040115 035100,1.264800,1.264800,1.264700,1.264700,0
20040115 035200,1.264700,1.264800,1.264400,1.264400,0
20040115 035300,1.264400,1.264600,1.264400,1.264600,0
20040115 035400,1.264500,1.264500,1.264300,1.264300,0
20040115 035500,1.264300,1.264300,1.264100,1.264200,0
20040115 035600,1.264200,1.264300,1.263600,1.263600,0
20040115 035700,1.263600,1.263800,1.263600,1.263800,0
20040115 035800,1.263800,1.263800,1.263100,1.263100,0
20040115 035900,1.262900,1.263000,1.262200,1.263000,0
20040115 040000,1.263000,1.263100,1.262900,1.262900,0
20040115 040100,1.262900,1.263000,1.262900,1.263000,0
20040115 040200,1.263000,1.263000,1.262800,1.262800,0
20040115 040300,1.262700,1.262700,1.262100,1.262300,0
20040115 040400,1.262300,1.262400,1.261600,1.262300,0
20040115 040500,1.262300,1.262300,1.261700,1.261700,0
20040115 040600,1.261800,1.262300,1.261800,1.261800,0
20040115 040700,1.261700,1.262000,1.261600,1.261700,0
20040115 040800,1.261700,1.261900,1.261100,1.261100,0
20040115 040900,1.261100,1.261800,1.261100,1.261700,0
20040115 041000,1.261600,1.261800,1.261600,1.261700,0
20040115 041100,1.261600,1.261800,1.261200,1.261200,0
20040115 041200,1.261200,1.261800,1.261200,1.261800,0
20040115 041300,1.261700,1.262100,1.261700,1.262100,0
20040115 041400,1.262100,1.262700,1.262100,1.262700,0
20040115 041500,1.262700,1.262800,1.262300,1.262300,0
20040115 041600,1.262300,1.262600,1.262300,1.262500,0
20040115 041700,1.262500,1.262700,1.262400,1.262700,0
20040115 041800,1.262600,1.263200,1.262600,1.263200,0
20040115 041900,1.263200,1.263600,1.263200,1.263500,0
20040115 042000,1.263500,1.263700,1.263500,1.263500,0
20040115 042100,1.263400,1.263500,1.263100,1.263300,0
20040115 042200,1.263300,1.264300,1.263300,1.264100,0
20040115 042300,1.264100,1.264400,1.264000,1.264300,0
20040115 042400,1.264200,1.264300,1.263900,1.264000,0
20040115 042500,1.263900,1.264100,1.263800,1.263900,0
20040115 042600,1.263900,1.265500,1.263900,1.265400,0
20040115 042700,1.265400,1.265700,1.265400,1.265500,0
20040115 042800,1.265500,1.265500,1.265000,1.265100,0
20040115 042900,1.265100,1.266100,1.265000,1.266100,0
20040115 043000,1.266100,1.266800,1.266000,1.266300,0
20040115 043100,1.266400,1.266400,1.265700,1.265800,0
20040115 043200,1.265800,1.267200,1.265800,1.267000,0
20040115 043300,1.267000,1.267000,1.266300,1.266300,0
20040115 043400,1.266400,1.266400,1.266200,1.266200,0
20040115 043500,1.266200,1.266600,1.266000,1.266400,0
20040115 043600,1.266400,1.267000,1.266200,1.266700,0
20040115 043700,1.266700,1.267200,1.266500,1.267100,0
20040115 043800,1.267100,1.267100,1.266400,1.266400,0
20040115 043900,1.266400,1.266600,1.266300,1.266300,0
20040115 044000,1.266400,1.266500,1.266300,1.266400,0
20040115 044100,1.266400,1.266400,1.265400,1.265400,0
20040115 044200,1.265300,1.265300,1.264600,1.264900,0
20040115 044300,1.264900,1.265300,1.264900,1.265000,0
20040115 044400,1.264900,1.265100,1.264800,1.264800,0
20040115 044500,1.264800,1.265100,1.264600,1.265100,0
20040115 044600,1.265000,1.265100,1.264900,1.264900,0
20040115 044700,1.265000,1.265000,1.264900,1.264900,0
20040115 044800,1.264900,1.265200,1.264800,1.265000,0
20040115 044900,1.265000,1.265000,1.264700,1.264800,0
20040115 045000,1.264800,1.264900,1.264600,1.264700,0
20040115 045100,1.264700,1.265100,1.264700,1.265100,0
20040115 045200,1.265100,1.265300,1.265000,1.265000,0
20040115 045300,1.265000,1.265100,1.264800,1.264900,0
20040115 045400,1.264900,1.265000,1.264700,1.265000,0
20040115 045500,1.265000,1.265300,1.264900,1.265000,0
20040115 045600,1.265000,1.265100,1.264800,1.264800,0
20040115 045700,1.264800,1.264800,1.264500,1.264500,0
20040115 045800,1.264500,1.264700,1.264400,1.264700,0
20040115 045900,1.264600,1.264800,1.264500,1.264600,0
20040115 050000,1.264700,1.265300,1.264600,1.265300,0
20040115 050100,1.265200,1.265200,1.265000,1.265000,0
20040115 050200,1.265000,1.265300,1.265000,1.265300,0
20040115 050300,1.265300,1.265500,1.265300,1.265500,0
20040115 050400,1.265500,1.265600,1.265400,1.265600,0
20040115 050500,1.265500,1.265600,1.265300,1.265300,0
20040115 050600,1.265300,1.265400,1.265200,1.265200,0
20040115 050700,1.265200,1.265400,1.265200,1.265300,0
20040115 050800,1.265300,1.265300,1.265100,1.265200,0
20040115 050900,1.265200,1.265300,1.265100,1.265200,0
20040115 051000,1.265200,1.265400,1.265200,1.265400,0
20040115 051100,1.265300,1.265300,1.265100,1.265200,0
20040115 051200,1.265300,1.265300,1.264800,1.264800,0
20040115 051300,1.264800,1.265000,1.264800,1.264900,0
20040115 051400,1.264900,1.265000,1.264800,1.264900,0
20040115 051500,1.264900,1.265000,1.264800,1.264900,0
20040115 051600,1.264900,1.264900,1.264800,1.264800,0
20040115 051700,1.264800,1.264900,1.264800,1.264800,0
20040115 051800,1.264800,1.264800,1.264700,1.264700,0
20040115 051900,1.264700,1.264700,1.264700,1.264700,0
20040115 052000,1.264700,1.264700,1.264500,1.264500,0
20040115 052100,1.264500,1.264700,1.264500,1.264700,0
20040115 052200,1.264700,1.264800,1.264700,1.264800,0
20040115 052300,1.264800,1.264800,1.264400,1.264400,0
20040115 052400,1.264400,1.264500,1.264300,1.264300,0
20040115 052500,1.264300,1.264400,1.264200,1.264300,0
20040115 052600,1.264300,1.264300,1.264300,1.264300,0
20040115 052700,1.264300,1.264400,1.264200,1.264300,0
20040115 052800,1.264300,1.264300,1.264200,1.264300,0
20040115 052900,1.264300,1.264300,1.264300,1.264300,0
20040115 053100,1.264300,1.264600,1.264300,1.264600,0
20040115 053200,1.264700,1.264800,1.264700,1.264700,0
20040115 053300,1.264700,1.264900,1.264700,1.264800,0
20040115 053400,1.264800,1.265100,1.264700,1.265000,0
20040115 053500,1.265000,1.265000,1.264800,1.265000,0
20040115 053600,1.265100,1.265200,1.265100,1.265100,0
20040115 053700,1.265100,1.265100,1.265000,1.265100,0
20040115 053800,1.265100,1.265400,1.265100,1.265300,0
20040115 053900,1.265300,1.266200,1.265300,1.266200,0
20040115 054000,1.266200,1.266300,1.266000,1.266300,0
20040115 054100,1.266300,1.266500,1.266200,1.266500,0
20040115 054200,1.266500,1.266700,1.266300,1.266300,0
20040115 054300,1.266300,1.266300,1.266100,1.266100,0
20040115 054400,1.266100,1.266200,1.266100,1.266200,0
20040115 054500,1.266300,1.266700,1.266300,1.266500,0
20040115 054600,1.266400,1.266500,1.266000,1.266000,0
20040115 054700,1.266000,1.266000,1.265700,1.265700,0
20040115 054800,1.265800,1.265900,1.265700,1.265900,0
20040115 054900,1.265900,1.266000,1.265900,1.265900,0
20040115 055000,1.266000,1.266000,1.265900,1.266000,0
20040115 055100,1.266100,1.266200,1.265900,1.266200,0
20040115 055200,1.266200,1.266400,1.266200,1.266300,0
20040115 055300,1.266300,1.266300,1.265700,1.265800,0
20040115 055400,1.265800,1.265900,1.265700,1.265900,0
20040115 055500,1.265800,1.265900,1.265600,1.265600,0
20040115 055600,1.265600,1.265800,1.265600,1.265700,0
20040115 055700,1.265700,1.265900,1.265700,1.265800,0
20040115 055800,1.265800,1.265900,1.265800,1.265800,0
20040115 055900,1.265800,1.265800,1.265400,1.265500,0
20040115 060000,1.265500,1.265600,1.265500,1.265600,0
20040115 060100,1.265600,1.265600,1.265400,1.265500,0
20040115 060200,1.265500,1.265600,1.265400,1.265600,0
20040115 060300,1.265600,1.265800,1.265300,1.265300,0
20040115 060400,1.265300,1.265300,1.264200,1.264400,0
20040115 060500,1.264400,1.264500,1.264100,1.264500,0
20040115 060600,1.264500,1.264700,1.264400,1.264700,0
20040115 060700,1.264600,1.264700,1.264500,1.264700,0
20040115 060800,1.264700,1.264800,1.264700,1.264700,0
20040115 060900,1.264700,1.264900,1.264500,1.264900,0
20040115 061000,1.264900,1.265000,1.264800,1.264900,0
20040115 061100,1.264900,1.265000,1.264900,1.265000,0
20040115 061200,1.265000,1.265000,1.264900,1.264900,0
20040115 061300,1.265000,1.265000,1.264800,1.265000,0
20040115 061400,1.265000,1.265200,1.265000,1.265000,0
20040115 061500,1.265000,1.265300,1.264900,1.265300,0
20040115 061600,1.265300,1.265300,1.265100,1.265200,0
20040115 061700,1.265200,1.265200,1.264800,1.264800,0
20040115 061800,1.264900,1.265000,1.264800,1.265000,0
20040115 061900,1.265000,1.265300,1.264900,1.265200,0
20040115 062000,1.265200,1.265400,1.265200,1.265200,0
20040115 062100,1.265200,1.265200,1.265000,1.265100,0
20040115 062200,1.265100,1.265300,1.265000,1.265000,0
20040115 062300,1.265000,1.265300,1.265000,1.265000,0
20040115 062400,1.265000,1.265000,1.264900,1.264900,0
20040115 062500,1.265000,1.265000,1.264600,1.264600,0
20040115 062600,1.264600,1.264600,1.264400,1.264500,0
20040115 062700,1.264500,1.264700,1.264500,1.264500,0
20040115 062800,1.264600,1.264700,1.264500,1.264600,0
20040115 062900,1.264600,1.265000,1.264500,1.265000,0
20040115 063000,1.265000,1.265200,1.265000,1.265100,0
20040115 063100,1.265100,1.265100,1.264800,1.264900,0
20040115 063200,1.264900,1.265000,1.264800,1.264800,0
20040115 063300,1.264800,1.264800,1.264700,1.264800,0
20040115 063400,1.264800,1.264800,1.264600,1.264600,0
20040115 063500,1.264600,1.264800,1.264500,1.264500,0
20040115 063600,1.264500,1.264800,1.264400,1.264500,0
20040115 063700,1.264500,1.264600,1.264300,1.264500,0
20040115 063800,1.264500,1.264500,1.263800,1.263900,0
20040115 063900,1.264000,1.264100,1.263900,1.264100,0
20040115 064000,1.264100,1.264500,1.264100,1.264300,0
20040115 064100,1.264300,1.264600,1.264300,1.264600,0
20040115 064200,1.264500,1.264500,1.264000,1.264000,0
20040115 064300,1.263900,1.263900,1.263600,1.263600,0
20040115 064400,1.263600,1.263600,1.263200,1.263300,0
20040115 064500,1.263300,1.263600,1.263200,1.263500,0
20040115 064600,1.263600,1.263700,1.263500,1.263600,0
20040115 064700,1.263600,1.263600,1.263300,1.263500,0
20040115 064800,1.263500,1.263600,1.263500,1.263500,0
20040115 064900,1.263500,1.263500,1.263000,1.263200,0
20040115 065000,1.263200,1.263300,1.263000,1.263000,0
20040115 065100,1.263100,1.263700,1.263100,1.263600,0
20040115 065200,1.263700,1.263700,1.263500,1.263500,0
20040115 065300,1.263500,1.263800,1.263500,1.263700,0
20040115 065400,1.263700,1.263700,1.263600,1.263700,0
20040115 065500,1.263700,1.263700,1.263600,1.263700,0
20040115 065600,1.263600,1.263700,1.263200,1.263300,0
20040115 065700,1.263200,1.263200,1.262800,1.263100,0
20040115 065800,1.263100,1.263200,1.262700,1.263000,0
20040115 065900,1.263000,1.263100,1.262900,1.263000,0
20040115 070000,1.263000,1.263100,1.262900,1.262900,0
20040115 070100,1.262900,1.263500,1.262900,1.263400,0
20040115 070200,1.263400,1.263800,1.263400,1.263700,0
20040115 070300,1.263700,1.263900,1.263700,1.263800,0
20040115 070400,1.263800,1.264000,1.263800,1.263900,0
20040115 070500,1.263900,1.263900,1.263700,1.263900,0
20040115 070600,1.263900,1.264100,1.263900,1.264000,0
20040115 070700,1.264000,1.264000,1.263900,1.264000,0
20040115 070800,1.264000,1.264100,1.264000,1.264100,0
20040115 070900,1.264100,1.264100,1.263600,1.263600,0
20040115 071000,1.263600,1.263600,1.263400,1.263500,0
20040115 071100,1.263500,1.263500,1.263400,1.263500,0
20040115 071200,1.263500,1.263500,1.263300,1.263300,0
20040115 071300,1.263400,1.263500,1.263000,1.263200,0
20040115 071400,1.263200,1.263300,1.263100,1.263200,0
20040115 071500,1.263200,1.263200,1.263100,1.263200,0
20040115 071600,1.263200,1.263400,1.263200,1.263200,0
20040115 071700,1.263300,1.263300,1.263000,1.263000,0
20040115 071800,1.263000,1.263300,1.263000,1.263300,0
20040115 071900,1.263300,1.263600,1.263300,1.263600,0
20040115 072000,1.263600,1.263800,1.263500,1.263700,0
20040115 072100,1.263700,1.263900,1.263700,1.263800,0
20040115 072200,1.263800,1.264000,1.263800,1.264000,0
20040115 072300,1.264000,1.264200,1.264000,1.264000,0
20040115 072400,1.264000,1.264100,1.263800,1.263800,0
20040115 072500,1.263800,1.264000,1.263700,1.263800,0
20040115 072600,1.263800,1.263900,1.263800,1.263900,0
20040115 072700,1.263900,1.263900,1.263800,1.263800,0
20040115 072800,1.263800,1.263900,1.263800,1.263800,0
20040115 072900,1.263800,1.263900,1.263800,1.263800,0
20040115 073000,1.263800,1.263800,1.263700,1.263800,0
20040115 073100,1.263800,1.264000,1.263800,1.263900,0
20040115 073200,1.263900,1.263900,1.263800,1.263900,0
20040115 073300,1.263900,1.264200,1.263900,1.264100,0
20040115 073400,1.264100,1.264300,1.264000,1.264300,0
20040115 073500,1.264300,1.264500,1.264300,1.264500,0
20040115 073600,1.264500,1.264700,1.264300,1.264300,0
20040115 073700,1.264300,1.264400,1.264100,1.264200,0
20040115 073800,1.264200,1.264200,1.263900,1.263900,0
20040115 073900,1.263900,1.263900,1.263700,1.263700,0
20040115 074000,1.263600,1.263700,1.263600,1.263600,0
20040115 074100,1.263600,1.263800,1.263600,1.263700,0
20040115 074200,1.263800,1.263900,1.263700,1.263800,0
20040115 074300,1.263700,1.263900,1.263700,1.263900,0
20040115 074400,1.263900,1.264100,1.263900,1.264000,0
20040115 074500,1.264000,1.264000,1.263800,1.263800,0
20040115 074600,1.263800,1.263800,1.263700,1.263800,0
20040115 074700,1.263800,1.263800,1.263600,1.263700,0
20040115 074800,1.263800,1.264100,1.263800,1.264100,0
20040115 074900,1.264100,1.264200,1.264100,1.264200,0
20040115 075000,1.264200,1.264400,1.264100,1.264400,0
20040115 075100,1.264400,1.264400,1.264300,1.264400,0
20040115 075200,1.264400,1.264700,1.264400,1.264700,0
20040115 075300,1.264700,1.264700,1.264500,1.264500,0
20040115 075400,1.264500,1.264500,1.264500,1.264500,0
20040115 075500,1.264500,1.264500,1.264300,1.264300,0
20040115 075600,1.264300,1.264500,1.264300,1.264400,0
20040115 075700,1.264400,1.264400,1.264200,1.264300,0
20040115 075800,1.264300,1.264300,1.264100,1.264100,0
20040115 075900,1.264100,1.264100,1.264000,1.264100,0
20040115 080000,1.264100,1.264400,1.264100,1.264400,0
20040115 080100,1.264400,1.264500,1.264400,1.264500,0
20040115 080200,1.264500,1.264500,1.264100,1.264100,0
20040115 080300,1.264100,1.264100,1.263700,1.263800,0
20040115 080400,1.263800,1.263900,1.263700,1.263900,0
20040115 080500,1.263900,1.264000,1.263800,1.264000,0
20040115 080600,1.263900,1.264000,1.263800,1.264000,0
20040115 080700,1.264000,1.264100,1.263900,1.264000,0
20040115 080800,1.264000,1.264100,1.264000,1.264000,0
20040115 080900,1.264000,1.264000,1.263900,1.264000,0
20040115 081000,1.264000,1.264100,1.263900,1.264000,0
20040115 081100,1.264000,1.264000,1.263900,1.264000,0
20040115 081200,1.264000,1.264000,1.263800,1.264000,0
20040115 081300,1.264000,1.264000,1.263700,1.263700,0
20040115 081400,1.263700,1.263800,1.263500,1.263600,0
20040115 081500,1.263700,1.263900,1.263500,1.263800,0
20040115 081600,1.263800,1.264000,1.263800,1.263900,0
20040115 081700,1.264000,1.264100,1.264000,1.264100,0
20040115 081800,1.264000,1.264100,1.263900,1.263900,0
20040115 081900,1.264000,1.264000,1.263900,1.263900,0
20040115 082000,1.263900,1.264000,1.263900,1.263900,0
20040115 082100,1.263900,1.264300,1.263900,1.264200,0
20040115 082200,1.264200,1.264300,1.264100,1.264200,0
20040115 082300,1.264200,1.264200,1.264000,1.264100,0
20040115 082400,1.264100,1.264500,1.264000,1.264400,0
20040115 082500,1.264400,1.264600,1.264400,1.264500,0
20040115 082600,1.264500,1.264500,1.264300,1.264300,0
20040115 082700,1.264300,1.264400,1.264200,1.264300,0
20040115 082800,1.264400,1.264600,1.264300,1.264400,0
20040115 082900,1.264300,1.264500,1.264100,1.264200,0
20040115 083000,1.264300,1.265200,1.263600,1.264100,0
20040115 083100,1.263800,1.264600,1.263700,1.263900,0
20040115 083200,1.263900,1.264300,1.263200,1.263400,0
20040115 083300,1.263400,1.263800,1.263300,1.263800,0
20040115 083400,1.263700,1.263800,1.263200,1.263200,0
20040115 083500,1.263000,1.263400,1.262900,1.263000,0
20040115 083600,1.263000,1.263000,1.262200,1.262400,0
20040115 083700,1.262400,1.262400,1.262200,1.262300,0
20040115 083800,1.262300,1.262600,1.261900,1.261900,0
20040115 083900,1.262000,1.262500,1.262000,1.262500,0
20040115 084000,1.262500,1.262900,1.262500,1.262800,0
20040115 084100,1.262800,1.262900,1.262400,1.262900,0
20040115 084200,1.263000,1.263900,1.262900,1.263700,0
20040115 084300,1.263700,1.263900,1.263700,1.263800,0
20040115 084400,1.263700,1.264000,1.263600,1.263700,0
20040115 084500,1.263700,1.263800,1.263500,1.263600,0
20040115 084600,1.263600,1.263700,1.262900,1.262900,0
20040115 084700,1.262800,1.263100,1.262500,1.263000,0
20040115 084800,1.263000,1.263000,1.262300,1.262600,0
20040115 084900,1.262600,1.263100,1.262500,1.262900,0
20040115 085000,1.262900,1.262900,1.261900,1.262100,0
20040115 085100,1.262100,1.262300,1.261700,1.261800,0
20040115 085200,1.261800,1.262900,1.261700,1.262900,0
20040115 085300,1.262900,1.263700,1.262900,1.263600,0
20040115 085400,1.263500,1.263600,1.263100,1.263300,0
20040115 085500,1.263300,1.263700,1.263300,1.263400,0
20040115 085600,1.263400,1.264100,1.263300,1.263700,0
20040115 085700,1.263700,1.263800,1.263400,1.263700,0
20040115 085800,1.263700,1.264100,1.263600,1.263600,0
20040115 085900,1.263600,1.263700,1.263400,1.263500,0
20040115 090000,1.263500,1.263800,1.263400,1.263700,0
20040115 090100,1.263700,1.263700,1.263400,1.263700,0
20040115 090200,1.263600,1.263600,1.263300,1.263600,0
20040115 090300,1.263500,1.263600,1.263100,1.263100,0
20040115 090400,1.263100,1.263500,1.262900,1.263500,0
20040115 090500,1.263500,1.263900,1.263500,1.263900,0
20040115 090600,1.263900,1.264600,1.263900,1.264200,0
20040115 090700,1.264300,1.264300,1.263900,1.263900,0
20040115 090800,1.264000,1.264000,1.263700,1.264000,0
20040115 090900,1.264000,1.264100,1.263500,1.263500,0
20040115 091000,1.263500,1.263500,1.263000,1.263000,0
20040115 091100,1.263000,1.263300,1.262900,1.263200,0
20040115 091200,1.263300,1.263300,1.263000,1.263100,0
20040115 091300,1.263200,1.263400,1.263000,1.263000,0
20040115 091400,1.263000,1.263000,1.262600,1.262700,0
20040115 091500,1.262700,1.263000,1.262600,1.262900,0
20040115 091600,1.262900,1.263000,1.262600,1.262800,0
20040115 091700,1.262800,1.262900,1.262700,1.262900,0
20040115 091800,1.262900,1.263700,1.262900,1.263600,0
20040115 091900,1.263600,1.263700,1.263300,1.263300,0
20040115 092000,1.263300,1.263400,1.263100,1.263100,0
20040115 092100,1.263200,1.263300,1.262800,1.262900,0
20040115 092200,1.262800,1.262800,1.262400,1.262500,0
20040115 092300,1.262500,1.262600,1.262000,1.262000,0
20040115 092400,1.262000,1.262000,1.260700,1.260900,0
20040115 092500,1.260900,1.261400,1.260800,1.261400,0
20040115 092600,1.261500,1.261900,1.261400,1.261400,0
20040115 092700,1.261400,1.262400,1.261400,1.262200,0
20040115 092800,1.262200,1.262500,1.262100,1.262200,0
20040115 092900,1.262200,1.262200,1.261700,1.261800,0
20040115 093000,1.261800,1.261900,1.261600,1.261700,0
20040115 093100,1.261700,1.261900,1.261600,1.261600,0
20040115 093200,1.261600,1.262100,1.261600,1.262100,0
20040115 093300,1.262100,1.262300,1.262000,1.262300,0
20040115 093400,1.262300,1.262500,1.262100,1.262400,0
20040115 093500,1.262400,1.262400,1.262200,1.262200,0
20040115 093600,1.262200,1.262200,1.261500,1.261800,0
20040115 093700,1.261800,1.261900,1.261300,1.261500,0
20040115 093800,1.261400,1.261500,1.260300,1.260400,0
20040115 093900,1.260400,1.261500,1.260400,1.261500,0
20040115 094000,1.261400,1.261700,1.261300,1.261400,0
20040115 094100,1.261400,1.261400,1.261000,1.261000,0
20040115 094200,1.261000,1.261400,1.260800,1.260800,0
20040115 094300,1.260700,1.260700,1.260000,1.260100,0
20040115 094400,1.260200,1.260700,1.260200,1.260500,0
20040115 094500,1.260500,1.260700,1.259900,1.260700,0
20040115 094600,1.260700,1.260900,1.260200,1.260900,0
20040115 094700,1.260900,1.261100,1.260600,1.261000,0
20040115 094800,1.260900,1.260900,1.260500,1.260700,0
20040115 094900,1.260800,1.261100,1.260800,1.260900,0
20040115 095000,1.260900,1.261000,1.260700,1.261000,0
20040115 095100,1.261100,1.261500,1.261000,1.261300,0
20040115 095200,1.261300,1.261900,1.261300,1.261800,0
20040115 095300,1.261800,1.262200,1.261800,1.262000,0
20040115 095400,1.262000,1.262000,1.261600,1.261800,0
20040115 095500,1.261700,1.262000,1.261700,1.262000,0
20040115 095600,1.262000,1.262000,1.261500,1.261700,0
20040115 095700,1.261600,1.261700,1.261200,1.261400,0
20040115 095800,1.261500,1.261800,1.261300,1.261500,0
20040115 095900,1.261600,1.261700,1.261500,1.261500,0
20040115 100000,1.261500,1.261700,1.261000,1.261000,0
20040115 100100,1.261000,1.261000,1.260400,1.260700,0
20040115 100200,1.260700,1.260700,1.260400,1.260600,0
20040115 100300,1.260600,1.260800,1.260600,1.260700,0
20040115 100400,1.260600,1.260600,1.260200,1.260300,0
20040115 100500,1.260300,1.260400,1.259600,1.259600,0
20040115 100600,1.259600,1.260300,1.259400,1.260200,0
20040115 100700,1.260200,1.260200,1.259600,1.259600,0
20040115 100800,1.259500,1.259900,1.259300,1.259800,0
20040115 100900,1.259800,1.260000,1.259600,1.259900,0
20040115 101000,1.259800,1.260300,1.259800,1.260200,0
20040115 101100,1.260200,1.260700,1.260100,1.260700,0
20040115 101200,1.260600,1.261500,1.260500,1.261400,0
20040115 101300,1.261400,1.261800,1.261400,1.261600,0
20040115 101400,1.261600,1.261600,1.261100,1.261500,0
20040115 101500,1.261500,1.261800,1.261500,1.261600,0
20040115 101600,1.261600,1.261800,1.261400,1.261400,0
20040115 101700,1.261400,1.261400,1.261000,1.261100,0
20040115 101800,1.261100,1.261200,1.260300,1.260300,0
20040115 101900,1.260300,1.260800,1.260300,1.260700,0
20040115 102000,1.260700,1.260800,1.260600,1.260700,0
20040115 102100,1.260800,1.260800,1.260600,1.260800,0
20040115 102200,1.260900,1.261000,1.260700,1.261000,0
20040115 102300,1.261000,1.261000,1.260100,1.260100,0
20040115 102400,1.260100,1.260200,1.259300,1.259400,0
20040115 102500,1.259500,1.259900,1.259200,1.259200,0
20040115 102600,1.259200,1.260000,1.259100,1.260000,0
20040115 102700,1.260000,1.260600,1.260000,1.260200,0
20040115 102800,1.260200,1.260900,1.260200,1.260300,0
20040115 102900,1.260300,1.260700,1.260200,1.260600,0
20040115 103000,1.260600,1.260900,1.260200,1.260700,0
20040115 103100,1.260600,1.260900,1.260500,1.260700,0
20040115 103200,1.260700,1.260700,1.260200,1.260500,0
20040115 103300,1.260400,1.260500,1.260200,1.260500,0
20040115 103400,1.260600,1.260800,1.260300,1.260300,0
20040115 103500,1.260300,1.260900,1.260300,1.260600,0
20040115 103600,1.260600,1.260600,1.259800,1.260000,0
20040115 103700,1.260000,1.260500,1.259800,1.260500,0
20040115 103800,1.260500,1.260800,1.260500,1.260500,0
20040115 103900,1.260400,1.260700,1.260100,1.260700,0
20040115 104000,1.260700,1.261200,1.260700,1.261100,0
20040115 104100,1.261100,1.261300,1.260800,1.260900,0
20040115 104200,1.260800,1.260900,1.260500,1.260700,0
20040115 104300,1.260700,1.260700,1.260600,1.260600,0
20040115 104400,1.260700,1.261100,1.260700,1.260900,0
20040115 104500,1.261000,1.261000,1.260800,1.261000,0
20040115 104600,1.260900,1.261100,1.260400,1.260400,0
20040115 104700,1.260500,1.260800,1.260400,1.260500,0
20040115 104800,1.260400,1.260800,1.260400,1.260800,0
20040115 104900,1.260800,1.261000,1.260500,1.260500,0
20040115 105000,1.260500,1.260500,1.260100,1.260300,0
20040115 105100,1.260300,1.260400,1.260100,1.260400,0
20040115 105200,1.260400,1.260500,1.260200,1.260200,0
20040115 105300,1.260300,1.260300,1.259800,1.259900,0
20040115 105400,1.259900,1.260200,1.259900,1.260200,0
20040115 105500,1.260200,1.260200,1.259800,1.259900,0
20040115 105600,1.259800,1.259800,1.259400,1.259400,0
20040115 105700,1.259400,1.259700,1.258700,1.259500,0
20040115 105800,1.259500,1.260600,1.259500,1.260500,0
20040115 105900,1.260500,1.260900,1.260300,1.260600,0
20040115 110000,1.260600,1.260700,1.260400,1.260500,0
20040115 110100,1.260400,1.260400,1.259900,1.260200,0
20040115 110200,1.260200,1.260600,1.260200,1.260500,0
20040115 110300,1.260500,1.260500,1.260200,1.260300,0
20040115 110400,1.260300,1.260400,1.260200,1.260300,0
20040115 110500,1.260300,1.260400,1.260100,1.260100,0
20040115 110600,1.260100,1.260200,1.260000,1.260100,0
20040115 110700,1.260000,1.260100,1.259500,1.260000,0
20040115 110800,1.260000,1.260300,1.260000,1.260300,0
20040115 110900,1.260300,1.260400,1.260100,1.260200,0
20040115 111000,1.260200,1.260400,1.260200,1.260300,0
20040115 111100,1.260200,1.260300,1.259600,1.259800,0
20040115 111200,1.259800,1.260400,1.259700,1.260300,0
20040115 111300,1.260300,1.260500,1.260200,1.260400,0
20040115 111400,1.260400,1.260900,1.260300,1.260600,0
20040115 111500,1.260600,1.260700,1.260500,1.260700,0
20040115 111600,1.260800,1.260800,1.260700,1.260800,0
20040115 111700,1.260800,1.261100,1.260700,1.261000,0
20040115 111800,1.260900,1.261000,1.260900,1.260900,0
20040115 111900,1.260900,1.260900,1.260700,1.260800,0
20040115 112000,1.260800,1.260900,1.260700,1.260800,0
20040115 112100,1.260800,1.261200,1.260700,1.261100,0
20040115 112200,1.261200,1.261400,1.260900,1.261200,0
20040115 112300,1.261300,1.262000,1.261300,1.261800,0
20040115 112400,1.261800,1.261900,1.261600,1.261600,0
20040115 112500,1.261600,1.261700,1.261500,1.261700,0
20040115 112600,1.261700,1.261800,1.261600,1.261700,0
20040115 112700,1.261700,1.261900,1.261500,1.261800,0
20040115 112800,1.261800,1.262000,1.261600,1.261800,0
20040115 112900,1.261800,1.261800,1.261700,1.261700,0
20040115 113000,1.261700,1.261700,1.261400,1.261500,0
20040115 113100,1.261500,1.261800,1.261500,1.261800,0
20040115 113200,1.261800,1.262400,1.261700,1.262400,0
20040115 113300,1.262400,1.262600,1.262200,1.262300,0
20040115 113400,1.262300,1.262800,1.262300,1.262700,0
20040115 113500,1.262700,1.262700,1.262300,1.262300,0
20040115 113600,1.262400,1.262400,1.261900,1.262000,0
20040115 113700,1.261900,1.262100,1.261900,1.262100,0
20040115 113800,1.262100,1.262500,1.262100,1.262400,0
20040115 113900,1.262400,1.262700,1.262200,1.262500,0
20040115 114000,1.262500,1.262500,1.262200,1.262200,0
20040115 114100,1.262100,1.262200,1.261900,1.262100,0
20040115 114200,1.262000,1.262200,1.262000,1.262100,0
20040115 114300,1.262100,1.262600,1.262100,1.262300,0
20040115 114400,1.262300,1.262300,1.262000,1.262100,0
20040115 114500,1.262100,1.262100,1.261600,1.261600,0
20040115 114600,1.261600,1.261600,1.261300,1.261600,0
20040115 114700,1.261600,1.261700,1.261400,1.261600,0
20040115 114800,1.261600,1.261600,1.260700,1.260700,0
20040115 114900,1.260700,1.260700,1.260000,1.260000,0
20040115 115000,1.260000,1.260200,1.259600,1.260100,0
20040115 115100,1.260100,1.260100,1.259800,1.259900,0
20040115 115200,1.259900,1.260000,1.259000,1.259200,0
20040115 115300,1.259200,1.260100,1.259000,1.260100,0
20040115 115400,1.260100,1.260200,1.259600,1.259800,0
20040115 115500,1.259700,1.259900,1.259700,1.259900,0
20040115 115600,1.259900,1.259900,1.259700,1.259700,0
20040115 115700,1.259700,1.260000,1.259500,1.259900,0
20040115 115800,1.260000,1.260200,1.259500,1.259500,0
20040115 115900,1.259500,1.259800,1.259100,1.259100,0
20040115 120000,1.259100,1.259300,1.257900,1.258300,0
20040115 120100,1.258200,1.259200,1.258100,1.259200,0
20040115 120200,1.259200,1.259400,1.258800,1.259100,0
20040115 120300,1.259100,1.259800,1.259000,1.259600,0
20040115 120400,1.259600,1.259700,1.258900,1.259100,0
20040115 120500,1.259100,1.259300,1.258900,1.259300,0
20040115 120600,1.259300,1.259800,1.259100,1.259500,0
20040115 120700,1.259500,1.259500,1.258700,1.258700,0
20040115 120800,1.258600,1.259200,1.258600,1.259100,0
20040115 120900,1.259100,1.259300,1.259000,1.259100,0
20040115 121000,1.259000,1.259200,1.258700,1.258800,0
20040115 121100,1.258800,1.259100,1.258800,1.258900,0
20040115 121200,1.258900,1.259100,1.258700,1.258900,0
20040115 121300,1.258900,1.258900,1.258600,1.258700,0
20040115 121400,1.258800,1.259300,1.258800,1.259300,0
20040115 121500,1.259300,1.259600,1.259300,1.259500,0
20040115 121600,1.259400,1.259500,1.259200,1.259200,0
20040115 121700,1.259200,1.259500,1.259100,1.259500,0
20040115 121800,1.259500,1.259600,1.258800,1.258800,0
20040115 121900,1.258800,1.259100,1.258400,1.259000,0
20040115 122000,1.259100,1.259200,1.259000,1.259000,0
20040115 122100,1.259000,1.259100,1.258900,1.259100,0
20040115 122200,1.259100,1.259200,1.258500,1.258600,0
20040115 122300,1.258600,1.258800,1.258200,1.258400,0
20040115 122400,1.258500,1.258700,1.258300,1.258300,0
20040115 122500,1.258300,1.258600,1.258300,1.258500,0
20040115 122600,1.258600,1.259100,1.258400,1.259100,0
20040115 122700,1.259000,1.259100,1.258800,1.258900,0
20040115 122800,1.258900,1.259100,1.258900,1.259100,0
20040115 122900,1.259100,1.259500,1.259100,1.259500,0
20040115 123000,1.259500,1.259500,1.259100,1.259200,0
20040115 123100,1.259100,1.259300,1.258800,1.258800,0
20040115 123200,1.258800,1.258900,1.258600,1.258800,0
20040115 123300,1.258700,1.259100,1.258700,1.259100,0
20040115 123400,1.259200,1.259300,1.258900,1.259200,0
20040115 123500,1.259200,1.259400,1.259200,1.259400,0
20040115 123600,1.259400,1.259500,1.259100,1.259100,0
20040115 123700,1.259100,1.259600,1.258800,1.259600,0
20040115 123800,1.259600,1.259800,1.259400,1.259800,0
20040115 123900,1.259800,1.259800,1.259700,1.259800,0
20040115 124000,1.259800,1.259800,1.259500,1.259800,0
20040115 124100,1.259800,1.260200,1.259800,1.259900,0
20040115 124200,1.259900,1.259900,1.259500,1.259700,0
20040115 124300,1.259700,1.259800,1.259600,1.259800,0
20040115 124400,1.259800,1.259800,1.259700,1.259800,0
20040115 124500,1.259800,1.259800,1.259600,1.259600,0
20040115 124600,1.259800,1.259900,1.259600,1.259800,0
20040115 124700,1.259800,1.259800,1.259700,1.259800,0
20040115 124800,1.259800,1.260500,1.259800,1.260500,0
20040115 124900,1.260500,1.260500,1.260000,1.260200,0
20040115 125000,1.260100,1.260100,1.260000,1.260100,0
20040115 125100,1.260100,1.260100,1.259600,1.259600,0
20040115 125200,1.259600,1.259700,1.259500,1.259600,0
20040115 125300,1.259600,1.259600,1.259500,1.259500,0
20040115 125400,1.259500,1.259900,1.259400,1.259800,0
20040115 125500,1.259800,1.260100,1.259800,1.260000,0
20040115 125600,1.260100,1.260400,1.260100,1.260400,0
20040115 125700,1.260400,1.260400,1.260100,1.260200,0
20040115 125800,1.260200,1.260200,1.260000,1.260000,0
20040115 125900,1.259900,1.259900,1.259600,1.259600,0
20040115 130000,1.259600,1.259800,1.259600,1.259800,0
20040115 130100,1.259800,1.259900,1.259700,1.259800,0
20040115 130200,1.259800,1.260100,1.259700,1.260100,0
20040115 130300,1.260100,1.260100,1.260000,1.260000,0
20040115 130400,1.260000,1.260100,1.259900,1.260000,0
20040115 130500,1.260000,1.260100,1.259900,1.259900,0
20040115 130600,1.259900,1.259900,1.259600,1.259600,0
20040115 130700,1.259600,1.259700,1.259300,1.259300,0
20040115 130800,1.259400,1.259400,1.258800,1.259000,0
20040115 130900,1.259000,1.259200,1.258800,1.258800,0
20040115 131000,1.258800,1.258900,1.258600,1.258600,0
20040115 131100,1.258600,1.258700,1.258400,1.258400,0
20040115 131200,1.258500,1.258500,1.257900,1.258400,0
20040115 131300,1.258400,1.258600,1.258200,1.258500,0
20040115 131400,1.258500,1.259100,1.258500,1.258900,0
20040115 131500,1.259100,1.259200,1.259000,1.259200,0
20040115 131600,1.259200,1.259500,1.259200,1.259200,0
20040115 131700,1.259200,1.259300,1.259000,1.259100,0
20040115 131800,1.259100,1.259100,1.258900,1.258900,0
20040115 131900,1.258900,1.259100,1.258800,1.259100,0
20040115 132000,1.259000,1.259100,1.258900,1.259000,0
20040115 132100,1.259000,1.259100,1.259000,1.259100,0
20040115 132200,1.259100,1.259100,1.259100,1.259100,0
20040115 132300,1.259100,1.259200,1.259000,1.259100,0
20040115 132400,1.259000,1.259100,1.259000,1.259000,0
20040115 132500,1.259000,1.259100,1.258800,1.258900,0
20040115 132600,1.258900,1.258900,1.258800,1.258900,0
20040115 132700,1.258800,1.258800,1.258800,1.258800,0
20040115 132800,1.258900,1.258900,1.258600,1.258600,0
20040115 132900,1.258600,1.258700,1.258500,1.258700,0
20040115 133000,1.258700,1.258900,1.258700,1.258800,0
20040115 133100,1.258900,1.259200,1.258800,1.259100,0
20040115 133200,1.259100,1.259200,1.259000,1.259000,0
20040115 133300,1.259000,1.259200,1.258900,1.258900,0
20040115 133400,1.258900,1.259000,1.258700,1.258800,0
20040115 133500,1.258800,1.259100,1.258800,1.258900,0
20040115 133600,1.258900,1.259000,1.258700,1.258700,0
20040115 133700,1.258700,1.258800,1.258700,1.258800,0
20040115 133800,1.258700,1.259000,1.258700,1.258900,0
20040115 133900,1.258900,1.259000,1.258900,1.258900,0
20040115 134000,1.258900,1.258900,1.258600,1.258700,0
20040115 134100,1.258700,1.258800,1.258600,1.258600,0
20040115 134200,1.258600,1.258800,1.258600,1.258600,0
20040115 134300,1.258600,1.258600,1.258400,1.258500,0
20040115 134400,1.258400,1.258600,1.258300,1.258400,0
20040115 134500,1.258400,1.258400,1.258300,1.258400,0
20040115 134600,1.258400,1.258500,1.258300,1.258400,0
20040115 134700,1.258400,1.258400,1.258200,1.258200,0
20040115 134800,1.258200,1.258400,1.258100,1.258100,0
20040115 134900,1.258100,1.258500,1.258100,1.258200,0
20040115 135000,1.258200,1.258400,1.258200,1.258200,0
20040115 135100,1.258200,1.258300,1.258100,1.258200,0
20040115 135200,1.258100,1.258200,1.258000,1.258000,0
20040115 135300,1.258000,1.258200,1.257700,1.257700,0
20040115 135400,1.257700,1.257800,1.257300,1.257300,0
20040115 135500,1.257300,1.257600,1.257200,1.257200,0
20040115 135600,1.257200,1.257300,1.257000,1.257100,0
20040115 135700,1.257100,1.257300,1.257000,1.257100,0
20040115 135800,1.257100,1.257300,1.257000,1.257300,0
20040115 135900,1.257400,1.257400,1.257200,1.257300,0
20040115 140000,1.257400,1.257500,1.257300,1.257300,0
20040115 140100,1.257300,1.257700,1.257300,1.257500,0
20040115 140200,1.257500,1.257700,1.257500,1.257600,0
20040115 140300,1.257700,1.258000,1.257600,1.257800,0
20040115 140400,1.257800,1.257900,1.257800,1.257800,0
20040115 140500,1.257800,1.258000,1.257800,1.257900,0
20040115 140600,1.257900,1.258200,1.257800,1.258200,0
20040115 140700,1.258200,1.258300,1.258000,1.258300,0
20040115 140800,1.258300,1.258600,1.258200,1.258500,0
20040115 140900,1.258500,1.258500,1.258300,1.258400,0
20040115 141000,1.258400,1.258400,1.258200,1.258300,0
20040115 141100,1.258300,1.258300,1.258000,1.258300,0
20040115 141200,1.258300,1.258600,1.258200,1.258600,0
20040115 141300,1.258600,1.258700,1.258500,1.258600,0
20040115 141400,1.258600,1.258600,1.258500,1.258600,0
20040115 141500,1.258600,1.258700,1.258600,1.258600,0
20040115 141600,1.258600,1.258700,1.258400,1.258500,0
20040115 141700,1.258400,1.258500,1.258300,1.258300,0
20040115 141800,1.258300,1.258300,1.258000,1.258100,0
20040115 141900,1.258100,1.258100,1.257900,1.258000,0
20040115 142000,1.258000,1.258200,1.258000,1.258200,0
20040115 142100,1.258100,1.258300,1.258100,1.258200,0
20040115 142200,1.258300,1.258400,1.258300,1.258400,0
20040115 142300,1.258400,1.258500,1.258300,1.258400,0
20040115 142400,1.258300,1.258400,1.258200,1.258300,0
20040115 142500,1.258300,1.258300,1.258100,1.258100,0
20040115 142600,1.258100,1.258100,1.258100,1.258100,0
20040115 142700,1.258000,1.258200,1.258000,1.258200,0
20040115 142800,1.258300,1.258500,1.258100,1.258200,0
20040115 142900,1.258300,1.258400,1.258000,1.258000,0
20040115 143000,1.257900,1.258100,1.257900,1.258100,0
20040115 143100,1.258100,1.258300,1.258100,1.258100,0
20040115 143200,1.258000,1.258000,1.257900,1.258000,0
20040115 143300,1.257900,1.258100,1.257800,1.258000,0
20040115 143400,1.258000,1.258100,1.258000,1.258000,0
20040115 143500,1.258000,1.258200,1.258000,1.258200,0
20040115 143600,1.258200,1.258400,1.258100,1.258200,0
20040115 143700,1.258200,1.258200,1.258200,1.258200,0
20040115 143800,1.258100,1.258200,1.257700,1.257700,0
20040115 143900,1.257600,1.258000,1.257600,1.257900,0
20040115 144000,1.258000,1.258300,1.258000,1.258200,0
20040115 144100,1.258200,1.258400,1.258200,1.258400,0
20040115 144200,1.258400,1.258500,1.258200,1.258200,0
20040115 144300,1.258100,1.258300,1.258100,1.258100,0
20040115 144400,1.258100,1.258500,1.258100,1.258500,0
20040115 144500,1.258500,1.258500,1.257900,1.258100,0
20040115 144600,1.258100,1.258100,1.257800,1.257800,0
20040115 144700,1.257800,1.257800,1.257500,1.257600,0
20040115 144800,1.257600,1.257600,1.257600,1.257600,0
20040115 144900,1.257700,1.258100,1.257700,1.258000,0
20040115 145000,1.258000,1.258000,1.257900,1.257900,0
20040115 145100,1.257900,1.258000,1.257900,1.258000,0
20040115 145200,1.257900,1.258100,1.257900,1.258100,0
20040115 145300,1.258000,1.258100,1.257900,1.258100,0
20040115 145400,1.258100,1.258300,1.257900,1.257900,0
20040115 145500,1.257900,1.258100,1.257900,1.258000,0
20040115 145600,1.258000,1.258100,1.257900,1.258000,0
20040115 145700,1.258000,1.258100,1.257800,1.257800,0
20040115 145800,1.257800,1.258100,1.257800,1.258000,0
20040115 145900,1.258100,1.258200,1.258000,1.258100,0
20040115 150000,1.258100,1.258200,1.258100,1.258200,0
20040115 150100,1.258100,1.258500,1.258100,1.258500,0
20040115 150200,1.258400,1.258600,1.258400,1.258500,0
20040115 150300,1.258500,1.258800,1.258300,1.258600,0
20040115 150400,1.258600,1.258800,1.258500,1.258600,0
20040115 150500,1.258600,1.258600,1.258500,1.258600,0
20040115 150600,1.258500,1.258600,1.258300,1.258600,0
20040115 150800,1.258600,1.258700,1.258500,1.258500,0
20040115 150900,1.258500,1.258700,1.258500,1.258700,0
20040115 151000,1.258700,1.258800,1.258700,1.258800,0
20040115 151100,1.258800,1.258800,1.258800,1.258800,0
20040115 151200,1.258800,1.258900,1.258700,1.258800,0
20040115 151300,1.258800,1.258800,1.258800,1.258800,0
20040115 151400,1.258900,1.258900,1.258600,1.258700,0
20040115 151500,1.258700,1.258700,1.258600,1.258600,0
20040115 151600,1.258700,1.258700,1.258500,1.258500,0
20040115 151700,1.258500,1.258600,1.258400,1.258400,0
20040115 151800,1.258400,1.258400,1.258400,1.258400,0
20040115 151900,1.258400,1.258500,1.258200,1.258200,0
20040115 152000,1.258200,1.258300,1.258100,1.258100,0
20040115 152100,1.258100,1.258100,1.257800,1.257900,0
20040115 152200,1.257900,1.257900,1.257700,1.257700,0
20040115 152300,1.257700,1.257800,1.257500,1.257600,0
20040115 152400,1.257600,1.257600,1.257300,1.257500,0
20040115 152500,1.257500,1.257700,1.257500,1.257700,0
20040115 152600,1.257700,1.257700,1.257400,1.257400,0
20040115 152700,1.257400,1.257700,1.257400,1.257700,0
20040115 152800,1.257600,1.257600,1.257500,1.257500,0
20040115 152900,1.257500,1.257500,1.257400,1.257400,0
20040115 153000,1.257400,1.257500,1.257400,1.257400,0
20040115 153100,1.257400,1.257700,1.257400,1.257500,0
20040115 153200,1.257500,1.257500,1.257300,1.257500,0
20040115 153300,1.257600,1.257600,1.257500,1.257600,0
20040115 153400,1.257600,1.257600,1.257500,1.257500,0
20040115 153500,1.257500,1.257500,1.257300,1.257400,0
20040115 153600,1.257400,1.257500,1.257400,1.257400,0
20040115 153700,1.257400,1.257400,1.257100,1.257200,0
20040115 153800,1.257200,1.257200,1.257100,1.257200,0
20040115 153900,1.257200,1.257500,1.257200,1.257400,0
20040115 154000,1.257400,1.257500,1.257300,1.257300,0
20040115 154100,1.257400,1.257500,1.257400,1.257400,0
20040115 154200,1.257400,1.257600,1.257400,1.257600,0
20040115 154300,1.257600,1.257700,1.257500,1.257600,0
20040115 154400,1.257600,1.257600,1.257500,1.257500,0
20040115 154500,1.257500,1.257500,1.257300,1.257400,0
20040115 154600,1.257400,1.257500,1.257400,1.257500,0
20040115 154700,1.257500,1.257600,1.257400,1.257500,0
20040115 154800,1.257500,1.257500,1.257500,1.257500,0
20040115 154900,1.257400,1.257400,1.257300,1.257300,0
20040115 155000,1.257300,1.257400,1.257300,1.257400,0
20040115 155300,1.257500,1.257500,1.257400,1.257400,0
20040115 155400,1.257400,1.257600,1.257400,1.257500,0
20040115 155500,1.257500,1.257600,1.257400,1.257500,0
20040115 155600,1.257500,1.257500,1.257400,1.257400,0
20040115 155700,1.257400,1.257400,1.257200,1.257300,0
20040115 155800,1.257300,1.257300,1.256800,1.256800,0
20040115 155900,1.256800,1.256800,1.256600,1.256700,0
20040115 160000,1.256600,1.256800,1.256200,1.256300,0
20040115 160100,1.256300,1.256500,1.256300,1.256500,0
20040115 160200,1.256500,1.256700,1.256500,1.256700,0
20040115 160300,1.256700,1.257000,1.256700,1.256900,0
20040115 160400,1.256800,1.256900,1.256700,1.256700,0
20040115 160500,1.256700,1.257100,1.256700,1.256900,0
20040115 160600,1.256900,1.257200,1.256900,1.257200,0
20040115 160700,1.257200,1.257300,1.257200,1.257300,0
20040115 160800,1.257400,1.257400,1.257300,1.257300,0
20040115 160900,1.257400,1.257700,1.257400,1.257700,0
20040115 161000,1.257700,1.257700,1.257400,1.257600,0
20040115 161100,1.257600,1.257700,1.257600,1.257600,0
20040115 161200,1.257600,1.257800,1.257600,1.257600,0
20040115 161300,1.257600,1.257800,1.257600,1.257700,0
20040115 161400,1.257700,1.257700,1.257600,1.257600,0
20040115 161500,1.257600,1.257700,1.257600,1.257600,0
20040115 161600,1.257700,1.257700,1.257400,1.257500,0
20040115 161700,1.257600,1.257600,1.257400,1.257500,0
20040115 161800,1.257500,1.257700,1.257500,1.257600,0
20040115 161900,1.257600,1.257700,1.257500,1.257700,0
20040115 162000,1.257600,1.257600,1.257400,1.257600,0
20040115 162100,1.257600,1.257900,1.257600,1.257800,0
20040115 162200,1.257800,1.258000,1.257800,1.257800,0
20040115 162300,1.257800,1.257900,1.257700,1.257700,0
20040115 162400,1.257700,1.257800,1.257700,1.257800,0
20040115 162500,1.257800,1.258000,1.257800,1.258000,0
20040115 162600,1.257900,1.257900,1.257800,1.257800,0
20040115 162700,1.257700,1.257800,1.257300,1.257300,0
20040115 162800,1.257600,1.257800,1.257500,1.257800,0
20040115 162900,1.257800,1.257800,1.257700,1.257800,0
20040115 163000,1.257900,1.258100,1.257900,1.257900,0
20040115 163100,1.257900,1.258200,1.257900,1.258200,0
20040115 163200,1.258200,1.258300,1.258100,1.258200,0
20040115 163300,1.258200,1.258200,1.257900,1.257900,0
20040115 163400,1.257900,1.258100,1.257900,1.258000,0
20040115 163500,1.258000,1.258100,1.257900,1.258100,0
20040115 163600,1.258100,1.258200,1.258000,1.258000,0
20040115 163700,1.258000,1.258100,1.258000,1.258000,0
20040115 163800,1.258000,1.258000,1.257900,1.257900,0
20040115 163900,1.257900,1.257900,1.257900,1.257900,0
20040115 164000,1.257900,1.258000,1.257900,1.258000,0
20040115 164100,1.258000,1.258000,1.258000,1.258000,0
20040115 164200,1.258000,1.258100,1.258000,1.258000,0
20040115 164300,1.258000,1.258000,1.257800,1.257900,0
20040115 164400,1.257900,1.257900,1.257900,1.257900,0
20040115 164500,1.257800,1.257800,1.257700,1.257800,0
20040115 164600,1.257700,1.257800,1.257700,1.257800,0
20040115 164700,1.257800,1.257900,1.257700,1.257900,0
20040115 164800,1.257800,1.257900,1.257700,1.257700,0
20040115 164900,1.257700,1.257900,1.257700,1.257900,0
20040115 165000,1.257800,1.257900,1.257800,1.257800,0
20040115 165100,1.257800,1.257800,1.257800,1.257800,0
20040115 165200,1.257800,1.258000,1.257800,1.257900,0
20040115 165300,1.257900,1.258000,1.257900,1.258000,0
20040115 165400,1.258000,1.258000,1.258000,1.258000,0
20040115 165500,1.258000,1.258200,1.258000,1.258000,0
20040115 165600,1.258000,1.258000,1.257900,1.257900,0
20040115 165700,1.257900,1.258000,1.257900,1.258000,0
20040115 165800,1.257900,1.258000,1.257900,1.258000,0
20040115 172900,1.258300,1.258400,1.258300,1.258400,0
20040115 173000,1.258400,1.258600,1.258400,1.258600,0
20040115 173100,1.258600,1.258600,1.258400,1.258500,0
20040115 173200,1.258500,1.258600,1.258400,1.258500,0
20040115 173300,1.258500,1.258800,1.258500,1.258500,0
20040115 173400,1.258500,1.258700,1.258500,1.258700,0
20040115 173500,1.258700,1.258800,1.258700,1.258800,0
20040115 173600,1.258800,1.258900,1.258700,1.258800,0
20040115 173700,1.258800,1.258800,1.258800,1.258800,0
20040115 173800,1.258800,1.258900,1.258700,1.258700,0
20040115 173900,1.258700,1.258700,1.258700,1.258700,0
20040115 174000,1.258700,1.258700,1.258700,1.258700,0
20040115 174100,1.258700,1.258800,1.258700,1.258700,0
20040115 174200,1.258700,1.258700,1.258700,1.258700,0
20040115 174300,1.258700,1.258800,1.258700,1.258800,0
20040115 174400,1.258800,1.258800,1.258800,1.258800,0
20040115 174500,1.258800,1.258800,1.258800,1.258800,0
20040115 174600,1.258800,1.258800,1.258800,1.258800,0
20040115 174700,1.258800,1.258900,1.258800,1.258900,0
20040115 174800,1.258900,1.258900,1.258800,1.258800,0
20040115 174900,1.258800,1.259000,1.258800,1.259000,0
20040115 175000,1.259000,1.259000,1.258800,1.258800,0
20040115 175100,1.258800,1.258900,1.258800,1.258900,0
20040115 175200,1.258900,1.258900,1.258900,1.258900,0
20040115 175300,1.258900,1.259000,1.258900,1.259000,0
20040115 175400,1.259000,1.259300,1.259000,1.259000,0
20040115 175500,1.259000,1.259200,1.258900,1.259000,0
20040115 175600,1.259000,1.259100,1.259000,1.259100,0
20040115 175700,1.259100,1.259300,1.259100,1.259200,0
20040115 175800,1.259200,1.259200,1.259100,1.259200,0
20040115 175900,1.259200,1.259200,1.259100,1.259200,0
20040115 180000,1.259200,1.259400,1.259200,1.259200,0
20040115 180100,1.259200,1.259300,1.259100,1.259300,0
20040115 180200,1.259300,1.259300,1.259300,1.259300,0
20040115 180300,1.259300,1.259300,1.259100,1.259200,0
20040115 180400,1.259200,1.259300,1.259200,1.259200,0
20040115 180500,1.259200,1.259200,1.259100,1.259200,0
20040115 180600,1.259200,1.259200,1.259000,1.259100,0
20040115 180700,1.259100,1.259400,1.259100,1.259200,0
20040115 180800,1.259200,1.259300,1.259200,1.259300,0
20040115 180900,1.259300,1.259300,1.259300,1.259300,0
20040115 181000,1.259300,1.259300,1.259300,1.259300,0
20040115 181100,1.259300,1.259300,1.259300,1.259300,0
20040115 181200,1.259300,1.259500,1.259300,1.259400,0
20040115 181300,1.259400,1.259500,1.259300,1.259500,0
20040115 181400,1.259500,1.259500,1.259500,1.259500,0
20040115 181500,1.259500,1.259500,1.259500,1.259500,0
20040115 181600,1.259500,1.259700,1.259500,1.259600,0
20040115 181700,1.259600,1.259800,1.259500,1.259700,0
20040115 181800,1.259700,1.259700,1.259600,1.259600,0
20040115 181900,1.259600,1.259700,1.259600,1.259600,0
20040115 182000,1.259600,1.259600,1.259400,1.259400,0
20040115 182100,1.259400,1.259500,1.259300,1.259500,0
20040115 182200,1.259500,1.259500,1.259400,1.259400,0
20040115 182300,1.259400,1.259400,1.259400,1.259400,0
20040115 182400,1.259400,1.259400,1.259200,1.259200,0
20040115 182500,1.259200,1.259300,1.259200,1.259200,0
20040115 182600,1.259200,1.259300,1.259200,1.259300,0
20040115 182700,1.259300,1.259400,1.259300,1.259400,0
20040115 182800,1.259400,1.259400,1.259400,1.259400,0
20040115 182900,1.259400,1.259500,1.259400,1.259500,0
20040115 183000,1.259600,1.259800,1.259600,1.259700,0
20040115 183100,1.259700,1.259800,1.259700,1.259800,0
20040115 183200,1.259800,1.259800,1.259800,1.259800,0
20040115 183300,1.259800,1.260100,1.259800,1.260000,0
20040115 183400,1.260000,1.260100,1.260000,1.260000,0
20040115 183500,1.260000,1.260000,1.259800,1.259800,0
20040115 183600,1.259800,1.259800,1.259300,1.259300,0
20040115 183700,1.259300,1.259400,1.259200,1.259200,0
20040115 183800,1.259200,1.259400,1.259100,1.259400,0
20040115 183900,1.259400,1.259500,1.259400,1.259500,0
20040115 184000,1.259400,1.259800,1.259300,1.259800,0
20040115 184100,1.259800,1.260000,1.259800,1.259900,0
20040115 184200,1.259900,1.260000,1.259900,1.260000,0
20040115 184300,1.260000,1.260200,1.260000,1.260100,0
20040115 184400,1.260100,1.260200,1.260000,1.260200,0
20040115 184500,1.260200,1.260200,1.260100,1.260100,0
20040115 184600,1.260100,1.260300,1.260100,1.260200,0
20040115 184700,1.260200,1.260300,1.260200,1.260300,0
20040115 184800,1.260300,1.260500,1.260200,1.260200,0
20040115 184900,1.260200,1.260300,1.260100,1.260100,0
20040115 185000,1.260200,1.260200,1.260000,1.260200,0
20040115 185100,1.260200,1.260200,1.260100,1.260200,0
20040115 185200,1.260200,1.260200,1.259900,1.260000,0
20040115 185300,1.260000,1.260000,1.259800,1.259900,0
20040115 185400,1.259900,1.260000,1.259800,1.259900,0
20040115 185500,1.259900,1.260300,1.259900,1.260300,0
20040115 185600,1.260200,1.260400,1.260200,1.260300,0
20040115 185700,1.260300,1.260400,1.260100,1.260100,0
20040115 185800,1.260100,1.260200,1.259900,1.260000,0
20040115 185900,1.260000,1.260000,1.259900,1.260000,0
20040115 190000,1.260000,1.260000,1.259900,1.259900,0
20040115 190100,1.259900,1.259900,1.259800,1.259900,0
20040115 190200,1.259900,1.259900,1.259700,1.259700,0
20040115 190300,1.259700,1.259800,1.259700,1.259800,0
20040115 190400,1.259800,1.259800,1.259700,1.259800,0
20040115 190500,1.259800,1.259800,1.259700,1.259700,0
20040115 190600,1.259700,1.259800,1.259700,1.259700,0
20040115 190700,1.259700,1.259800,1.259700,1.259800,0
20040115 190800,1.259800,1.259900,1.259700,1.259800,0
20040115 190900,1.259800,1.259800,1.259700,1.259800,0
20040115 191000,1.259800,1.259800,1.259700,1.259700,0
20040115 191100,1.259700,1.259700,1.259300,1.259400,0
20040115 191200,1.259400,1.259700,1.259300,1.259600,0
20040115 191300,1.259700,1.259700,1.259600,1.259600,0
20040115 191400,1.259700,1.259700,1.259400,1.259400,0
20040115 191500,1.259500,1.259600,1.259500,1.259500,0
20040115 191600,1.259600,1.259800,1.259500,1.259800,0
20040115 191700,1.259800,1.259900,1.259800,1.259800,0
20040115 191800,1.259800,1.259800,1.259700,1.259700,0
20040115 191900,1.259700,1.259800,1.259700,1.259800,0
20040115 192000,1.259800,1.260000,1.259800,1.259900,0
20040115 192100,1.259900,1.260100,1.259900,1.260000,0
20040115 192200,1.260000,1.260000,1.260000,1.260000,0
20040115 192300,1.260000,1.260000,1.259900,1.260000,0
20040115 192400,1.260000,1.260100,1.259900,1.260100,0
20040115 192500,1.260000,1.260100,1.259900,1.260000,0
20040115 192600,1.260000,1.260000,1.260000,1.260000,0
20040115 192700,1.260000,1.260100,1.260000,1.260000,0
20040115 192800,1.260000,1.260200,1.260000,1.260200,0
20040115 192900,1.260200,1.260200,1.260000,1.260100,0
20040115 193000,1.260100,1.260200,1.260100,1.260200,0
20040115 193100,1.260200,1.260700,1.260200,1.260700,0
20040115 193200,1.260700,1.260700,1.260400,1.260400,0
20040115 193300,1.260400,1.260500,1.260300,1.260400,0
20040115 193400,1.260400,1.260500,1.260300,1.260500,0
20040115 193500,1.260500,1.260600,1.260400,1.260600,0
20040115 193600,1.260600,1.260800,1.260600,1.260700,0
20040115 193700,1.260700,1.260800,1.260700,1.260800,0
20040115 193800,1.260800,1.261000,1.260800,1.260800,0
20040115 193900,1.260800,1.261000,1.260800,1.260900,0
20040115 194000,1.260800,1.260900,1.260800,1.260800,0
20040115 194100,1.260800,1.260800,1.260700,1.260700,0
20040115 194200,1.260700,1.260700,1.260600,1.260700,0
20040115 194300,1.260700,1.260900,1.260700,1.260900,0
20040115 194400,1.260800,1.261000,1.260800,1.260800,0
20040115 194500,1.260800,1.260900,1.260700,1.260800,0
20040115 194600,1.260800,1.260800,1.260800,1.260800,0
20040115 194700,1.260800,1.260800,1.260800,1.260800,0
20040115 194800,1.260800,1.260800,1.260600,1.260600,0
20040115 194900,1.260600,1.260700,1.260500,1.260500,0
20040115 195000,1.260500,1.260600,1.260400,1.260500,0
20040115 195100,1.260500,1.260500,1.260400,1.260500,0
20040115 195200,1.260500,1.260500,1.260500,1.260500,0
20040115 195300,1.260500,1.260500,1.260500,1.260500,0
20040115 195400,1.260500,1.260500,1.260100,1.260100,0
20040115 195500,1.260100,1.260300,1.260100,1.260200,0
20040115 195600,1.260200,1.260200,1.259900,1.259900,0
20040115 195700,1.259900,1.260000,1.259600,1.260000,0
20040115 195800,1.260000,1.260000,1.259900,1.260000,0
20040115 195900,1.260000,1.260000,1.259900,1.259900,0
20040115 200000,1.259900,1.260000,1.259900,1.259900,0
20040115 200100,1.259800,1.259800,1.259500,1.259600,0
20040115 200200,1.259600,1.259700,1.259600,1.259700,0
20040115 200300,1.259700,1.259700,1.259200,1.259300,0
20040115 200400,1.259300,1.259300,1.259000,1.259100,0
20040115 200500,1.259100,1.259100,1.258700,1.258700,0
20040115 200600,1.258700,1.258900,1.258600,1.258900,0
20040115 200700,1.258900,1.259100,1.258800,1.259100,0
20040115 200800,1.259000,1.259100,1.258800,1.258900,0
20040115 200900,1.258900,1.258900,1.258800,1.258900,0
20040115 201000,1.258900,1.258900,1.258800,1.258900,0
20040115 201100,1.258900,1.259100,1.258800,1.258800,0
20040115 201200,1.258900,1.259400,1.258900,1.259300,0
20040115 201300,1.259300,1.259300,1.259100,1.259200,0
20040115 201400,1.259200,1.259400,1.259200,1.259300,0
20040115 201500,1.259300,1.259300,1.258900,1.258900,0
20040115 201600,1.258900,1.259100,1.258900,1.259100,0
20040115 201700,1.259100,1.259100,1.258900,1.259100,0
20040115 201800,1.259100,1.259400,1.259100,1.259400,0
20040115 201900,1.259500,1.259700,1.259400,1.259600,0
20040115 202000,1.259600,1.259600,1.259600,1.259600,0
20040115 202100,1.259600,1.259600,1.259400,1.259500,0
20040115 202200,1.259400,1.259400,1.259200,1.259300,0
20040115 202300,1.259300,1.259300,1.259000,1.259000,0
20040115 202400,1.259000,1.259100,1.259000,1.259000,0
20040115 202500,1.259000,1.259200,1.259000,1.259200,0
20040115 202600,1.259200,1.259200,1.259100,1.259200,0
20040115 202700,1.259300,1.259400,1.259200,1.259300,0
20040115 202800,1.259300,1.259700,1.259300,1.259600,0
20040115 202900,1.259700,1.259800,1.259600,1.259800,0
20040115 203000,1.259700,1.259900,1.259500,1.259500,0
20040115 203100,1.259500,1.259600,1.259200,1.259500,0
20040115 203200,1.259500,1.259500,1.259200,1.259500,0
20040115 203300,1.259500,1.259600,1.259500,1.259600,0
20040115 203400,1.259600,1.259800,1.259600,1.259800,0
20040115 203500,1.259700,1.259700,1.259500,1.259500,0
20040115 203600,1.259500,1.259600,1.259500,1.259600,0
20040115 203700,1.259600,1.259600,1.259400,1.259500,0
20040115 203800,1.259500,1.259500,1.259400,1.259500,0
20040115 203900,1.259500,1.259600,1.259400,1.259400,0
20040115 204000,1.259300,1.259300,1.259300,1.259300,0
20040115 204100,1.259300,1.259500,1.259300,1.259500,0
20040115 204200,1.259500,1.259500,1.259500,1.259500,0
20040115 204300,1.259500,1.259500,1.259400,1.259400,0
20040115 204400,1.259400,1.259500,1.259400,1.259400,0
20040115 204500,1.259400,1.259400,1.259400,1.259400,0
20040115 204600,1.259400,1.259400,1.259400,1.259400,0
20040115 204700,1.259400,1.259400,1.259200,1.259200,0
20040115 204800,1.259200,1.259200,1.259000,1.259000,0
20040115 204900,1.259000,1.259100,1.259000,1.259100,0
20040115 205000,1.259100,1.259100,1.259100,1.259100,0
20040115 205100,1.259100,1.259100,1.259100,1.259100,0
20040115 205200,1.259100,1.259100,1.259100,1.259100,0
20040115 205300,1.259100,1.259200,1.259100,1.259200,0
20040115 205400,1.259200,1.259400,1.259200,1.259300,0
20040115 205500,1.259300,1.259400,1.259300,1.259300,0
20040115 205600,1.259400,1.259500,1.259300,1.259400,0
20040115 205700,1.259400,1.259500,1.259300,1.259500,0
20040115 205800,1.259500,1.259600,1.259500,1.259600,0
20040115 205900,1.259600,1.259600,1.259500,1.259500,0
20040115 210000,1.259500,1.259600,1.259500,1.259600,0
20040115 210100,1.259600,1.259700,1.259600,1.259600,0
20040115 210200,1.259600,1.259800,1.259600,1.259700,0
20040115 210300,1.259700,1.259800,1.259600,1.259600,0
20040115 210400,1.259600,1.259600,1.259500,1.259500,0
20040115 210500,1.259500,1.259700,1.259500,1.259700,0
20040115 210600,1.259700,1.259700,1.259700,1.259700,0
20040115 210700,1.259700,1.259800,1.259600,1.259600,0
20040115 210800,1.259600,1.259600,1.259500,1.259600,0
20040115 210900,1.259600,1.259600,1.259500,1.259500,0
20040115 211000,1.259500,1.259500,1.259400,1.259500,0
20040115 211100,1.259500,1.259500,1.259500,1.259500,0
20040115 211200,1.259500,1.259500,1.259500,1.259500,0
20040115 211300,1.259500,1.259500,1.259400,1.259500,0
20040115 211400,1.259500,1.259500,1.259400,1.259500,0
20040115 211500,1.259500,1.259500,1.259500,1.259500,0
20040115 211600,1.259500,1.259500,1.259500,1.259500,0
20040115 211700,1.259500,1.259600,1.259500,1.259600,0
20040115 211800,1.259600,1.259800,1.259500,1.259800,0
20040115 211900,1.259800,1.259800,1.259600,1.259600,0
20040115 212000,1.259600,1.259600,1.259600,1.259600,0
20040115 212100,1.259600,1.259600,1.259600,1.259600,0
20040115 212200,1.259600,1.259600,1.259500,1.259500,0
20040115 212300,1.259500,1.259500,1.259500,1.259500,0
20040115 212400,1.259500,1.259600,1.259500,1.259500,0
20040115 212500,1.259500,1.259600,1.259500,1.259600,0
20040115 212600,1.259600,1.259600,1.259500,1.259500,0
20040115 212700,1.259500,1.259500,1.259400,1.259500,0
20040115 212800,1.259500,1.259500,1.259300,1.259500,0
20040115 212900,1.259500,1.259500,1.259300,1.259500,0
20040115 213000,1.259500,1.259500,1.259300,1.259300,0
20040115 213100,1.259300,1.259400,1.259300,1.259400,0
20040115 213200,1.259400,1.259400,1.259300,1.259300,0
20040115 213300,1.259300,1.259300,1.259300,1.259300,0
20040115 213400,1.259300,1.259400,1.259300,1.259400,0
20040115 213500,1.259400,1.259400,1.259300,1.259400,0
20040115 213600,1.259400,1.259400,1.259400,1.259400,0
20040115 213700,1.259400,1.259400,1.259400,1.259400,0
20040115 213800,1.259400,1.259400,1.259400,1.259400,0
20040115 213900,1.259400,1.259500,1.259400,1.259400,0
20040115 214000,1.259400,1.259400,1.259300,1.259400,0
20040115 214100,1.259400,1.259400,1.259300,1.259400,0
20040115 214200,1.259400,1.259500,1.259400,1.259500,0
20040115 214300,1.259500,1.259500,1.259400,1.259400,0
20040115 214400,1.259500,1.259500,1.259500,1.259500,0
20040115 214500,1.259500,1.259500,1.259400,1.259500,0
20040115 214600,1.259500,1.259500,1.259500,1.259500,0
20040115 214700,1.259500,1.259500,1.259400,1.259500,0
20040115 214800,1.259500,1.259500,1.259500,1.259500,0
20040115 214900,1.259500,1.259500,1.259500,1.259500,0
20040115 215000,1.259500,1.259500,1.259500,1.259500,0
20040115 215100,1.259500,1.259500,1.259400,1.259400,0
20040115 215200,1.259400,1.259500,1.259400,1.259400,0
20040115 215300,1.259400,1.259500,1.259400,1.259400,0
20040115 215400,1.259400,1.259400,1.259400,1.259400,0
20040115 215500,1.259400,1.259400,1.259400,1.259400,0
20040115 215600,1.259400,1.259400,1.259400,1.259400,0
20040115 215700,1.259400,1.259400,1.259400,1.259400,0
20040115 215800,1.259400,1.259400,1.259300,1.259400,0
20040115 215900,1.259400,1.259400,1.259300,1.259400,0
20040115 220000,1.259400,1.259400,1.259400,1.259400,0
20040115 220100,1.259400,1.259400,1.259400,1.259400,0
20040115 220200,1.259400,1.259400,1.259400,1.259400,0
20040115 220300,1.259400,1.259400,1.259400,1.259400,0
20040115 220400,1.259400,1.259400,1.259400,1.259400,0
20040115 220500,1.259400,1.259400,1.259400,1.259400,0
20040115 220600,1.259400,1.259500,1.259400,1.259500,0
20040115 220700,1.259500,1.259500,1.259500,1.259500,0
20040115 220800,1.259500,1.259600,1.259500,1.259600,0
20040115 220900,1.259600,1.259600,1.259500,1.259600,0
20040115 221000,1.259600,1.259700,1.259600,1.259700,0
20040115 221100,1.259700,1.259700,1.259600,1.259600,0
20040115 221200,1.259600,1.259600,1.259400,1.259500,0
20040115 221300,1.259500,1.259500,1.259500,1.259500,0
20040115 221400,1.259500,1.259600,1.259500,1.259600,0
20040115 221500,1.259600,1.259600,1.259600,1.259600,0
20040115 221600,1.259600,1.259700,1.259600,1.259600,0
20040115 221700,1.259600,1.259600,1.259600,1.259600,0
20040115 221800,1.259600,1.259600,1.259600,1.259600,0
20040115 221900,1.259600,1.259600,1.259600,1.259600,0
20040115 222000,1.259600,1.259600,1.259500,1.259500,0
20040115 222100,1.259600,1.259600,1.259600,1.259600,0
20040115 222200,1.259600,1.259600,1.259600,1.259600,0
20040115 222300,1.259600,1.259600,1.259400,1.259600,0
20040115 222400,1.259600,1.259700,1.259500,1.259700,0
20040115 222500,1.259700,1.259700,1.259600,1.259600,0
20040115 222600,1.259600,1.259600,1.259600,1.259600,0
20040115 222700,1.259600,1.259600,1.259600,1.259600,0
20040115 222800,1.259600,1.259600,1.259600,1.259600,0
20040115 222900,1.259600,1.259600,1.259500,1.259500,0
20040115 223000,1.259600,1.259600,1.259600,1.259600,0
20040115 223100,1.259600,1.259600,1.259500,1.259600,0
20040115 223200,1.259600,1.259600,1.259500,1.259600,0
20040115 223300,1.259600,1.259600,1.259600,1.259600,0
20040115 223400,1.259600,1.259600,1.259600,1.259600,0
20040115 223500,1.259600,1.259600,1.259600,1.259600,0
20040115 223600,1.259600,1.259600,1.259600,1.259600,0
20040115 223700,1.259600,1.259600,1.259600,1.259600,0
20040115 223800,1.259600,1.259600,1.259600,1.259600,0
20040115 223900,1.259600,1.259600,1.259500,1.259600,0
20040115 224000,1.259600,1.259600,1.259600,1.259600,0
20040115 224100,1.259600,1.259600,1.259600,1.259600,0
20040115 224200,1.259600,1.259600,1.259600,1.259600,0
20040115 224300,1.259600,1.259600,1.259600,1.259600,0
20040115 224400,1.259600,1.259600,1.259600,1.259600,0
20040115 224500,1.259600,1.259600,1.259600,1.259600,0
20040115 224600,1.259600,1.259600,1.259500,1.259600,0
20040115 224700,1.259600,1.259600,1.259500,1.259600,0
20040115 224800,1.259600,1.259600,1.259600,1.259600,0
20040115 224900,1.259600,1.259600,1.259600,1.259600,0
20040115 225000,1.259600,1.259700,1.259500,1.259500,0
20040115 225100,1.259500,1.259600,1.259500,1.259600,0
20040115 225200,1.259600,1.259600,1.259600,1.259600,0
20040115 225300,1.259600,1.259600,1.259600,1.259600,0
20040115 225400,1.259600,1.259600,1.259500,1.259500,0
20040115 225500,1.259500,1.259600,1.259500,1.259600,0
20040115 225600,1.259600,1.259600,1.259500,1.259500,0
20040115 225700,1.259500,1.259600,1.259500,1.259500,0
20040115 225800,1.259500,1.259500,1.259500,1.259500,0
20040115 225900,1.259500,1.259600,1.259500,1.259600,0
20040115 230000,1.259600,1.259700,1.259600,1.259700,0
20040115 230100,1.259700,1.259700,1.259600,1.259600,0
20040115 230200,1.259600,1.259600,1.259600,1.259600,0
20040115 230300,1.259600,1.259600,1.259500,1.259500,0
20040115 230400,1.259500,1.259500,1.259500,1.259500,0
20040115 230500,1.259500,1.259500,1.259400,1.259400,0
20040115 230600,1.259400,1.259500,1.259400,1.259500,0
20040115 230700,1.259500,1.259500,1.259500,1.259500,0
20040115 230800,1.259500,1.259500,1.259500,1.259500,0
20040115 230900,1.259500,1.259500,1.259500,1.259500,0
20040115 231000,1.259500,1.259500,1.259400,1.259400,0
20040115 231100,1.259400,1.259400,1.259400,1.259400,0
20040115 231200,1.259400,1.259400,1.259400,1.259400,0
20040115 231300,1.259400,1.259400,1.259300,1.259400,0
20040115 231400,1.259400,1.259400,1.259300,1.259300,0
20040115 231500,1.259300,1.259300,1.259300,1.259300,0
20040115 231600,1.259300,1.259300,1.259300,1.259300,0
20040115 231700,1.259300,1.259400,1.259300,1.259400,0
20040115 231800,1.259400,1.259400,1.259400,1.259400,0
20040115 231900,1.259400,1.259400,1.259400,1.259400,0
20040115 232000,1.259400,1.259400,1.259400,1.259400,0
20040115 232100,1.259400,1.259400,1.259300,1.259300,0
20040115 232200,1.259300,1.259300,1.259300,1.259300,0
20040115 232300,1.259300,1.259300,1.259300,1.259300,0
20040115 232400,1.259300,1.259300,1.259100,1.259100,0
20040115 232500,1.259100,1.259100,1.259100,1.259100,0
20040115 232600,1.259100,1.259200,1.259100,1.259100,0
20040115 232700,1.259100,1.259200,1.259100,1.259200,0
20040115 232800,1.259200,1.259400,1.259100,1.259400,0
20040115 232900,1.259400,1.259400,1.259400,1.259400,0
20040115 233000,1.259400,1.259400,1.259400,1.259400,0
20040115 233100,1.259400,1.259400,1.259300,1.259300,0
20040115 233200,1.259300,1.259400,1.259300,1.259300,0
20040115 233300,1.259300,1.259300,1.259300,1.259300,0
20040115 233400,1.259300,1.259300,1.259300,1.259300,0
20040115 233500,1.259300,1.259300,1.259300,1.259300,0
20040115 233600,1.259300,1.259300,1.259100,1.259100,0
20040115 233700,1.259100,1.259200,1.259100,1.259200,0
20040115 233800,1.259200,1.259200,1.259100,1.259100,0
20040115 233900,1.259100,1.259200,1.259100,1.259200,0
20040115 234000,1.259200,1.259200,1.259100,1.259200,0
20040115 234100,1.259200,1.259200,1.259100,1.259100,0
20040115 234200,1.259100,1.259300,1.259100,1.259300,0
20040115 234300,1.259300,1.259300,1.259100,1.259200,0
20040115 234400,1.259200,1.259200,1.259200,1.259200,0
20040115 234500,1.259200,1.259200,1.259000,1.259000,0
20040115 234600,1.259000,1.259100,1.259000,1.259000,0
20040115 234700,1.259000,1.259000,1.258600,1.258900,0
20040115 234800,1.258900,1.259100,1.258900,1.259000,0
20040115 234900,1.259000,1.259000,1.258900,1.258900,0
20040115 235000,1.258900,1.259000,1.258900,1.259000,0
20040115 235100,1.259000,1.259000,1.258900,1.259000,0
20040115 235200,1.259000,1.259000,1.259000,1.259000,0
20040115 235300,1.259000,1.259000,1.258800,1.258900,0
20040115 235400,1.258800,1.258800,1.258500,1.258600,0
20040115 235500,1.258600,1.258600,1.258400,1.258400,0
20040115 235600,1.258400,1.258700,1.258300,1.258600,0
20040115 235700,1.258600,1.258600,1.258400,1.258400,0
20040115 235800,1.258400,1.258400,1.257800,1.258200,0
20040115 235900,1.258200,1.258300,1.258200,1.258300,0
